{
    "animation": [
        {
            "name": "Root",
            "time": [0.0, 0.1667, 0.3333, 0.5, 0.6667, 0.8833, 1.3, 1.5, 1.6833, 1.8333, 1.9833, 2.1667],
            "transform": [
                [0.960981, -0.010068, -0.276429, 0.005401, -0.276233, -0.087242, -0.957123, 7.1e-05, -0.01448, 0.996136, -0.086619, 0.717057, 0.0, 0.0, 0.0, 1.0],
                [0.960981, -0.010068, -0.276429, 0.005401, -0.276233, -0.087242, -0.957123, 7.1e-05, -0.01448, 0.996136, -0.086619, 0.717057, 0.0, 0.0, 0.0, 1.0],
                [0.960981, -0.010068, -0.276429, 0.005401, -0.276233, -0.087242, -0.957123, 7.1e-05, -0.01448, 0.996136, -0.086619, 0.717057, 0.0, 0.0, 0.0, 1.0],
                [0.960981, -0.010068, -0.276429, 0.005401, -0.276233, -0.087242, -0.957123, 7.1e-05, -0.01448, 0.996136, -0.086619, 0.717057, 0.0, 0.0, 0.0, 1.0],
                [0.960981, -0.010068, -0.276429, 0.005401, -0.276233, -0.087242, -0.957123, 7.1e-05, -0.01448, 0.996136, -0.086619, 0.717057, 0.0, 0.0, 0.0, 1.0],
                [0.989235, 0.026888, 0.143843, 0.113493, 0.145617, -0.083604, -0.985802, 0.293332, -0.01448, 0.996136, -0.086619, 0.576425, 0.0, 0.0, 0.0, 1.0],
                [0.960981, -0.010068, -0.276429, 0.005401, -0.276233, -0.087242, -0.957123, 7.1e-05, -0.01448, 0.996136, -0.086619, 0.717057, 0.0, 0.0, 0.0, 1.0],
                [0.960981, -0.010068, -0.276429, 0.005401, -0.276233, -0.087242, -0.957123, 7.1e-05, -0.01448, 0.996136, -0.086619, 0.717057, 0.0, 0.0, 0.0, 1.0],
                [0.960981, -0.010068, -0.276429, 0.005401, -0.276233, -0.087242, -0.957123, 7.1e-05, -0.01448, 0.996136, -0.086619, 0.717057, 0.0, 0.0, 0.0, 1.0],
                [0.960981, -0.010068, -0.276429, 0.005401, -0.276233, -0.087242, -0.957123, 7.1e-05, -0.01448, 0.996136, -0.086619, 0.717057, 0.0, 0.0, 0.0, 1.0],
                [0.960981, -0.010068, -0.276429, 0.005401, -0.276233, -0.087242, -0.957123, 7.1e-05, -0.01448, 0.996136, -0.086619, 0.717057, 0.0, 0.0, 0.0, 1.0],
                [0.960981, -0.010068, -0.276429, 0.005401, -0.276233, -0.087242, -0.957123, 7.1e-05, -0.01448, 0.996136, -0.086619, 0.717057, 0.0, 0.0, 0.0, 1.0]
            ]
        },
        {
            "name": "Thigh_R",
            "time": [0.0, 0.1667, 0.3333, 0.5, 0.6667, 0.8833, 1.3, 1.5, 1.6833, 1.8333, 1.9833, 2.1667],
            "transform": [
                [0.990558, 0.131259, -0.039569, 0.124994, 0.137092, -0.947286, 0.289576, -0.002831, 0.000526, -0.292266, -0.956337, -1.2e-05, 0.0, 0.0, 0.0, 1.0],
                [0.990558, 0.131259, -0.039569, 0.124994, 0.137092, -0.947286, 0.289576, -0.002831, 0.000526, -0.292266, -0.956337, -1.2e-05, 0.0, 0.0, 0.0, 1.0],
                [0.990558, 0.131259, -0.039569, 0.124994, 0.137092, -0.947286, 0.289576, -0.002831, 0.000526, -0.292266, -0.956337, -1.2e-05, 0.0, 0.0, 0.0, 1.0],
                [0.982564, 0.149921, -0.10996, 0.124994, 0.175062, -0.945201, 0.275586, -0.002831, -0.062618, -0.290031, -0.954966, -1.2e-05, 0.0, 0.0, 0.0, 1.0],
                [0.953775, 0.191737, -0.231409, 0.124994, 0.242319, -0.946113, 0.214828, -0.002831, -0.177748, -0.260973, -0.948841, -1.2e-05, 0.0, 0.0, 0.0, 1.0],
                [0.834754, 0.312657, 0.453245, 0.124994, 0.429906, -0.884403, -0.181692, -0.002831, 0.344044, 0.346521, -0.872672, -1.2e-05, 0.0, 0.0, 0.0, 1.0],
                [0.953775, 0.191737, -0.231409, 0.124994, 0.242319, -0.946113, 0.214828, -0.002831, -0.177748, -0.260973, -0.948841, -1.2e-05, 0.0, 0.0, 0.0, 1.0],
                [0.953775, 0.191737, -0.231409, 0.124994, 0.242319, -0.946113, 0.214828, -0.002831, -0.177748, -0.260973, -0.948841, -1.2e-05, 0.0, 0.0, 0.0, 1.0],
                [0.953775, 0.191737, -0.231409, 0.124994, 0.242319, -0.946113, 0.214828, -0.002831, -0.177748, -0.260973, -0.948841, -1.2e-05, 0.0, 0.0, 0.0, 1.0],
                [0.977588, 0.158664, -0.138373, 0.124994, 0.19075, -0.945673, 0.26328, -0.002831, -0.089083, -0.283774, -0.954744, -1.2e-05, 0.0, 0.0, 0.0, 1.0],
                [0.990558, 0.131259, -0.039569, 0.124994, 0.137092, -0.947286, 0.289576, -0.002831, 0.000526, -0.292266, -0.956337, -1.2e-05, 0.0, 0.0, 0.0, 1.0],
                [0.990558, 0.131259, -0.039569, 0.124994, 0.137092, -0.947286, 0.289576, -0.002831, 0.000526, -0.292266, -0.956337, -1.2e-05, 0.0, 0.0, 0.0, 1.0]
            ]
        },
        {
            "name": "Leg_R",
            "time": [0.0, 0.1667, 0.3333, 0.5, 0.6667, 0.8833, 1.3, 1.5, 1.6833, 1.8333, 1.9833, 2.1667],
            "transform": [
                [1.0, -1e-06, 1e-06, 0.0, -0.0, 0.667784, 0.744355, 0.374726, -1e-06, -0.744356, 0.667784, -0.0, 0.0, 0.0, 0.0, 1.0],
                [1.0, -1e-06, 1e-06, 0.0, -0.0, 0.667784, 0.744355, 0.374726, -1e-06, -0.744356, 0.667784, -0.0, 0.0, 0.0, 0.0, 1.0],
                [1.0, -1e-06, 1e-06, 0.0, -0.0, 0.667784, 0.744355, 0.374726, -1e-06, -0.744356, 0.667784, -0.0, 0.0, 0.0, 0.0, 1.0],
                [1.0, -1e-06, 1e-06, -0.0, -0.0, 0.688885, 0.724871, 0.374726, -1e-06, -0.724871, 0.688885, -0.0, 0.0, 0.0, 0.0, 1.0],
                [1.0, -0.0, 1e-06, -0.0, -0.0, 0.747928, 0.663779, 0.374726, -1e-06, -0.66378, 0.747928, 0.0, 0.0, 0.0, 0.0, 1.0],
                [1.0, -1e-06, 1e-06, -0.0, -0.0, 0.523765, 0.851863, 0.374726, -1e-06, -0.851863, 0.523765, -0.0, 0.0, 0.0, 0.0, 1.0],
                [1.0, -0.0, 1e-06, -0.0, -0.0, 0.747928, 0.663779, 0.374726, -1e-06, -0.66378, 0.747928, 0.0, 0.0, 0.0, 0.0, 1.0],
                [1.0, -0.0, 1e-06, -0.0, -0.0, 0.747928, 0.663779, 0.374726, -1e-06, -0.66378, 0.747928, 0.0, 0.0, 0.0, 0.0, 1.0],
                [1.0, -0.0, 1e-06, -0.0, -0.0, 0.747928, 0.663779, 0.374726, -1e-06, -0.66378, 0.747928, 0.0, 0.0, 0.0, 0.0, 1.0],
                [1.0, -1e-06, 1e-06, -0.0, -0.0, 0.700308, 0.713841, 0.374726, -1e-06, -0.713841, 0.700308, -0.0, 0.0, 0.0, 0.0, 1.0],
                [1.0, -1e-06, 1e-06, 0.0, -0.0, 0.667784, 0.744355, 0.374726, -1e-06, -0.744356, 0.667784, -0.0, 0.0, 0.0, 0.0, 1.0],
                [1.0, -1e-06, 1e-06, 0.0, -0.0, 0.667784, 0.744355, 0.374726, -1e-06, -0.744356, 0.667784, -0.0, 0.0, 0.0, 0.0, 1.0]
            ]
        },
        {
            "name": "Knee_R",
            "time": [0.0, 2.1667],
            "transform": [
                [1.0, 0.0, -0.0, 0.0, -0.0, 0.00567, -0.999984, 0.406725, -0.0, 0.999984, 0.00567, -0.000181, 0.0, 0.0, 0.0, 1.0],
                [1.0, 0.0, -0.0, 0.0, -0.0, 0.00567, -0.999984, 0.406725, -0.0, 0.999984, 0.00567, -0.000181, 0.0, 0.0, 0.0, 1.0]
            ]
        },
        {
            "name": "Thigh_L",
            "time": [0.0, 0.1667, 0.3333, 0.5, 0.6667, 0.8833, 1.3, 1.5, 1.6833, 1.8333, 1.9833, 2.1667],
            "transform": [
                [0.980296, -0.183797, -0.072377, -0.125006, -0.16006, -0.953807, 0.25423, -0.002831, -0.11576, -0.237636, -0.964432, -1.2e-05, 0.0, 0.0, 0.0, 1.0],
                [0.980296, -0.183797, -0.072377, -0.125006, -0.16006, -0.953807, 0.25423, -0.002831, -0.11576, -0.237636, -0.964432, -1.2e-05, 0.0, 0.0, 0.0, 1.0],
                [0.980296, -0.183797, -0.072377, -0.125006, -0.16006, -0.953807, 0.25423, -0.002831, -0.11576, -0.237636, -0.964432, -1.2e-05, 0.0, 0.0, 0.0, 1.0],
                [0.980296, -0.183797, -0.072377, -0.125006, -0.16006, -0.953807, 0.25423, -0.002831, -0.11576, -0.237636, -0.964432, -1.2e-05, 0.0, 0.0, 0.0, 1.0],
                [0.980296, -0.183797, -0.072377, -0.125006, -0.16006, -0.953807, 0.25423, -0.002831, -0.11576, -0.237636, -0.964432, -1.2e-05, 0.0, 0.0, 0.0, 1.0],
                [0.89084, -0.4536, 0.025515, -0.125006, -0.374197, -0.70073, 0.607415, -0.002831, -0.257644, -0.550658, -0.793975, -1.2e-05, 0.0, 0.0, 0.0, 1.0],
                [0.980296, -0.183797, -0.072377, -0.125006, -0.16006, -0.953807, 0.25423, -0.002831, -0.11576, -0.237636, -0.964432, -1.2e-05, 0.0, 0.0, 0.0, 1.0],
                [0.980296, -0.183797, -0.072377, -0.125006, -0.16006, -0.953807, 0.25423, -0.002831, -0.11576, -0.237636, -0.964432, -1.2e-05, 0.0, 0.0, 0.0, 1.0],
                [0.980296, -0.183797, -0.072377, -0.125006, -0.16006, -0.953807, 0.25423, -0.002831, -0.11576, -0.237636, -0.964432, -1.2e-05, 0.0, 0.0, 0.0, 1.0],
                [0.980296, -0.183797, -0.072377, -0.125006, -0.16006, -0.953807, 0.25423, -0.002831, -0.11576, -0.237636, -0.964432, -1.2e-05, 0.0, 0.0, 0.0, 1.0],
                [0.980296, -0.183797, -0.072377, -0.125006, -0.16006, -0.953807, 0.25423, -0.002831, -0.11576, -0.237636, -0.964432, -1.2e-05, 0.0, 0.0, 0.0, 1.0],
                [0.980296, -0.183797, -0.072377, -0.125006, -0.16006, -0.953807, 0.25423, -0.002831, -0.11576, -0.237636, -0.964432, -1.2e-05, 0.0, 0.0, 0.0, 1.0]
            ]
        },
        {
            "name": "Leg_L",
            "time": [0.0, 0.1667, 0.3333, 0.5, 0.6667, 0.8833, 1.3, 1.5, 1.6833, 1.8333, 1.9833, 2.1667],
            "transform": [
                [1.0, -0.0, 1e-06, -0.0, -0.0, 0.810148, 0.586225, 0.374726, -1e-06, -0.586225, 0.810148, -0.0, 0.0, 0.0, 0.0, 1.0],
                [1.0, -0.0, 1e-06, -0.0, -0.0, 0.810148, 0.586225, 0.374726, -1e-06, -0.586225, 0.810148, -0.0, 0.0, 0.0, 0.0, 1.0],
                [1.0, -0.0, 1e-06, -0.0, -0.0, 0.810148, 0.586225, 0.374726, -1e-06, -0.586225, 0.810148, -0.0, 0.0, 0.0, 0.0, 1.0],
                [1.0, -0.0, 1e-06, -0.0, -0.0, 0.810148, 0.586225, 0.374726, -1e-06, -0.586225, 0.810148, -0.0, 0.0, 0.0, 0.0, 1.0],
                [1.0, -0.0, 1e-06, -0.0, -0.0, 0.810148, 0.586225, 0.374726, -1e-06, -0.586225, 0.810148, -0.0, 0.0, 0.0, 0.0, 1.0],
                [1.0, -1e-06, 0.0, 0.0, -0.0, 0.06358, 0.997977, 0.374726, -1e-06, -0.997977, 0.06358, -0.0, 0.0, 0.0, 0.0, 1.0],
                [1.0, -0.0, 1e-06, -0.0, -0.0, 0.810148, 0.586225, 0.374726, -1e-06, -0.586225, 0.810148, -0.0, 0.0, 0.0, 0.0, 1.0],
                [1.0, -0.0, 1e-06, -0.0, -0.0, 0.810148, 0.586225, 0.374726, -1e-06, -0.586225, 0.810148, -0.0, 0.0, 0.0, 0.0, 1.0],
                [1.0, -0.0, 1e-06, -0.0, -0.0, 0.810148, 0.586225, 0.374726, -1e-06, -0.586225, 0.810148, -0.0, 0.0, 0.0, 0.0, 1.0],
                [1.0, -0.0, 1e-06, -0.0, -0.0, 0.810148, 0.586225, 0.374726, -1e-06, -0.586225, 0.810148, -0.0, 0.0, 0.0, 0.0, 1.0],
                [1.0, -0.0, 1e-06, -0.0, -0.0, 0.810148, 0.586225, 0.374726, -1e-06, -0.586225, 0.810148, -0.0, 0.0, 0.0, 0.0, 1.0],
                [1.0, -0.0, 1e-06, -0.0, -0.0, 0.810148, 0.586225, 0.374726, -1e-06, -0.586225, 0.810148, -0.0, 0.0, 0.0, 0.0, 1.0]
            ]
        },
        {
            "name": "Knee_L",
            "time": [0.0, 2.1667],
            "transform": [
                [1.0, 0.0, -0.0, 0.0, -0.0, 0.00567, -0.999984, 0.384333, -0.0, 0.999984, 0.00567, -5.5e-05, 0.0, 0.0, 0.0, 1.0],
                [1.0, 0.0, -0.0, 0.0, -0.0, 0.00567, -0.999984, 0.384333, -0.0, 0.999984, 0.00567, -5.5e-05, 0.0, 0.0, 0.0, 1.0]
            ]
        },
        {
            "name": "Torso",
            "time": [0.0, 0.1667, 0.3333, 0.5, 0.6667, 0.8833, 1.3, 1.5, 1.6833, 1.8333, 1.9833, 2.1667],
            "transform": [
                [1.0, 0.0, 0.0, 0.0, 0.0, 1.0, 0.0, 0.05, -0.0, -0.0, 1.0, 0.0, 0.0, 0.0, 0.0, 1.0],
                [1.0, 0.0, 0.0, 0.0, 0.0, 1.0, 0.0, 0.05, -0.0, -0.0, 1.0, 0.0, 0.0, 0.0, 0.0, 1.0],
                [1.0, 0.0, 0.0, 0.0, 0.0, 1.0, 0.0, 0.05, -0.0, -0.0, 1.0, 0.0, 0.0, 0.0, 0.0, 1.0],
                [1.0, 0.0, 0.0, 0.0, 0.0, 1.0, 0.0, 0.05, -0.0, -0.0, 1.0, 0.0, 0.0, 0.0, 0.0, 1.0],
                [1.0, 0.0, 0.0, 0.0, 0.0, 1.0, 0.0, 0.05, -0.0, -0.0, 1.0, 0.0, 0.0, 0.0, 0.0, 1.0],
                [1.0, -0.0, -0.0, -0.0, 0.0, 1.0, 0.0, 0.05, 0.0, -0.0, 1.0, 0.0, 0.0, 0.0, 0.0, 1.0],
                [1.0, 0.0, 0.0, 0.0, 0.0, 1.0, 0.0, 0.05, -0.0, -0.0, 1.0, 0.0, 0.0, 0.0, 0.0, 1.0],
                [1.0, 0.0, 0.0, 0.0, 0.0, 1.0, 0.0, 0.05, -0.0, -0.0, 1.0, 0.0, 0.0, 0.0, 0.0, 1.0],
                [1.0, 0.0, 0.0, 0.0, 0.0, 1.0, 0.0, 0.05, -0.0, -0.0, 1.0, 0.0, 0.0, 0.0, 0.0, 1.0],
                [1.0, 0.0, 0.0, 0.0, 0.0, 1.0, 0.0, 0.05, -0.0, -0.0, 1.0, 0.0, 0.0, 0.0, 0.0, 1.0],
                [1.0, 0.0, 0.0, 0.0, 0.0, 1.0, 0.0, 0.05, -0.0, -0.0, 1.0, 0.0, 0.0, 0.0, 0.0, 1.0],
                [1.0, 0.0, 0.0, 0.0, 0.0, 1.0, 0.0, 0.05, -0.0, -0.0, 1.0, 0.0, 0.0, 0.0, 0.0, 1.0]
            ]
        },
        {
            "name": "Chest",
            "time": [0.0, 0.1667, 0.3333, 0.5, 0.6667, 0.8833, 1.3, 1.5, 1.6833, 1.8333, 1.9833, 2.1667],
            "transform": [
                [0.99877, -0.049439, -0.003702, 0.0, 0.049439, 0.987625, 0.148839, 0.3, -0.003702, -0.148839, 0.988855, -0.0, 0.0, 0.0, 0.0, 1.0],
                [0.99877, -0.049439, -0.003702, 0.0, 0.049439, 0.987625, 0.148839, 0.3, -0.003702, -0.148839, 0.988855, -0.0, 0.0, 0.0, 0.0, 1.0],
                [0.99877, -0.049439, -0.003702, 0.0, 0.049439, 0.987625, 0.148839, 0.3, -0.003702, -0.148839, 0.988855, -0.0, 0.0, 0.0, 0.0, 1.0],
                [0.99877, -0.049439, -0.003702, 0.0, 0.049439, 0.987625, 0.148839, 0.3, -0.003702, -0.148839, 0.988855, -0.0, 0.0, 0.0, 0.0, 1.0],
                [0.99877, -0.049439, -0.003702, 0.0, 0.049439, 0.987625, 0.148839, 0.3, -0.003702, -0.148839, 0.988855, -0.0, 0.0, 0.0, 0.0, 1.0],
                [0.997098, -0.075704, -0.008009, 0.0, 0.075287, 0.965044, 0.251044, 0.3, -0.011276, -0.250918, 0.967943, 0.0, 0.0, 0.0, 0.0, 1.0],
                [0.99877, -0.049439, -0.003702, 0.0, 0.049439, 0.987625, 0.148839, 0.3, -0.003702, -0.148839, 0.988855, -0.0, 0.0, 0.0, 0.0, 1.0],
                [0.99877, -0.049439, -0.003702, 0.0, 0.049439, 0.987625, 0.148839, 0.3, -0.003702, -0.148839, 0.988855, -0.0, 0.0, 0.0, 0.0, 1.0],
                [0.99877, -0.049439, -0.003702, 0.0, 0.049439, 0.987625, 0.148839, 0.3, -0.003702, -0.148839, 0.988855, -0.0, 0.0, 0.0, 0.0, 1.0],
                [0.99877, -0.049439, -0.003702, 0.0, 0.049439, 0.987625, 0.148839, 0.3, -0.003702, -0.148839, 0.988855, -0.0, 0.0, 0.0, 0.0, 1.0],
                [0.99877, -0.049439, -0.003702, 0.0, 0.049439, 0.987625, 0.148839, 0.3, -0.003702, -0.148839, 0.988855, -0.0, 0.0, 0.0, 0.0, 1.0],
                [0.99877, -0.049439, -0.003702, 0.0, 0.049439, 0.987625, 0.148839, 0.3, -0.003702, -0.148839, 0.988855, -0.0, 0.0, 0.0, 0.0, 1.0]
            ]
        },
        {
            "name": "Head",
            "time": [0.0, 0.1667, 0.3333, 0.5, 0.6667, 0.8833, 1.3, 1.5, 1.6833, 1.8333, 1.9833, 2.1667],
            "transform": [
                [0.985647, 0.014967, 0.168157, 0.0, -0.015811, 0.999868, 0.003681, 0.4, -0.16808, -0.006287, 0.985753, 0.0, 0.0, 0.0, 0.0, 1.0],
                [0.985017, 0.05759, 0.162555, 0.0, -0.033184, 0.988274, -0.14904, 0.4, -0.169233, 0.141413, 0.975378, 0.0, 0.0, 0.0, 0.0, 1.0],
                [0.983655, 0.098839, 0.150511, 0.0, -0.050154, 0.953192, -0.298176, 0.4, -0.172938, 0.285754, 0.94257, 0.0, 0.0, 0.0, 0.0, 1.0],
                [0.985028, 0.058341, 0.162222, 0.0, -0.032369, 0.986851, -0.158361, 0.4, -0.169328, 0.150739, 0.973964, 0.0, 0.0, 0.0, 0.0, 1.0],
                [0.985647, 0.014967, 0.168157, 0.0, -0.015811, 0.999868, 0.003681, 0.4, -0.16808, -0.006287, 0.985753, 0.0, 0.0, 0.0, 0.0, 1.0],
                [0.966609, 0.089163, -0.240245, -0.0, -0.083955, 0.995961, 0.031848, 0.4, 0.242114, -0.010615, 0.97019, 0.0, 0.0, 0.0, 0.0, 1.0],
                [0.985647, 0.014967, 0.168157, 0.0, -0.015811, 0.999868, 0.003681, 0.4, -0.16808, -0.006287, 0.985753, 0.0, 0.0, 0.0, 0.0, 1.0],
                [0.985647, 0.014967, 0.168157, 0.0, -0.015811, 0.999868, 0.003681, 0.4, -0.16808, -0.006287, 0.985753, 0.0, 0.0, 0.0, 0.0, 1.0],
                [0.985647, 0.014967, 0.168157, 0.0, -0.015811, 0.999868, 0.003681, 0.4, -0.16808, -0.006287, 0.985753, 0.0, 0.0, 0.0, 0.0, 1.0],
                [0.985017, 0.05759, 0.162555, 0.0, -0.033184, 0.988274, -0.14904, 0.4, -0.169233, 0.141413, 0.975378, 0.0, 0.0, 0.0, 0.0, 1.0],
                [0.983655, 0.098839, 0.150511, 0.0, -0.050154, 0.953192, -0.298176, 0.4, -0.172938, 0.285754, 0.94257, 0.0, 0.0, 0.0, 0.0, 1.0],
                [0.985647, 0.014967, 0.168157, 0.0, -0.015811, 0.999868, 0.003681, 0.4, -0.16808, -0.006287, 0.985753, 0.0, 0.0, 0.0, 0.0, 1.0]
            ]
        },
        {
            "name": "Shoulder_R",
            "time": [0.0, 0.1667, 0.3333, 0.5, 0.6667, 0.8833, 1.3, 1.5, 1.6833, 1.8333, 1.9833, 2.1667],
            "transform": [
                [0.0, 0.952114, 0.305743, 0.0, 0.0, -0.305743, 0.952114, 0.4, 1.0, -0.0, -0.0, 0.0, 0.0, 0.0, 0.0, 1.0],
                [0.0, 0.952114, 0.305743, 0.0, 0.0, -0.305743, 0.952114, 0.4, 1.0, -0.0, -0.0, 0.0, 0.0, 0.0, 0.0, 1.0],
                [0.0, 0.952114, 0.305743, 0.0, 0.0, -0.305743, 0.952114, 0.4, 1.0, -0.0, -0.0, 0.0, 0.0, 0.0, 0.0, 1.0],
                [0.0, 0.952114, 0.305743, 0.0, 0.0, -0.305743, 0.952114, 0.4, 1.0, -0.0, -0.0, 0.0, 0.0, 0.0, 0.0, 1.0],
                [0.0, 0.952114, 0.305743, 0.0, 0.0, -0.305743, 0.952114, 0.4, 1.0, -0.0, -0.0, 0.0, 0.0, 0.0, 0.0, 1.0],
                [0.0, 0.952114, 0.305743, -0.0, 0.0, -0.305743, 0.952114, 0.4, 1.0, 0.0, -0.0, 0.0, 0.0, 0.0, 0.0, 1.0],
                [0.0, 0.952114, 0.305743, 0.0, 0.0, -0.305743, 0.952114, 0.4, 1.0, -0.0, -0.0, 0.0, 0.0, 0.0, 0.0, 1.0],
                [0.0, 0.952114, 0.305743, 0.0, 0.0, -0.305743, 0.952114, 0.4, 1.0, -0.0, -0.0, 0.0, 0.0, 0.0, 0.0, 1.0],
                [0.0, 0.952114, 0.305743, 0.0, 0.0, -0.305743, 0.952114, 0.4, 1.0, -0.0, -0.0, 0.0, 0.0, 0.0, 0.0, 1.0],
                [0.0, 0.952114, 0.305743, 0.0, 0.0, -0.305743, 0.952114, 0.4, 1.0, -0.0, -0.0, 0.0, 0.0, 0.0, 0.0, 1.0],
                [0.0, 0.952114, 0.305743, 0.0, 0.0, -0.305743, 0.952114, 0.4, 1.0, -0.0, -0.0, 0.0, 0.0, 0.0, 0.0, 1.0],
                [0.0, 0.952114, 0.305743, 0.0, 0.0, -0.305743, 0.952114, 0.4, 1.0, -0.0, -0.0, 0.0, 0.0, 0.0, 0.0, 1.0]
            ]
        },
        {
            "name": "Arm_R",
            "time": [0.0, 0.1667, 0.3333, 0.5, 0.6667, 0.8833, 1.3, 1.5, 1.6833, 1.8333, 1.9833, 2.1667],
            "transform": [
                [-0.029742, -0.33575, -0.941482, -0.0, 0.827912, 0.519486, -0.211413, 0.393861, 0.560069, -0.785752, 0.26252, 0.0, 0.0, 0.0, 0.0, 1.0],
                [0.071955, -0.66648, -0.742043, -0.0, 0.806415, 0.476687, -0.349948, 0.393861, 0.586956, -0.573214, 0.571759, 0.0, 0.0, 0.0, 0.0, 1.0],
                [0.161268, -0.984467, -0.069409, -0.0, 0.779638, 0.170204, -0.602657, 0.393861, 0.60511, 0.043076, 0.794976, 0.0, 0.0, 0.0, 0.0, 1.0],
                [-0.203959, -0.585914, -0.784287, -0.0, 0.85363, 0.285777, -0.435486, 0.393861, 0.479288, -0.758312, 0.441867, 0.0, 0.0, 0.0, 0.0, 1.0],
                [-0.630133, -0.343012, -0.696618, -0.0, 0.699524, 0.138645, -0.701031, 0.393861, 0.337044, -0.929043, 0.15258, 0.0, 0.0, 0.0, 0.0, 1.0],
                [0.20525, -0.792789, -0.573898, 0.0, 0.874696, 0.411652, -0.255832, 0.39386, 0.439067, -0.449477, 0.77794, 0.0, 0.0, 0.0, 0.0, 1.0],
                [-0.630133, -0.343012, -0.696618, -0.0, 0.699524, 0.138645, -0.701031, 0.393861, 0.337044, -0.929043, 0.15258, 0.0, 0.0, 0.0, 0.0, 1.0],
                [-0.630133, -0.343012, -0.696618, -0.0, 0.699524, 0.138645, -0.701031, 0.393861, 0.337044, -0.929043, 0.15258, 0.0, 0.0, 0.0, 0.0, 1.0],
                [-0.630133, -0.343012, -0.696618, -0.0, 0.699524, 0.138645, -0.701031, 0.393861, 0.337044, -0.929043, 0.15258, 0.0, 0.0, 0.0, 0.0, 1.0],
                [-0.208046, -0.580321, -0.787366, -0.0, 0.852555, 0.286988, -0.436793, 0.393861, 0.479444, -0.762146, 0.435049, 0.0, 0.0, 0.0, 0.0, 1.0],
                [0.161268, -0.984467, -0.069409, -0.0, 0.779638, 0.170204, -0.602657, 0.393861, 0.60511, 0.043076, 0.794976, 0.0, 0.0, 0.0, 0.0, 1.0],
                [-0.029742, -0.33575, -0.941482, -0.0, 0.827912, 0.519486, -0.211413, 0.393861, 0.560069, -0.785752, 0.26252, 0.0, 0.0, 0.0, 0.0, 1.0]
            ]
        },
        {
            "name": "Hand_R",
            "time": [0.0, 0.1667, 0.3333, 0.5, 0.6667, 0.8833, 1.3, 1.5, 1.6833, 1.8333, 1.9833, 2.1667],
            "transform": [
                [1.0, -3e-06, 2e-06, 0.0, 3e-06, 0.542115, -0.840304, 0.300003, 2e-06, 0.840304, 0.542115, -0.0, 0.0, 0.0, 0.0, 1.0],
                [1.0, -3e-06, 2e-06, -0.0, 3e-06, 0.42919, -0.903215, 0.300003, 2e-06, 0.903214, 0.42919, -0.0, 0.0, 0.0, 0.0, 1.0],
                [1.0, -1e-06, 0.0, 0.0, 1e-06, 0.945521, -0.325562, 0.300003, 0.0, 0.325562, 0.945521, -0.0, 0.0, 0.0, 0.0, 1.0],
                [1.0, -3e-06, 3e-06, -0.0, 3e-06, 0.274656, -0.961542, 0.300003, 2e-06, 0.961543, 0.274656, 0.0, 0.0, 0.0, 0.0, 1.0],
                [1.0, -2e-06, 1e-06, 0.0, 2e-06, 0.771999, -0.635624, 0.300003, 1e-06, 0.635624, 0.771999, 0.0, 0.0, 0.0, 0.0, 1.0],
                [1.0, -1e-06, 0.0, -0.0, 1e-06, 0.962393, -0.271662, 0.300002, 0.0, 0.271662, 0.962393, 0.0, 0.0, 0.0, 0.0, 1.0],
                [1.0, -2e-06, 1e-06, 0.0, 2e-06, 0.771999, -0.635624, 0.300003, 1e-06, 0.635624, 0.771999, 0.0, 0.0, 0.0, 0.0, 1.0],
                [1.0, -2e-06, 1e-06, 0.0, 2e-06, 0.771999, -0.635624, 0.300003, 1e-06, 0.635624, 0.771999, 0.0, 0.0, 0.0, 0.0, 1.0],
                [1.0, -2e-06, 1e-06, 0.0, 2e-06, 0.771999, -0.635624, 0.300003, 1e-06, 0.635624, 0.771999, 0.0, 0.0, 0.0, 0.0, 1.0],
                [1.0, -3e-06, 3e-06, -0.0, 3e-06, 0.292951, -0.956127, 0.300003, 2e-06, 0.956128, 0.292951, -0.0, 0.0, 0.0, 0.0, 1.0],
                [1.0, -1e-06, 0.0, 0.0, 1e-06, 0.945521, -0.325562, 0.300003, 0.0, 0.325562, 0.945521, -0.0, 0.0, 0.0, 0.0, 1.0],
                [1.0, -3e-06, 2e-06, 0.0, 3e-06, 0.542115, -0.840304, 0.300003, 2e-06, 0.840304, 0.542115, -0.0, 0.0, 0.0, 0.0, 1.0]
            ]
        },
        {
            "name": "Tool_R",
            "time": [0.0, 0.1667, 0.3333, 0.5, 0.6667, 0.8833, 1.3, 1.5, 1.6833, 1.8333, 1.9833, 2.1667],
            "transform": [
                [0.998375, 0.037404, 0.04298, -0.002749, 0.040798, -0.995877, -0.081025, 0.227725, 0.039772, 0.082647, -0.995785, 0.067985, 0.0, 0.0, 0.0, 1.0],
                [0.789355, -0.132347, 0.599502, 0.16098, -0.290777, -0.940611, 0.175211, 0.439838, 0.54071, -0.312625, -0.78096, 0.808977, 0.0, 0.0, 0.0, 1.0],
                [-0.163375, 0.143145, 0.976124, 0.32471, -0.689804, -0.723937, -0.009291, 0.65195, 0.705322, -0.674852, 0.217015, 1.549969, 0.0, 0.0, 0.0, 1.0],
                [-0.854473, 0.18784, 0.484347, 0.196695, -0.399024, -0.83432, -0.380381, 0.514033, 0.33265, -0.518292, 0.787857, 1.411464, 0.0, 0.0, 0.0, 1.0],
                [-0.988377, 0.087515, -0.124308, -0.142101, -0.018549, -0.880996, -0.472759, 0.137246, -0.150888, -0.464959, 0.87238, 1.158092, 0.0, 0.0, 0.0, 1.0],
                [-0.66501, 0.726154, -0.174536, -0.547706, -0.550164, -0.634364, -0.543049, -0.32846, -0.505056, -0.265109, 0.821362, 0.995138, 0.0, 0.0, 0.0, 1.0],
                [-0.988377, 0.087515, -0.124308, -0.142101, -0.018549, -0.880996, -0.472759, 0.137246, -0.150888, -0.464959, 0.87238, 1.158092, 0.0, 0.0, 0.0, 1.0],
                [-0.988377, 0.087515, -0.124308, -0.142101, -0.018549, -0.880996, -0.472759, 0.137246, -0.150888, -0.464959, 0.87238, 1.158092, 0.0, 0.0, 0.0, 1.0],
                [-0.988377, 0.087515, -0.124308, -0.142101, -0.018549, -0.880996, -0.472759, 0.137246, -0.150888, -0.464959, 0.87238, 1.158092, 0.0, 0.0, 0.0, 1.0],
                [-0.904667, 0.230515, 0.358386, 0.084432, -0.375059, -0.829953, -0.412927, 0.289688, 0.202258, -0.507978, 0.837288, 1.279048, 0.0, 0.0, 0.0, 1.0],
                [-0.163375, 0.143145, 0.976124, 0.310964, -0.689804, -0.723937, -0.009291, 0.442129, 0.705322, -0.674852, 0.217015, 1.400004, 0.0, 0.0, 0.0, 1.0],
                [0.998375, 0.037404, 0.04298, -0.002749, 0.040798, -0.995877, -0.081025, 0.227725, 0.039772, 0.082647, -0.995785, 0.067985, 0.0, 0.0, 0.0, 1.0]
            ]
        },
        {
            "name": "Elbow_R",
            "time": [0.0, 2.1667],
            "transform": [
                [-1.0, 0.0, -0.0, 0.0, -0.0, 0.003946, -0.999992, 0.392706, -0.0, -0.999992, -0.003946, -0.000887, 0.0, 0.0, 0.0, 1.0],
                [-1.0, 0.0, -0.0, 0.0, -0.0, 0.003946, -0.999992, 0.392706, -0.0, -0.999992, -0.003946, -0.000887, 0.0, 0.0, 0.0, 1.0]
            ]
        },
        {
            "name": "Shoulder_L",
            "time": [0.0, 0.1667, 0.3333, 0.5, 0.6667, 0.8833, 1.3, 1.5, 1.6833, 1.8333, 1.9833, 2.1667],
            "transform": [
                [0.606392, -0.769722, -0.19954, 0.0, -0.034258, -0.275998, 0.960548, 0.4, -0.794427, -0.575633, -0.193733, 0.0, 0.0, 0.0, 0.0, 1.0],
                [0.606392, -0.769722, -0.19954, 0.0, -0.034258, -0.275998, 0.960548, 0.4, -0.794427, -0.575633, -0.193733, 0.0, 0.0, 0.0, 0.0, 1.0],
                [0.606392, -0.769722, -0.19954, 0.0, -0.034258, -0.275998, 0.960548, 0.4, -0.794427, -0.575633, -0.193733, 0.0, 0.0, 0.0, 0.0, 1.0],
                [0.606392, -0.769722, -0.19954, 0.0, -0.034258, -0.275998, 0.960548, 0.4, -0.794427, -0.575633, -0.193733, 0.0, 0.0, 0.0, 0.0, 1.0],
                [0.606392, -0.769722, -0.19954, 0.0, -0.034258, -0.275998, 0.960548, 0.4, -0.794427, -0.575633, -0.193733, 0.0, 0.0, 0.0, 0.0, 1.0],
                [0.606392, -0.769722, -0.19954, -0.0, -0.034258, -0.275998, 0.960548, 0.4, -0.794427, -0.575633, -0.193732, 0.0, 0.0, 0.0, 0.0, 1.0],
                [0.606392, -0.769722, -0.19954, 0.0, -0.034258, -0.275998, 0.960548, 0.4, -0.794427, -0.575633, -0.193733, 0.0, 0.0, 0.0, 0.0, 1.0],
                [0.606392, -0.769722, -0.19954, 0.0, -0.034258, -0.275998, 0.960548, 0.4, -0.794427, -0.575633, -0.193733, 0.0, 0.0, 0.0, 0.0, 1.0],
                [0.606392, -0.769722, -0.19954, 0.0, -0.034258, -0.275998, 0.960548, 0.4, -0.794427, -0.575633, -0.193733, 0.0, 0.0, 0.0, 0.0, 1.0],
                [0.606392, -0.769722, -0.19954, 0.0, -0.034258, -0.275998, 0.960548, 0.4, -0.794427, -0.575633, -0.193733, 0.0, 0.0, 0.0, 0.0, 1.0],
                [0.606392, -0.769722, -0.19954, 0.0, -0.034258, -0.275998, 0.960548, 0.4, -0.794427, -0.575633, -0.193733, 0.0, 0.0, 0.0, 0.0, 1.0],
                [0.606392, -0.769722, -0.19954, 0.0, -0.034258, -0.275998, 0.960548, 0.4, -0.794427, -0.575633, -0.193733, 0.0, 0.0, 0.0, 0.0, 1.0]
            ]
        },
        {
            "name": "Arm_L",
            "time": [0.0, 0.1667, 0.3333, 0.5, 0.6667, 0.8833, 1.3, 1.5, 1.6833, 1.8333, 1.9833, 2.1667],
            "transform": [
                [-0.020139, -0.200421, 0.979503, 0.0, -0.647082, 0.749448, 0.140043, 0.39386, -0.762155, -0.630998, -0.144782, 0.0, 0.0, 0.0, 0.0, 1.0],
                [0.750192, -0.406048, 0.521859, 0.0, -0.193199, 0.62019, 0.760288, 0.39386, -0.632366, -0.671185, 0.386814, 0.0, 0.0, 0.0, 0.0, 1.0],
                [0.940877, -0.317706, 0.117532, 0.0, 0.312797, 0.948011, 0.058582, 0.39386, -0.130033, -0.018356, 0.991339, 0.0, 0.0, 0.0, 0.0, 1.0],
                [0.894676, 0.122455, 0.429604, 0.0, 0.027692, 0.944641, -0.326934, 0.39386, -0.445857, 0.304396, 0.841756, 0.0, 0.0, 0.0, 0.0, 1.0],
                [0.606421, 0.747977, 0.269784, 0.0, -0.332796, 0.546896, -0.768213, 0.39386, -0.72215, 0.376077, 0.580573, 0.0, 0.0, 0.0, 0.0, 1.0],
                [0.262384, 0.842292, -0.470848, -0.0, -0.714272, -0.158555, -0.681671, 0.39386, -0.648822, 0.515173, 0.560023, 0.0, 0.0, 0.0, 0.0, 1.0],
                [0.606421, 0.747977, 0.269784, 0.0, -0.332796, 0.546896, -0.768213, 0.39386, -0.72215, 0.376077, 0.580573, 0.0, 0.0, 0.0, 0.0, 1.0],
                [0.606421, 0.747977, 0.269784, 0.0, -0.332796, 0.546896, -0.768213, 0.39386, -0.72215, 0.376077, 0.580573, 0.0, 0.0, 0.0, 0.0, 1.0],
                [0.606421, 0.747977, 0.269784, 0.0, -0.332796, 0.546896, -0.768213, 0.39386, -0.72215, 0.376077, 0.580573, 0.0, 0.0, 0.0, 0.0, 1.0],
                [0.885463, 0.152805, 0.438869, 0.0, 0.007835, 0.93935, -0.342871, 0.39386, -0.464644, 0.307038, 0.830562, 0.0, 0.0, 0.0, 0.0, 1.0],
                [0.940877, -0.317706, 0.117532, 0.0, 0.312797, 0.948011, 0.058582, 0.39386, -0.130033, -0.018356, 0.991339, 0.0, 0.0, 0.0, 0.0, 1.0],
                [-0.020139, -0.200421, 0.979503, 0.0, -0.647082, 0.749448, 0.140043, 0.39386, -0.762155, -0.630998, -0.144782, 0.0, 0.0, 0.0, 0.0, 1.0]
            ]
        },
        {
            "name": "Hand_L",
            "time": [0.0, 0.1667, 0.3333, 0.5, 0.6667, 0.8833, 1.3, 1.5, 1.6833, 1.8333, 1.9833, 2.1667],
            "transform": [
                [1.0, 1e-06, -0.0, 0.0, -0.0, 0.419647, -0.907687, 0.300003, -0.0, 0.907687, 0.419647, -0.0, 0.0, 0.0, 0.0, 1.0],
                [1.0, 1e-06, -1e-06, -0.0, -0.0, -0.273676, -0.961822, 0.300002, -1e-06, 0.961822, -0.273676, 0.0, 0.0, 0.0, 0.0, 1.0],
                [1.0, 1e-06, -0.0, 0.0, -0.0, 0.058227, -0.998303, 0.300003, -0.0, 0.998303, 0.058227, 0.0, 0.0, 0.0, 0.0, 1.0],
                [1.0, 0.0, -0.0, 0.0, -0.0, -0.125332, -0.992115, 0.300003, -0.0, 0.992115, -0.125332, -0.0, 0.0, 0.0, 0.0, 1.0],
                [1.0, 0.0, -0.0, -0.0, -0.0, 0.530262, -0.847834, 0.300003, -0.0, 0.847834, 0.530261, 0.0, 0.0, 0.0, 0.0, 1.0],
                [1.0, 1e-06, -0.0, 0.0, -1e-06, 0.65499, -0.755637, 0.300003, -0.0, 0.755637, 0.65499, 0.0, 0.0, 0.0, 0.0, 1.0],
                [1.0, 0.0, -0.0, -0.0, -0.0, 0.530262, -0.847834, 0.300003, -0.0, 0.847834, 0.530261, 0.0, 0.0, 0.0, 0.0, 1.0],
                [1.0, 0.0, -0.0, -0.0, -0.0, 0.530262, -0.847834, 0.300003, -0.0, 0.847834, 0.530261, 0.0, 0.0, 0.0, 0.0, 1.0],
                [1.0, 0.0, -0.0, -0.0, -0.0, 0.530262, -0.847834, 0.300003, -0.0, 0.847834, 0.530261, 0.0, 0.0, 0.0, 0.0, 1.0],
                [1.0, 1e-06, -0.0, -0.0, -0.0, -0.022018, -0.999758, 0.300002, -0.0, 0.999758, -0.022018, 0.0, 0.0, 0.0, 0.0, 1.0],
                [1.0, 1e-06, -0.0, 0.0, -0.0, 0.058227, -0.998303, 0.300003, -0.0, 0.998303, 0.058227, 0.0, 0.0, 0.0, 0.0, 1.0],
                [1.0, 1e-06, -0.0, 0.0, -0.0, 0.419647, -0.907687, 0.300003, -0.0, 0.907687, 0.419647, -0.0, 0.0, 0.0, 0.0, 1.0]
            ]
        },
        {
            "name": "Tool_L",
            "time": [0.0, 0.1667, 0.3333, 0.5, 0.6667, 0.8833, 1.3, 1.5, 1.6833, 1.8333, 1.9833, 2.1667],
            "transform": [
                [1.0, 0.0, 0.0, -0.0, -0.0, -0.999559, -0.029689, 0.271711, 0.0, 0.029689, -0.999559, -0.028915, 0.0, 0.0, 0.0, 1.0],
                [1.0, 0.0, 0.0, -0.0, 0.0, -0.999559, -0.029689, 0.271711, 0.0, 0.029689, -0.999559, -0.028915, 0.0, 0.0, 0.0, 1.0],
                [1.0, -0.0, 0.0, 0.0, 0.0, -0.999559, -0.029689, 0.271711, 0.0, 0.029689, -0.999559, -0.028915, 0.0, 0.0, 0.0, 1.0],
                [1.0, -0.0, 0.0, -0.0, 0.0, -0.999559, -0.029689, 0.271711, 0.0, 0.029689, -0.999559, -0.028915, 0.0, 0.0, 0.0, 1.0],
                [1.0, -0.0, 0.0, 0.0, -0.0, -0.999559, -0.029689, 0.271711, 0.0, 0.029689, -0.99956, -0.028915, 0.0, 0.0, 0.0, 1.0],
                [1.0, -0.0, 0.0, 0.0, -0.0, -0.999559, -0.029689, 0.271711, 0.0, 0.029689, -0.999559, -0.028915, 0.0, 0.0, 0.0, 1.0],
                [1.0, -0.0, 0.0, 0.0, -0.0, -0.999559, -0.029689, 0.271711, 0.0, 0.029689, -0.99956, -0.028915, 0.0, 0.0, 0.0, 1.0],
                [1.0, -0.0, 0.0, 0.0, -0.0, -0.999559, -0.029689, 0.271711, 0.0, 0.029689, -0.99956, -0.028915, 0.0, 0.0, 0.0, 1.0],
                [1.0, -0.0, 0.0, 0.0, -0.0, -0.999559, -0.029689, 0.271711, 0.0, 0.029689, -0.99956, -0.028915, 0.0, 0.0, 0.0, 1.0],
                [1.0, 0.0, 0.0, -0.0, 0.0, -0.999559, -0.029689, 0.271711, 0.0, 0.029689, -0.999559, -0.028915, 0.0, 0.0, 0.0, 1.0],
                [1.0, -0.0, 0.0, 0.0, 0.0, -0.999559, -0.029689, 0.271711, 0.0, 0.029689, -0.999559, -0.028915, 0.0, 0.0, 0.0, 1.0],
                [1.0, 0.0, 0.0, -0.0, -0.0, -0.999559, -0.029689, 0.271711, 0.0, 0.029689, -0.999559, -0.028915, 0.0, 0.0, 0.0, 1.0]
            ]
        },
        {
            "name": "Elbow_L",
            "time": [0.0, 2.1667],
            "transform": [
                [-1.0, 0.0, -0.0, 0.0, 0.0, 0.003946, -0.999992, 0.405816, -0.0, -0.999992, -0.003946, -0.000835, 0.0, 0.0, 0.0, 1.0],
                [-1.0, 0.0, -0.0, 0.0, 0.0, 0.003946, -0.999992, 0.405816, -0.0, -0.999992, -0.003946, -0.000835, 0.0, 0.0, 0.0, 1.0]
            ]
        }
    ]
}