{
    "animation": [
        {
            "name": "Bone_C2_Manta_Root",
            "time": [0.0167, 2.1167],
            "transform": [
                [-1.0, -0.0, -0.0, 0.0, -0.0, 0.0, 1.0, 0.0, 0.0, 1.0, -0.0, 0.0, 0.0, 0.0, 0.0, 1.0],
                [-1.0, -0.0, -0.0, 0.0, -0.0, 0.0, 1.0, 0.0, 0.0, 1.0, -0.0, 0.0, 0.0, 0.0, 0.0, 1.0]
            ]
        },
        {
            "name": "Bone_C2_Manta",
            "time": [0.0167, 0.0333, 0.05, 0.0667, 0.0833, 0.1, 0.1167, 0.1333, 0.15, 0.1667, 0.1833, 0.2, 0.2167, 0.2333, 0.25, 0.2667, 0.2833, 0.3, 0.3167, 0.3333, 0.35, 0.3667, 0.3833, 0.4, 0.4167, 0.4333, 0.45, 0.4667, 0.4833, 0.5, 0.5167, 0.5333, 0.55, 0.5667, 0.5833, 0.6, 0.6167, 0.6333, 0.65, 0.6667, 0.6833, 0.7, 0.7167, 0.7333, 0.75, 0.7667, 0.7833, 0.8, 0.8167, 0.8333, 0.85, 0.8667, 0.8833, 0.9, 0.9167, 0.9333, 0.95, 0.9667, 0.9833, 1.0, 1.0167, 1.0333, 1.05, 1.0667, 1.0833, 1.1, 1.1167, 1.1333, 1.15, 1.1667, 1.1833, 1.2, 1.2167, 1.2333, 1.25, 1.2667, 1.2833, 1.3, 1.3167, 1.3333, 1.35, 1.3667, 1.3833, 1.4, 1.4167, 1.4333, 1.45, 1.4667, 1.4833, 1.5, 1.5167, 1.5333, 1.55, 1.5667, 1.5833, 1.6, 1.6167, 1.6333, 1.65, 1.6667, 1.6833, 1.7, 1.7167, 1.7333, 1.75, 1.7667, 1.7833, 1.8, 1.8167, 1.8333, 1.85, 1.8667, 1.8833, 1.9, 1.9167, 1.9333, 1.95, 1.9667, 1.9833, 2.0, 2.0167, 2.0333, 2.05, 2.0667, 2.0833, 2.1, 2.1167],
            "transform": [
                [-0.367159, 0.798709, 0.476716, 4.521823, -0.92504, -0.259852, -0.277086, 1e-06, -0.097435, -0.542717, 0.834246, -3.970456, 0.0, 0.0, 0.0, 1.0],
                [-0.367159, 0.7987, 0.476732, 4.521823, -0.925041, -0.259847, -0.277091, 1e-06, -0.097435, -0.542733, 0.834235, -3.971186, 0.0, 0.0, 0.0, 1.0],
                [-0.367159, 0.79869, 0.476748, 4.521823, -0.92504, -0.259841, -0.277095, 1e-06, -0.097435, -0.54275, 0.834224, -3.971915, 0.0, 0.0, 0.0, 1.0],
                [-0.367159, 0.798681, 0.476764, 4.521823, -0.925041, -0.259836, -0.2771, 1e-06, -0.097434, -0.542766, 0.834214, -3.972645, 0.0, 0.0, 0.0, 1.0],
                [-0.367159, 0.798671, 0.476779, 4.521823, -0.925041, -0.259831, -0.277105, 2e-06, -0.097434, -0.542782, 0.834203, -3.973375, 0.0, 0.0, 0.0, 1.0],
                [-0.367159, 0.798662, 0.476795, 4.521823, -0.925041, -0.259826, -0.27711, 2e-06, -0.097434, -0.542799, 0.834192, -3.974105, 0.0, 0.0, 0.0, 1.0],
                [-0.367159, 0.798653, 0.476811, 4.521823, -0.925041, -0.25982, -0.277115, 2e-06, -0.097433, -0.542815, 0.834182, -3.974834, 0.0, 0.0, 0.0, 1.0],
                [-0.367159, 0.798643, 0.476827, 4.521823, -0.925041, -0.259815, -0.27712, 2e-06, -0.097433, -0.542831, 0.834171, -3.975564, 0.0, 0.0, 0.0, 1.0],
                [-0.367159, 0.798634, 0.476842, 4.521823, -0.925041, -0.25981, -0.277125, 2e-06, -0.097433, -0.542848, 0.834161, -3.976294, 0.0, 0.0, 0.0, 1.0],
                [-0.367159, 0.798625, 0.476858, 4.521823, -0.925041, -0.259804, -0.277129, 2e-06, -0.097432, -0.542864, 0.83415, -3.977024, 0.0, 0.0, 0.0, 1.0],
                [-0.367159, 0.798615, 0.476874, 4.521823, -0.925041, -0.259799, -0.277134, 2e-06, -0.097432, -0.54288, 0.834139, -3.977753, 0.0, 0.0, 0.0, 1.0],
                [-0.367159, 0.798606, 0.47689, 4.521823, -0.925041, -0.259794, -0.277139, 2e-06, -0.097432, -0.542897, 0.834129, -3.978483, 0.0, 0.0, 0.0, 1.0],
                [-0.367159, 0.798596, 0.476905, 4.521823, -0.925041, -0.259789, -0.277144, 2e-06, -0.097431, -0.542913, 0.834118, -3.980171, 0.0, 0.0, 0.0, 1.0],
                [-0.367159, 0.798587, 0.476921, 4.521823, -0.925041, -0.259784, -0.277149, 2e-06, -0.097431, -0.54293, 0.834108, -3.981859, 0.0, 0.0, 0.0, 1.0],
                [-0.367159, 0.798577, 0.476937, 4.521823, -0.925041, -0.259778, -0.277154, 2e-06, -0.097431, -0.542946, 0.834097, -3.983547, 0.0, 0.0, 0.0, 1.0],
                [-0.367159, 0.798568, 0.476952, 4.521823, -0.925041, -0.259773, -0.277158, 1e-06, -0.09743, -0.542962, 0.834086, -3.985235, 0.0, 0.0, 0.0, 1.0],
                [-0.367159, 0.798559, 0.476968, 4.521823, -0.925041, -0.259768, -0.277163, 1e-06, -0.09743, -0.542979, 0.834076, -3.986923, 0.0, 0.0, 0.0, 1.0],
                [-0.367159, 0.798549, 0.476984, 4.521823, -0.925041, -0.259762, -0.277168, 1e-06, -0.09743, -0.542995, 0.834065, -3.988528, 0.0, 0.0, 0.0, 1.0],
                [-0.367159, 0.79854, 0.477, 4.521823, -0.925041, -0.259757, -0.277173, 1e-06, -0.097429, -0.543011, 0.834055, -3.990134, 0.0, 0.0, 0.0, 1.0],
                [-0.367159, 0.79853, 0.477015, 4.521823, -0.925041, -0.259752, -0.277178, 2e-06, -0.097429, -0.543028, 0.834044, -3.99174, 0.0, 0.0, 0.0, 1.0],
                [-0.367159, 0.798521, 0.477031, 4.521823, -0.925041, -0.259747, -0.277183, 2e-06, -0.097429, -0.543044, 0.834033, -3.993345, 0.0, 0.0, 0.0, 1.0],
                [-0.36716, 0.798511, 0.477047, 4.521823, -0.925041, -0.259741, -0.277188, 2e-06, -0.097429, -0.54306, 0.834023, -3.994951, 0.0, 0.0, 0.0, 1.0],
                [-0.36716, 0.798502, 0.477063, 4.521823, -0.925041, -0.259736, -0.277192, 1e-06, -0.097428, -0.543077, 0.834012, -3.997763, 0.0, 0.0, 0.0, 1.0],
                [-0.36716, 0.798493, 0.477078, 4.521823, -0.925041, -0.259731, -0.277197, 1e-06, -0.097428, -0.543093, 0.834001, -4.000576, 0.0, 0.0, 0.0, 1.0],
                [-0.367159, 0.798483, 0.477094, 4.521823, -0.925041, -0.259725, -0.277202, 1e-06, -0.097428, -0.543109, 0.833991, -4.003389, 0.0, 0.0, 0.0, 1.0],
                [-0.36716, 0.798474, 0.47711, 4.521823, -0.925041, -0.25972, -0.277207, 1e-06, -0.097427, -0.543126, 0.83398, -4.004995, 0.0, 0.0, 0.0, 1.0],
                [-0.36716, 0.798464, 0.477125, 4.521823, -0.925041, -0.259715, -0.277212, 1e-06, -0.097427, -0.543142, 0.83397, -4.0066, 0.0, 0.0, 0.0, 1.0],
                [-0.36716, 0.798455, 0.477141, 4.521823, -0.925041, -0.25971, -0.277217, 1e-06, -0.097427, -0.543158, 0.833959, -4.008206, 0.0, 0.0, 0.0, 1.0],
                [-0.36716, 0.798446, 0.477157, 4.521823, -0.925041, -0.259705, -0.277221, 1e-06, -0.097426, -0.543175, 0.833948, -4.009812, 0.0, 0.0, 0.0, 1.0],
                [-0.36716, 0.798436, 0.477173, 4.521823, -0.925041, -0.259699, -0.277226, 1e-06, -0.097426, -0.543191, 0.833938, -4.011417, 0.0, 0.0, 0.0, 1.0],
                [-0.36716, 0.798427, 0.477188, 4.521823, -0.925041, -0.259694, -0.277231, 1e-06, -0.097426, -0.543207, 0.833927, -4.01423, 0.0, 0.0, 0.0, 1.0],
                [-0.36716, 0.798418, 0.477204, 4.521823, -0.925042, -0.259689, -0.277236, 1e-06, -0.097425, -0.543224, 0.833917, -4.017044, 0.0, 0.0, 0.0, 1.0],
                [-0.36716, 0.798408, 0.47722, 4.521823, -0.925041, -0.259684, -0.277241, 1e-06, -0.097425, -0.54324, 0.833906, -4.019856, 0.0, 0.0, 0.0, 1.0],
                [-0.36716, 0.798399, 0.477236, 4.521823, -0.925042, -0.259678, -0.277246, 1e-06, -0.097425, -0.543256, 0.833895, -4.021503, 0.0, 0.0, 0.0, 1.0],
                [-0.36716, 0.798389, 0.477251, 4.521823, -0.925041, -0.259673, -0.27725, 1e-06, -0.097424, -0.543273, 0.833885, -4.02315, 0.0, 0.0, 0.0, 1.0],
                [-0.36716, 0.79838, 0.477267, 4.521823, -0.925042, -0.259668, -0.277255, 1e-06, -0.097424, -0.543289, 0.833874, -4.024797, 0.0, 0.0, 0.0, 1.0],
                [-0.36716, 0.79837, 0.477283, 4.521823, -0.925041, -0.259663, -0.27726, 1e-06, -0.097424, -0.543305, 0.833864, -4.026443, 0.0, 0.0, 0.0, 1.0],
                [-0.36716, 0.798361, 0.477298, 4.521823, -0.925042, -0.259657, -0.277265, 0.0, -0.097424, -0.543322, 0.833853, -4.02809, 0.0, 0.0, 0.0, 1.0],
                [-0.36716, 0.798352, 0.477314, 4.521823, -0.925042, -0.259652, -0.27727, 0.0, -0.097423, -0.543338, 0.833842, -4.029737, 0.0, 0.0, 0.0, 1.0],
                [-0.36716, 0.798342, 0.47733, 4.521823, -0.925042, -0.259647, -0.277275, 0.0, -0.097423, -0.543354, 0.833832, -4.031384, 0.0, 0.0, 0.0, 1.0],
                [-0.36716, 0.798333, 0.477346, 4.521823, -0.925042, -0.259641, -0.277279, 0.0, -0.097423, -0.543371, 0.833821, -4.03303, 0.0, 0.0, 0.0, 1.0],
                [-0.36716, 0.798324, 0.477361, 4.521823, -0.925042, -0.259636, -0.277284, -0.0, -0.097422, -0.543387, 0.83381, -4.034676, 0.0, 0.0, 0.0, 1.0],
                [-0.36716, 0.798314, 0.477377, 4.521823, -0.925042, -0.259631, -0.277289, -0.0, -0.097422, -0.543404, 0.8338, -4.036323, 0.0, 0.0, 0.0, 1.0],
                [-0.36716, 0.798304, 0.477393, 4.521823, -0.925042, -0.259626, -0.277294, -0.0, -0.097422, -0.54342, 0.833789, -4.03815, 0.0, 0.0, 0.0, 1.0],
                [-0.36716, 0.798295, 0.477409, 4.521823, -0.925042, -0.25962, -0.277299, -0.0, -0.097421, -0.543436, 0.833779, -4.039978, 0.0, 0.0, 0.0, 1.0],
                [-0.36716, 0.798286, 0.477424, 4.521823, -0.925042, -0.259615, -0.277304, -1e-06, -0.097421, -0.543453, 0.833768, -4.041806, 0.0, 0.0, 0.0, 1.0],
                [-0.36716, 0.798276, 0.47744, 4.521823, -0.925042, -0.25961, -0.277308, -1e-06, -0.097421, -0.543469, 0.833757, -4.043634, 0.0, 0.0, 0.0, 1.0],
                [-0.36716, 0.798267, 0.477456, 4.521823, -0.925042, -0.259604, -0.277313, -1e-06, -0.09742, -0.543485, 0.833747, -4.045462, 0.0, 0.0, 0.0, 1.0],
                [-0.36716, 0.798257, 0.477472, 4.521823, -0.925042, -0.259599, -0.277318, -1e-06, -0.09742, -0.543502, 0.833736, -4.046276, 0.0, 0.0, 0.0, 1.0],
                [-0.36716, 0.798248, 0.477487, 4.521823, -0.925042, -0.259594, -0.277323, -1e-06, -0.09742, -0.543518, 0.833725, -4.047091, 0.0, 0.0, 0.0, 1.0],
                [-0.36716, 0.798239, 0.477503, 4.521823, -0.925042, -0.259588, -0.277328, -1e-06, -0.097419, -0.543534, 0.833715, -4.047904, 0.0, 0.0, 0.0, 1.0],
                [-0.36716, 0.798229, 0.477519, 4.521823, -0.925042, -0.259583, -0.277333, -0.0, -0.097419, -0.543551, 0.833704, -4.048719, 0.0, 0.0, 0.0, 1.0],
                [-0.36716, 0.79822, 0.477535, 4.521823, -0.925042, -0.259578, -0.277337, -0.0, -0.097419, -0.543567, 0.833694, -4.049533, 0.0, 0.0, 0.0, 1.0],
                [-0.36716, 0.79821, 0.47755, 4.521823, -0.925042, -0.259573, -0.277342, -0.0, -0.097418, -0.543583, 0.833683, -4.050348, 0.0, 0.0, 0.0, 1.0],
                [-0.36716, 0.798201, 0.477566, 4.521823, -0.925042, -0.259567, -0.277347, 0.0, -0.097418, -0.5436, 0.833673, -4.051162, 0.0, 0.0, 0.0, 1.0],
                [-0.36716, 0.798192, 0.477582, 4.521823, -0.925042, -0.259562, -0.277352, 0.0, -0.097418, -0.543616, 0.833662, -4.051976, 0.0, 0.0, 0.0, 1.0],
                [-0.36716, 0.798182, 0.477597, 4.521823, -0.925042, -0.259557, -0.277357, 0.0, -0.097417, -0.543632, 0.833651, -4.052791, 0.0, 0.0, 0.0, 1.0],
                [-0.36716, 0.798173, 0.477613, 4.521823, -0.925042, -0.259552, -0.277361, -3.8e-05, -0.097417, -0.543648, 0.833641, -4.181619, 0.0, 0.0, 0.0, 1.0],
                [-0.36716, 0.798163, 0.477629, 4.521823, -0.925043, -0.259546, -0.277366, 1e-06, -0.097417, -0.543665, 0.83363, -4.052788, 0.0, 0.0, 0.0, 1.0],
                [-0.36716, 0.798154, 0.477645, 4.554662, -0.925043, -0.259541, -0.277371, -0.011977, -0.097416, -0.543681, 0.833619, -3.0414, 0.0, 0.0, 0.0, 1.0],
                [-0.36716, 0.798145, 0.47766, 4.521822, -0.925042, -0.259536, -0.277376, 1e-06, -0.097416, -0.543698, 0.833609, -1.993366, 0.0, 0.0, 0.0, 1.0],
                [-0.376507, 0.795572, 0.474666, 4.309702, -0.921221, -0.267344, -0.282631, 0.067256, -0.097954, -0.543685, 0.833554, -1.766628, 0.0, 0.0, 0.0, 1.0],
                [-0.395939, 0.790005, 0.468108, 3.996395, -0.912888, -0.283484, -0.293722, 0.191645, -0.099341, -0.543626, 0.833428, -1.700209, 0.0, 0.0, 0.0, 1.0],
                [-0.430131, 0.777922, 0.458068, 3.613718, -0.897054, -0.311308, -0.313659, 0.393315, -0.101402, -0.545826, 0.83174, -1.362279, 0.0, 0.0, 0.0, 1.0],
                [-0.475394, 0.759187, 0.444564, 3.186887, -0.873634, -0.347779, -0.340313, 0.648716, -0.103751, -0.550169, 0.828583, -0.923348, 0.0, 0.0, 0.0, 1.0],
                [-0.529625, 0.732618, 0.427514, 2.753222, -0.841514, -0.390509, -0.373305, 0.942402, -0.106542, -0.557471, 0.823332, -0.403568, 0.0, 0.0, 0.0, 1.0],
                [-0.590832, 0.696875, 0.40655, 2.308242, -0.79938, -0.437487, -0.41182, 1.270196, -0.109127, -0.568305, 0.81555, 0.177821, 0.0, 0.0, 0.0, 1.0],
                [-0.656577, 0.651025, 0.380884, 1.857292, -0.745955, -0.485753, -0.455625, 1.625288, -0.111608, -0.583276, 0.80457, 0.801237, 0.0, 0.0, 0.0, 1.0],
                [-0.723949, 0.594547, 0.349874, 1.408227, -0.680447, -0.531961, -0.503993, 2.000125, -0.113528, -0.602936, 0.789671, 1.447556, 0.0, 0.0, 0.0, 1.0],
                [-0.792642, 0.526035, 0.308229, 0.943057, -0.598435, -0.57459, -0.558321, 2.413064, -0.116591, -0.627004, 0.770242, 2.125251, 0.0, 0.0, 0.0, 1.0],
                [-0.851138, 0.45178, 0.267319, 0.544666, -0.512082, -0.60254, -0.612142, 2.779575, -0.115483, -0.657907, 0.744193, 2.731947, 0.0, 0.0, 0.0, 1.0],
                [-0.889495, 0.386226, 0.244186, 0.327166, -0.444585, -0.608058, -0.657731, 2.987931, -0.105554, -0.69361, 0.712576, 3.110759, 0.0, 0.0, 0.0, 1.0],
                [-0.92349, 0.310983, 0.224625, 0.17888, -0.373542, -0.595606, -0.71114, 3.138101, -0.087364, -0.740638, 0.666201, 3.433688, 0.0, 0.0, 0.0, 1.0],
                [-0.959599, 0.207654, 0.189868, 0.016451, -0.275605, -0.557764, -0.782906, 3.300992, -0.056672, -0.803604, 0.592461, 3.837465, 0.0, 0.0, 0.0, 1.0],
                [-0.986413, 0.096282, 0.133112, -0.130972, -0.163402, -0.4912, -0.855583, 3.45206, -0.016993, -0.865709, 0.50026, 4.271018, 0.0, 0.0, 0.0, 1.0],
                [-0.998756, -0.008689, 0.0491, -0.262564, -0.041682, -0.394919, -0.91777, 3.591059, 0.027365, -0.918675, 0.394066, 4.729992, 0.0, 0.0, 0.0, 1.0],
                [-0.993818, -0.0947, -0.057941, -0.376716, 0.082358, -0.278908, -0.95678, 3.716003, 0.074447, -0.955637, 0.284984, 5.210949, 0.0, 0.0, 0.0, 1.0],
                [-0.971944, -0.154041, -0.177751, -0.472287, 0.201427, -0.154891, -0.96718, 3.826094, 0.121454, -0.975849, 0.181573, 5.70966, 0.0, 0.0, 0.0, 1.0],
                [-0.936521, -0.186457, -0.296922, -0.54704, 0.309589, -0.042268, -0.949931, 3.91755, 0.164571, -0.981554, 0.09731, 6.224172, 0.0, 0.0, 0.0, 1.0],
                [-0.89717, -0.198469, -0.394584, -0.60549, 0.395255, 0.037957, -0.917787, 3.986107, 0.197129, -0.979372, 0.044391, 6.701695, 0.0, 0.0, 0.0, 1.0],
                [-0.849317, -0.21223, -0.483342, -0.62623, 0.474166, 0.095708, -0.875219, 4.032438, 0.232007, -0.972522, 0.019346, 7.290524, 0.0, 0.0, 0.0, 1.0],
                [-0.777816, -0.248572, -0.577247, -0.596495, 0.562962, 0.132784, -0.815747, 4.057291, 0.279421, -0.959469, 0.036655, 8.202631, 0.0, 0.0, 0.0, 1.0],
                [-0.698073, -0.291511, -0.653999, -0.494874, 0.640395, 0.154388, -0.752369, 4.056207, 0.320294, -0.944027, 0.078908, 9.194212, 0.0, 0.0, 0.0, 1.0],
                [-0.634869, -0.335409, -0.69602, -0.277275, 0.688379, 0.163493, -0.706686, 4.01778, 0.350823, -0.927778, 0.127092, 10.070165, 0.0, 0.0, 0.0, 1.0],
                [-0.571437, -0.368708, -0.733154, 0.001014, 0.730502, 0.178539, -0.659159, 3.963605, 0.373933, -0.912238, 0.167318, 10.896349, 0.0, 0.0, 0.0, 1.0],
                [-0.495902, -0.364283, -0.788276, 0.313619, 0.781473, 0.208618, -0.58803, 3.911775, 0.378658, -0.907622, 0.181223, 11.683078, 0.0, 0.0, 0.0, 1.0],
                [-0.407575, -0.337162, -0.848649, 0.617897, 0.833039, 0.243416, -0.496785, 3.861405, 0.374072, -0.909435, 0.181658, 12.401907, 0.0, 0.0, 0.0, 1.0],
                [-0.306431, -0.291486, -0.906165, 0.853449, 0.885227, 0.262724, -0.383861, 3.81997, 0.349961, -0.919789, 0.177525, 13.013199, 0.0, 0.0, 0.0, 1.0],
                [-0.192355, -0.235918, -0.952545, 1.047163, 0.926621, 0.275895, -0.255451, 3.780468, 0.323068, -0.931786, 0.165536, 13.560855, 0.0, 0.0, 0.0, 1.0],
                [-0.058166, -0.178261, -0.982263, 1.204229, 0.954961, 0.27685, -0.106792, 3.739582, 0.290976, -0.944234, 0.154129, 14.073614, 0.0, 0.0, 0.0, 1.0],
                [0.052259, -0.12713, -0.990508, 1.329346, 0.968305, 0.249039, 0.019124, 3.693718, 0.244244, -0.960113, 0.136115, 14.557309, 0.0, 0.0, 0.0, 1.0],
                [0.166301, -0.083096, -0.982568, 1.4286, 0.962365, 0.230877, 0.143356, 3.63935, 0.21494, -0.969428, 0.118364, 15.025727, 0.0, 0.0, 0.0, 1.0],
                [0.284764, -0.048722, -0.957359, 1.50303, 0.944501, 0.184905, 0.271529, 3.572953, 0.16379, -0.981548, 0.098672, 15.483766, 0.0, 0.0, 0.0, 1.0],
                [0.379567, -0.024198, -0.924848, 1.555129, 0.916061, 0.149726, 0.372043, 3.489631, 0.129471, -0.988432, 0.078998, 15.941627, 0.0, 0.0, 0.0, 1.0],
                [0.46255, -0.003775, -0.886586, 1.586595, 0.879757, 0.125905, 0.45845, 3.389955, 0.109895, -0.992036, 0.061558, 16.397194, 0.0, 0.0, 0.0, 1.0],
                [0.521737, 0.013652, -0.852997, 1.596956, 0.847284, 0.108324, 0.519977, 3.265864, 0.099499, -0.994022, 0.04495, 16.863527, 0.0, 0.0, 0.0, 1.0],
                [0.56922, 0.032471, -0.821544, 1.59522, 0.815821, 0.10178, 0.569278, 3.138372, 0.102102, -0.994277, 0.031445, 17.305298, 0.0, 0.0, 0.0, 1.0],
                [0.611066, 0.050371, -0.789976, 1.590677, 0.784966, 0.090182, 0.612941, 3.027345, 0.102116, -0.994651, 0.015568, 17.683607, 0.0, 0.0, 0.0, 1.0],
                [0.647279, 0.06823, -0.759194, 1.582024, 0.755098, 0.078756, 0.650865, 2.928175, 0.104199, -0.994556, -0.000543, 18.02219, 0.0, 0.0, 0.0, 1.0],
                [0.679709, 0.085289, -0.728507, 1.571132, 0.7258, 0.065163, 0.684812, 2.843644, 0.105879, -0.994223, -0.017611, 18.330168, 0.0, 0.0, 0.0, 1.0],
                [0.708354, 0.101653, -0.698499, 1.557749, 0.697546, 0.050598, 0.714751, 2.771426, 0.108, -0.993532, -0.035066, 18.612394, 0.0, 0.0, 0.0, 1.0],
                [0.733662, 0.117138, -0.669343, 1.542157, 0.6705, 0.035131, 0.741078, 2.710439, 0.110323, -0.992494, -0.052767, 18.876299, 0.0, 0.0, 0.0, 1.0],
                [0.756051, 0.131733, -0.641119, 1.524631, 0.644698, 0.019108, 0.764199, 2.659739, 0.112921, -0.991101, -0.070481, 19.123278, 0.0, 0.0, 0.0, 1.0],
                [0.775931, 0.145377, -0.613838, 1.505448, 0.620117, 0.002688, 0.784505, 2.618332, 0.115699, -0.989373, -0.088066, 19.356838, 0.0, 0.0, 0.0, 1.0],
                [0.793628, 0.157989, -0.587532, 1.484884, 0.596729, -0.013865, 0.802323, 2.585304, 0.118613, -0.987344, -0.10528, 19.578068, 0.0, 0.0, 0.0, 1.0],
                [0.809458, 0.169467, -0.562192, 1.463214, 0.574462, -0.030376, 0.817968, 2.559714, 0.121541, -0.985068, -0.121941, 19.788927, 0.0, 0.0, 0.0, 1.0],
                [0.823711, 0.179787, -0.537752, 1.440719, 0.553179, -0.046613, 0.831758, 2.540685, 0.124473, -0.982601, -0.13785, 19.990236, 0.0, 0.0, 0.0, 1.0],
                [0.836656, 0.188906, -0.514123, 1.417673, 0.532718, -0.062399, 0.84399, 2.527305, 0.127354, -0.980011, -0.15284, 20.183308, 0.0, 0.0, 0.0, 1.0],
                [0.848528, 0.19675, -0.491214, 1.394356, 0.512905, -0.077548, 0.854936, 2.518723, 0.130116, -0.977382, -0.166716, 20.368662, 0.0, 0.0, 0.0, 1.0],
                [0.859539, 0.203219, -0.46893, 1.371047, 0.493555, -0.091912, 0.864845, 2.515598, 0.132652, -0.97481, -0.179302, 20.547098, 0.0, 0.0, 0.0, 1.0],
                [0.869891, 0.208298, -0.447105, 1.348026, 0.474422, -0.105308, 0.873977, 2.512472, 0.134964, -0.97238, -0.190427, 20.719114, 0.0, 0.0, 0.0, 1.0],
                [0.879762, 0.211971, -0.425543, 1.325572, 0.455233, -0.117575, 0.882576, 2.514159, 0.137048, -0.970178, -0.199934, 20.885374, 0.0, 0.0, 0.0, 1.0],
                [0.889284, 0.214116, -0.40414, 1.303956, 0.43579, -0.128553, 0.890821, 2.515846, 0.138786, -0.968312, -0.20763, 21.046185, 0.0, 0.0, 0.0, 1.0],
                [0.898628, 0.214562, -0.382665, 1.28357, 0.415759, -0.138053, 0.898937, 2.517533, 0.140049, -0.966905, -0.213264, 21.202709, 0.0, 0.0, 0.0, 1.0],
                [0.907723, 0.213434, -0.361229, 1.264334, 0.395232, -0.145994, 0.906906, 2.517772, 0.140827, -0.965988, -0.216879, 21.35298, 0.0, 0.0, 0.0, 1.0],
                [0.916856, 0.209962, -0.339546, 1.246813, 0.37345, -0.150461, 0.915367, 2.518012, 0.141104, -0.966063, -0.216361, 21.499062, 0.0, 0.0, 0.0, 1.0],
                [0.925118, 0.206021, -0.318924, 1.229472, 0.352625, -0.154807, 0.922871, 2.51825, 0.140759, -0.966225, -0.215864, 21.630026, 0.0, 0.0, 0.0, 1.0],
                [0.931813, 0.201846, -0.301635, 1.210545, 0.335003, -0.158583, 0.928776, 2.51849, 0.139636, -0.966493, -0.215389, 21.733725, 0.0, 0.0, 0.0, 1.0],
                [0.937317, 0.197573, -0.287056, 1.191278, 0.32, -0.161853, 0.93349, 2.518729, 0.137971, -0.966834, -0.214931, 21.81591, 0.0, 0.0, 0.0, 1.0],
                [0.94167, 0.193367, -0.275438, 1.17203, 0.307886, -0.164547, 0.937086, 2.518969, 0.135879, -0.96723, -0.214485, 21.877043, 0.0, 0.0, 0.0, 1.0],
                [0.94472, 0.189596, -0.267502, 1.153683, 0.299429, -0.166475, 0.939483, 2.519208, 0.13359, -0.967646, -0.214043, 21.920841, 0.0, 0.0, 0.0, 1.0],
                [0.947688, 0.185809, -0.259544, 1.136981, 0.290942, -0.168346, 0.941814, 2.519447, 0.131304, -0.968057, -0.213599, 21.944447, 0.0, 0.0, 0.0, 1.0],
                [0.948836, 0.183203, -0.257189, 1.122685, 0.28812, -0.169, 0.942564, 2.519686, 0.129216, -0.96844, -0.213139, 21.968052, 0.0, 0.0, 0.0, 1.0],
                [0.94992, 0.180988, -0.254744, 1.111725, 0.285277, -0.169522, 0.943335, 2.519926, 0.127547, -0.968765, -0.212665, 21.971308, 0.0, 0.0, 0.0, 1.0],
                [0.95093, 0.179256, -0.252189, 1.104319, 0.282411, -0.169888, 0.944131, 2.520165, 0.126397, -0.969023, -0.212176, 21.974564, 0.0, 0.0, 0.0, 1.0],
                [0.951824, 0.178338, -0.249452, 1.102043, 0.279509, -0.170006, 0.944973, 2.520405, 0.126116, -0.969172, -0.211664, 21.977816, 0.0, 0.0, 0.0, 1.0],
                [0.951841, 0.17823, -0.249468, 1.101742, 0.279435, -0.169501, 0.945085, 2.520644, 0.126157, -0.96928, -0.211142, 21.981073, 0.0, 0.0, 0.0, 1.0]
            ]
        },
        {
            "name": "Bone_C2_Manta_Tail_01",
            "time": [0.0167, 2.1167, 1.1833, 1.2, 1.2167, 1.2333, 1.25, 1.2667, 1.2833, 1.3, 1.3167, 1.3333, 1.35, 1.3667, 1.3833, 1.4, 1.4167, 1.4333, 1.45, 1.4667, 1.5, 1.5167, 1.5333, 1.55, 1.5667, 1.5833, 1.6, 1.6167, 1.6333, 1.65, 1.6667, 1.6833, 1.7167, 1.7333, 1.75, 1.7667, 1.7833, 1.8, 1.8167, 1.8333, 1.85, 1.8667, 1.8833, 1.9, 1.9167, 1.9333, 1.95, 1.9667, 1.9833, 2.0, 2.0167, 2.0333, 2.05, 2.0667, 2.0833, 0.1, 0.1833, 0.2667, 0.35, 0.4333, 0.5167, 0.6, 0.6833, 0.7667, 0.85, 0.9333, 1.0167, 1.1, 1.4833, 1.7, 2.1, 0.45, 0.8833, 0.6333, 0.0333, 0.0833, 0.1667, 0.2333, 0.3, 0.3167, 0.3667, 0.4167, 0.4667, 0.4833, 0.5, 0.5667, 0.5833, 0.6167, 0.65, 0.6667, 0.7, 0.7167, 0.7833, 0.8, 0.8167, 0.8333, 0.9167, 0.9667, 0.9833, 1.0, 1.0333, 1.05, 1.0667, 1.0833, 1.1167, 1.1333, 1.15, 1.1667, 0.2833, 0.0667, 0.1333, 0.15, 0.2167, 0.25, 0.4, 0.55, 0.7333, 0.75, 0.8667, 0.9],
            "transform": [
                [-0.00602, -0.075057, -0.997161, -1e-06, 0.155133, 0.985035, -0.075081, 0.874905, 0.987875, -0.155145, 0.005714, -0.000267, 0.0, 0.0, 0.0, 1.0],
                [-0.006009, -0.07502, -0.997164, -1e-06, 0.155129, 0.985039, -0.075043, 0.874906, 0.987876, -0.15514, 0.005719, -0.000267, 0.0, 0.0, 0.0, 1.0],
                [-0.005988, -0.074947, -0.997169, -1e-06, 0.155119, 0.985047, -0.074967, 0.874906, 0.987877, -0.155129, 0.005727, -0.000267, 0.0, 0.0, 0.0, 1.0],
                [-0.005977, -0.07491, -0.997172, -1e-06, 0.155114, 0.98505, -0.074929, 0.874906, 0.987878, -0.155123, 0.005732, -0.000267, 0.0, 0.0, 0.0, 1.0],
                [-0.005966, -0.074873, -0.997175, -1e-06, 0.155109, 0.985054, -0.074891, 0.874906, 0.987879, -0.155118, 0.005736, -0.000267, 0.0, 0.0, 0.0, 1.0],
                [-0.005945, -0.074798, -0.997181, -1e-06, 0.155099, 0.985061, -0.074814, 0.874906, 0.98788, -0.155107, 0.005745, -0.000267, 0.0, 0.0, 0.0, 1.0],
                [-0.005934, -0.074761, -0.997184, -1e-06, 0.155095, 0.985065, -0.074776, 0.874906, 0.987881, -0.155101, 0.005749, -0.000267, 0.0, 0.0, 0.0, 1.0],
                [-0.005924, -0.074725, -0.997187, -1e-06, 0.15509, 0.985068, -0.074738, 0.874906, 0.987882, -0.155096, 0.005754, -0.000267, 0.0, 0.0, 0.0, 1.0],
                [-0.005913, -0.074688, -0.997189, -1e-06, 0.155085, 0.985072, -0.0747, 0.874906, 0.987883, -0.155091, 0.005758, -0.000267, 0.0, 0.0, 0.0, 1.0],
                [-0.005892, -0.074614, -0.997195, -1e-06, 0.155075, 0.985079, -0.074623, 0.874906, 0.987885, -0.15508, 0.005767, -0.000267, 0.0, 0.0, 0.0, 1.0],
                [-0.005881, -0.074577, -0.997198, -1e-06, 0.15507, 0.985083, -0.074585, 0.874906, 0.987885, -0.155074, 0.005771, -0.000267, 0.0, 0.0, 0.0, 1.0],
                [-0.00587, -0.07454, -0.997201, -1e-06, 0.155065, 0.985087, -0.074547, 0.874906, 0.987886, -0.155069, 0.005776, -0.000267, 0.0, 0.0, 0.0, 1.0],
                [-0.00586, -0.074503, -0.997203, -1e-06, 0.15506, 0.98509, -0.074509, 0.874905, 0.987887, -0.155063, 0.00578, -0.000267, 0.0, 0.0, 0.0, 1.0],
                [-0.005849, -0.074466, -0.997206, -1e-06, 0.155056, 0.985094, -0.074471, 0.874907, 0.987888, -0.155058, 0.005784, -0.000267, 0.0, 0.0, 0.0, 1.0],
                [-0.005838, -0.074429, -0.997209, -1e-06, 0.155051, 0.985098, -0.074432, 0.874906, 0.987889, -0.155053, 0.005789, -0.000267, 0.0, 0.0, 0.0, 1.0],
                [-0.005828, -0.074392, -0.997212, -1e-06, 0.155046, 0.985101, -0.074394, 0.874906, 0.98789, -0.155047, 0.005793, -0.000267, 0.0, 0.0, 0.0, 1.0],
                [-0.005806, -0.074318, -0.997218, -1e-06, 0.155036, 0.985109, -0.074318, 0.874906, 0.987891, -0.155036, 0.005802, -0.000267, 0.0, 0.0, 0.0, 1.0],
                [-0.005796, -0.074281, -0.99722, -1e-06, 0.155031, 0.985112, -0.07428, 0.874906, 0.987892, -0.155031, 0.005806, -0.000267, 0.0, 0.0, 0.0, 1.0],
                [-0.005774, -0.074207, -0.997226, -1e-06, 0.155021, 0.98512, -0.074203, 0.874906, 0.987894, -0.15502, 0.005815, -0.000267, 0.0, 0.0, 0.0, 1.0],
                [-0.005764, -0.07417, -0.997229, -1e-06, 0.155017, 0.985123, -0.074165, 0.874906, 0.987895, -0.155014, 0.005819, -0.000268, 0.0, 0.0, 0.0, 1.0],
                [-0.005753, -0.074133, -0.997232, -1e-06, 0.155012, 0.985127, -0.074127, 0.874906, 0.987895, -0.155009, 0.005824, -0.000267, 0.0, 0.0, 0.0, 1.0],
                [-0.005742, -0.074096, -0.997234, -1e-06, 0.155007, 0.985131, -0.074089, 0.874906, 0.987896, -0.155004, 0.005828, -0.000267, 0.0, 0.0, 0.0, 1.0],
                [-0.005732, -0.074059, -0.997237, -1e-06, 0.155002, 0.985134, -0.074051, 0.874905, 0.987897, -0.154998, 0.005833, -0.000267, 0.0, 0.0, 0.0, 1.0],
                [-0.005721, -0.074022, -0.99724, -1e-06, 0.154997, 0.985138, -0.074012, 0.874906, 0.987898, -0.154993, 0.005837, -0.000267, 0.0, 0.0, 0.0, 1.0],
                [-0.00571, -0.073985, -0.997243, -1e-06, 0.154992, 0.985142, -0.073974, 0.874906, 0.987899, -0.154987, 0.005841, -0.000266, 0.0, 0.0, 0.0, 1.0],
                [-0.0057, -0.073948, -0.997246, -1e-06, 0.154987, 0.985145, -0.073936, 0.874906, 0.9879, -0.154982, 0.005846, -0.000267, 0.0, 0.0, 0.0, 1.0],
                [-0.005678, -0.073873, -0.997251, -1e-06, 0.154978, 0.985153, -0.07386, 0.874905, 0.987901, -0.154971, 0.005855, -0.000266, 0.0, 0.0, 0.0, 1.0],
                [-0.005668, -0.073837, -0.997254, -1e-06, 0.154973, 0.985156, -0.073822, 0.874906, 0.987902, -0.154966, 0.005859, -0.000267, 0.0, 0.0, 0.0, 1.0],
                [-0.005657, -0.0738, -0.997257, -1e-06, 0.154968, 0.98516, -0.073783, 0.874905, 0.987903, -0.15496, 0.005863, -0.000266, 0.0, 0.0, 0.0, 1.0],
                [-0.005646, -0.073763, -0.99726, -1e-06, 0.154963, 0.985163, -0.073745, 0.874905, 0.987904, -0.154955, 0.005868, -0.000266, 0.0, 0.0, 0.0, 1.0],
                [-0.005636, -0.073726, -0.997262, -1e-06, 0.154958, 0.985167, -0.073707, 0.874906, 0.987905, -0.154949, 0.005872, -0.000266, 0.0, 0.0, 0.0, 1.0],
                [-0.005625, -0.073689, -0.997265, -1e-06, 0.154953, 0.985171, -0.073669, 0.874905, 0.987905, -0.154944, 0.005877, -0.000266, 0.0, 0.0, 0.0, 1.0],
                [-0.005614, -0.073652, -0.997268, -1e-06, 0.154948, 0.985174, -0.073631, 0.874905, 0.987906, -0.154938, 0.005881, -0.000266, 0.0, 0.0, 0.0, 1.0],
                [-0.005604, -0.073615, -0.997271, -1e-06, 0.154944, 0.985178, -0.073593, 0.874906, 0.987907, -0.154933, 0.005885, -0.000267, 0.0, 0.0, 0.0, 1.0],
                [-0.005593, -0.073578, -0.997274, -1e-06, 0.154939, 0.985182, -0.073554, 0.874906, 0.987908, -0.154928, 0.00589, -0.000266, 0.0, 0.0, 0.0, 1.0],
                [-0.005582, -0.073541, -0.997276, -1e-06, 0.154934, 0.985185, -0.073516, 0.874906, 0.987909, -0.154922, 0.005894, -0.000266, 0.0, 0.0, 0.0, 1.0],
                [-0.005572, -0.073504, -0.997279, -1e-06, 0.154929, 0.985189, -0.073478, 0.874906, 0.98791, -0.154917, 0.005899, -0.000266, 0.0, 0.0, 0.0, 1.0],
                [-0.005561, -0.073467, -0.997282, -1e-06, 0.154924, 0.985193, -0.07344, 0.874906, 0.98791, -0.154911, 0.005903, -0.000267, 0.0, 0.0, 0.0, 1.0],
                [-0.00555, -0.07343, -0.997285, -1e-06, 0.154919, 0.985196, -0.073402, 0.874905, 0.987911, -0.154906, 0.005907, -0.000266, 0.0, 0.0, 0.0, 1.0],
                [-0.00554, -0.073393, -0.997288, -1e-06, 0.154914, 0.9852, -0.073363, 0.874906, 0.987912, -0.1549, 0.005912, -0.000267, 0.0, 0.0, 0.0, 1.0],
                [-0.005529, -0.073356, -0.99729, -1e-06, 0.154909, 0.985203, -0.073325, 0.874905, 0.987913, -0.154895, 0.005916, -0.000267, 0.0, 0.0, 0.0, 1.0],
                [-0.005518, -0.073319, -0.997293, -1e-06, 0.154904, 0.985207, -0.073287, 0.874906, 0.987914, -0.15489, 0.005921, -0.000267, 0.0, 0.0, 0.0, 1.0],
                [-0.005508, -0.073282, -0.997296, -1e-06, 0.1549, 0.985211, -0.073249, 0.874905, 0.987915, -0.154884, 0.005925, -0.000266, 0.0, 0.0, 0.0, 1.0],
                [-0.005497, -0.073244, -0.997299, -1e-06, 0.154895, 0.985214, -0.073211, 0.874905, 0.987915, -0.154879, 0.005929, -0.000267, 0.0, 0.0, 0.0, 1.0],
                [-0.005486, -0.073207, -0.997301, -1e-06, 0.15489, 0.985218, -0.073173, 0.874905, 0.987916, -0.154873, 0.005934, -0.000267, 0.0, 0.0, 0.0, 1.0],
                [-0.005476, -0.07317, -0.997304, -1e-06, 0.154885, 0.985221, -0.073134, 0.874905, 0.987917, -0.154868, 0.005938, -0.000267, 0.0, 0.0, 0.0, 1.0],
                [-0.005465, -0.073133, -0.997307, -1e-06, 0.15488, 0.985225, -0.073096, 0.874905, 0.987918, -0.154862, 0.005943, -0.000267, 0.0, 0.0, 0.0, 1.0],
                [-0.005454, -0.073096, -0.99731, -1e-06, 0.154875, 0.985229, -0.073058, 0.874905, 0.987919, -0.154857, 0.005947, -0.000267, 0.0, 0.0, 0.0, 1.0],
                [-0.005444, -0.073059, -0.997313, -1e-06, 0.15487, 0.985232, -0.07302, 0.874905, 0.98792, -0.154852, 0.005951, -0.000267, 0.0, 0.0, 0.0, 1.0],
                [-0.005433, -0.073022, -0.997315, -1e-06, 0.154865, 0.985236, -0.072982, 0.874906, 0.98792, -0.154846, 0.005956, -0.000267, 0.0, 0.0, 0.0, 1.0],
                [-0.005412, -0.072948, -0.997321, -1e-06, 0.154856, 0.985243, -0.072905, 0.874906, 0.987922, -0.154835, 0.005965, -0.000267, 0.0, 0.0, 0.0, 1.0],
                [-0.005401, -0.072911, -0.997324, -1e-06, 0.154851, 0.985247, -0.072867, 0.874905, 0.987923, -0.15483, 0.005969, -0.000267, 0.0, 0.0, 0.0, 1.0],
                [-0.00539, -0.072874, -0.997326, -1e-06, 0.154846, 0.98525, -0.072829, 0.874906, 0.987924, -0.154824, 0.005973, -0.000267, 0.0, 0.0, 0.0, 1.0],
                [-0.00538, -0.072837, -0.997329, -1e-06, 0.154841, 0.985254, -0.072791, 0.874905, 0.987924, -0.154819, 0.005978, -0.000267, 0.0, 0.0, 0.0, 1.0],
                [-0.005369, -0.0728, -0.997332, -1e-06, 0.154836, 0.985257, -0.072752, 0.874905, 0.987925, -0.154814, 0.005982, -0.000267, 0.0, 0.0, 0.0, 1.0],
                [-0.005358, -0.072763, -0.997335, -1e-06, 0.154831, 0.985261, -0.072714, 0.874905, 0.987926, -0.154808, 0.005987, -0.000267, 0.0, 0.0, 0.0, 1.0],
                [-0.005348, -0.072726, -0.997337, -1e-06, 0.154826, 0.985265, -0.072676, 0.874905, 0.987927, -0.154803, 0.005991, -0.000267, 0.0, 0.0, 0.0, 1.0],
                [-0.005337, -0.072689, -0.99734, -1e-06, 0.154821, 0.985268, -0.072638, 0.874906, 0.987928, -0.154797, 0.005995, -0.000267, 0.0, 0.0, 0.0, 1.0],
                [-0.005326, -0.072652, -0.997343, -1e-06, 0.154816, 0.985272, -0.0726, 0.874906, 0.987929, -0.154792, 0.006, -0.000267, 0.0, 0.0, 0.0, 1.0],
                [-0.005316, -0.072615, -0.997346, -1e-06, 0.154811, 0.985275, -0.072562, 0.874905, 0.987929, -0.154786, 0.006004, -0.000267, 0.0, 0.0, 0.0, 1.0],
                [-0.005305, -0.072578, -0.997348, -1e-06, 0.154807, 0.985279, -0.072523, 0.874905, 0.98793, -0.154781, 0.006009, -0.000267, 0.0, 0.0, 0.0, 1.0],
                [-0.005294, -0.072541, -0.997351, -1e-06, 0.154802, 0.985282, -0.072485, 0.874905, 0.987931, -0.154776, 0.006013, -0.000267, 0.0, 0.0, 0.0, 1.0],
                [-0.005284, -0.072504, -0.997354, -1e-06, 0.154797, 0.985286, -0.072447, 0.874906, 0.987932, -0.15477, 0.006017, -0.000267, 0.0, 0.0, 0.0, 1.0],
                [-0.005273, -0.072467, -0.997357, -1e-06, 0.154792, 0.98529, -0.072409, 0.874906, 0.987933, -0.154765, 0.006022, -0.000267, 0.0, 0.0, 0.0, 1.0],
                [-0.004831, -0.068867, -0.997614, -1e-06, 0.142105, 0.987454, -0.068854, 0.874905, 0.989839, -0.142098, 0.005016, -0.000267, 0.0, 0.0, 0.0, 1.0],
                [-0.003874, -0.057341, -0.998347, -1e-06, 0.118555, 0.991287, -0.057396, 0.874906, 0.992939, -0.118582, 0.002958, -0.000267, 0.0, 0.0, 0.0, 1.0],
                [-0.00325, -0.038163, -0.999266, -1e-06, 0.079223, 0.996121, -0.0383, 0.874906, 0.996851, -0.07929, -0.000214, -0.000267, 0.0, 0.0, 0.0, 1.0],
                [-0.004478, -0.01489, -0.999879, -1e-06, 0.031272, 0.999398, -0.015023, 0.874906, 0.9995, -0.031336, -0.00401, -0.000267, 0.0, 0.0, 0.0, 1.0],
                [-0.008578, 0.010114, -0.999912, -1e-06, -0.020946, 0.999727, 0.010291, 0.874905, 0.999743, 0.021032, -0.008364, -0.000266, 0.0, 0.0, 0.0, 1.0],
                [-0.016013, 0.034413, -0.999279, -1e-06, -0.073139, 0.996689, 0.035496, 0.874906, 0.997193, 0.073655, -0.013443, -0.000267, 0.0, 0.0, 0.0, 1.0],
                [-0.026796, 0.055569, -0.998095, -1e-06, -0.121022, 0.990929, 0.058419, 0.874906, 0.992288, 0.122357, -0.019828, -0.000267, 0.0, 0.0, 0.0, 1.0],
                [-0.040708, 0.071315, -0.996623, -1e-06, -0.160326, 0.984059, 0.076964, 0.874905, 0.986224, 0.162918, -0.028625, -0.000267, 0.0, 0.0, 0.0, 1.0],
                [-0.060199, 0.082863, -0.994741, -1e-06, -0.189659, 0.977445, 0.0929, 0.874906, 0.980002, 0.194254, -0.043126, -0.000267, 0.0, 0.0, 0.0, 1.0],
                [-0.076253, 0.079622, -0.993904, -1e-06, -0.196872, 0.975981, 0.09329, 0.874905, 0.977459, 0.202785, -0.058746, -0.000267, 0.0, 0.0, 0.0, 1.0],
                [-0.080928, 0.051213, -0.995403, -1e-06, -0.160692, 0.984944, 0.06374, 0.874905, 0.983681, 0.165112, -0.07148, -0.000266, 0.0, 0.0, 0.0, 1.0],
                [-0.079612, 0.019081, -0.996643, -0.0, -0.095859, 0.995036, 0.026707, 0.874904, 0.992206, 0.097663, -0.077388, -0.000267, 0.0, 0.0, 0.0, 1.0],
                [-0.070132, 9.4e-05, -0.997537, -1e-06, -0.002, 0.999997, 0.000235, 0.874906, 0.997535, 0.002012, -0.070132, -0.000267, 0.0, 0.0, 0.0, 1.0],
                [-0.059214, 0.010286, -0.998192, -1e-06, 0.084799, 0.996384, 0.005237, 0.874907, 0.994637, -0.084336, -0.059872, -0.000267, 0.0, 0.0, 0.0, 1.0],
                [-0.054217, 0.02932, -0.998098, -1e-06, 0.111713, 0.993471, 0.023116, 0.874905, 0.99226, -0.110247, -0.057138, -0.000266, 0.0, 0.0, 0.0, 1.0],
                [-0.051952, 0.046579, -0.997562, -1e-06, 0.113064, 0.992763, 0.040467, 0.874906, 0.992228, -0.110687, -0.056842, -0.000267, 0.0, 0.0, 0.0, 1.0],
                [-0.051282, 0.06397, -0.996633, -1e-06, 0.107253, 0.992527, 0.058188, 0.874906, 0.992908, -0.103907, -0.05776, -0.000266, 0.0, 0.0, 0.0, 1.0],
                [-0.052085, 0.077739, -0.995612, -0.0, 0.094486, 0.992876, 0.072583, 0.874905, 0.994162, -0.090291, -0.059059, -0.000267, 0.0, 0.0, 0.0, 1.0],
                [-0.053162, 0.090372, -0.994488, -1e-06, 0.08065, 0.993031, 0.085928, 0.874906, 0.995323, -0.075637, -0.06008, -0.000267, 0.0, 0.0, 0.0, 1.0],
                [-0.054782, 0.099339, -0.993544, -1e-06, 0.065062, 0.993279, 0.095725, 0.874905, 0.996376, -0.059399, -0.060877, -0.000267, 0.0, 0.0, 0.0, 1.0],
                [-0.056698, 0.104027, -0.992957, -1e-06, 0.049256, 0.993637, 0.101286, 0.874905, 0.997175, -0.043166, -0.061461, -0.000267, 0.0, 0.0, 0.0, 1.0],
                [-0.058609, 0.104459, -0.9928, -1e-06, 0.034884, 0.994117, 0.102538, 0.874904, 0.997671, -0.028624, -0.061908, -0.000267, 0.0, 0.0, 0.0, 1.0],
                [-0.060212, 0.10111, -0.993051, -1e-06, 0.02348, 0.994724, 0.099857, 0.874905, 0.997909, -0.017304, -0.062268, -0.000267, 0.0, 0.0, 0.0, 1.0],
                [-0.061976, 0.094748, -0.99357, -1e-06, 0.015917, 0.995451, 0.093934, 0.874906, 0.99795, -0.009993, -0.063203, -0.000267, 0.0, 0.0, 0.0, 1.0],
                [-0.062099, 0.085744, -0.99438, -1e-06, 0.012516, 0.996291, 0.085127, 0.874904, 0.997991, -0.00716, -0.062942, -0.000267, 0.0, 0.0, 0.0, 1.0],
                [-0.061637, 0.074723, -0.995297, -1e-06, 0.011535, 0.99718, 0.074151, 0.874905, 0.998032, -0.00691, -0.062326, -0.000266, 0.0, 0.0, 0.0, 1.0],
                [-0.061016, 0.061716, -0.996227, -0.0, 0.011372, 0.998065, 0.061133, 0.874903, 0.998071, -0.007599, -0.0616, -0.000267, 0.0, 0.0, 0.0, 1.0],
                [-0.060417, 0.047094, -0.997061, -1e-06, 0.011091, 0.998856, 0.046507, 0.874905, 0.998111, -0.008249, -0.060871, -0.000267, 0.0, 0.0, 0.0, 1.0],
                [-0.060024, 0.031238, -0.997708, -0.0, 0.009602, 0.999482, 0.030716, 0.874905, 0.99815, -0.007736, -0.060292, -0.000266, 0.0, 0.0, 0.0, 1.0],
                [-0.059379, 0.014677, -0.998127, -1e-06, 0.005949, 0.999879, 0.014349, 0.874903, 0.998217, -0.005086, -0.059459, -0.000267, 0.0, 0.0, 0.0, 1.0],
                [-0.058565, -0.001857, -0.998282, -1e-06, -0.000604, 0.999998, -0.001825, 0.874906, 0.998283, 0.000496, -0.058566, -0.000267, 0.0, 0.0, 0.0, 1.0],
                [-0.056511, -0.017452, -0.998249, -0.0, -0.010375, 0.999803, -0.016891, 0.874906, 0.998348, 0.009403, -0.056681, -0.000266, 0.0, 0.0, 0.0, 1.0],
                [-0.05487, -0.031093, -0.998009, -0.0, -0.023519, 0.999278, -0.02984, 0.874905, 0.998216, 0.021835, -0.055561, -0.000267, 0.0, 0.0, 0.0, 1.0],
                [-0.053007, -0.041747, -0.997721, -1e-06, -0.039746, 0.998422, -0.039665, 0.874906, 0.997803, 0.037553, -0.054583, -0.000267, 0.0, 0.0, 0.0, 1.0],
                [-0.051026, -0.048509, -0.997518, -1e-06, -0.058402, 0.997255, -0.045508, 0.874906, 0.996988, 0.055934, -0.053719, -0.000266, 0.0, 0.0, 0.0, 1.0],
                [-0.049097, -0.05072, -0.997505, -2e-06, -0.078526, 0.995814, -0.046769, 0.874906, 0.995702, 0.076034, -0.052874, -0.000267, 0.0, 0.0, 0.0, 1.0],
                [-0.047434, -0.048084, -0.997716, -2e-06, -0.098962, 0.994152, -0.043208, 0.874907, 0.99396, 0.096686, -0.051915, -0.000267, 0.0, 0.0, 0.0, 1.0],
                [-0.046236, -0.04072, -0.9981, -0.0, -0.118472, 0.99234, -0.034997, 0.874906, 0.99188, 0.116629, -0.050706, -0.000267, 0.0, 0.0, 0.0, 1.0],
                [-0.045649, -0.029181, -0.998531, -0.0, -0.135916, 0.990459, -0.022732, 0.874907, 0.989668, 0.134679, -0.049179, -0.000266, 0.0, 0.0, 0.0, 1.0],
                [-0.045722, -0.014399, -0.99885, -0.0, -0.150371, 0.988602, -0.007368, 0.874905, 0.987571, 0.149861, -0.047366, -0.000266, 0.0, 0.0, 0.0, 1.0],
                [-0.046395, 0.002414, -0.99892, -1e-06, -0.161222, 0.986868, 0.009873, 0.874904, 0.985827, 0.161506, -0.045397, -0.000266, 0.0, 0.0, 0.0, 1.0],
                [-0.047529, 0.019886, -0.998672, -0.0, -0.168231, 0.98536, 0.027627, 0.874903, 0.984601, 0.169321, -0.043487, -0.000267, 0.0, 0.0, 0.0, 1.0],
                [-0.049006, 0.036869, -0.998118, -1e-06, -0.171854, 0.984103, 0.044789, 0.874906, 0.983902, 0.173726, -0.041891, -0.000267, 0.0, 0.0, 0.0, 1.0],
