{
    "animation": [
        {
            "name": "Root",
            "time": [0.0, 0.1, 0.2, 0.3, 0.4, 0.4667, 0.5667, 0.6333, 0.7333, 0.9333, 1.0667, 1.1667, 1.3333, 1.4667, 1.6, 1.7, 1.8333, 1.9667, 2.0667, 2.1333, 2.2333, 2.3, 2.4, 2.5333, 2.6, 2.7, 2.8, 2.8667, 2.9667, 3.0667, 3.1667, 3.2333, 3.3333, 3.4, 3.5, 3.5667],
            "transform": [
                [0.146243, 0.0, -0.989249, -0.055468, -0.989249, 0.0, -0.146243, -1.17417, 0.0, 1.0, 0.0, 0.395286, 0.0, 0.0, 0.0, 1.0],
                [0.146243, 0.0, -0.989249, -0.064465, -0.989249, 0.0, -0.146243, -1.002312, 0.0, 1.0, 0.0, 0.553793, 0.0, 0.0, 0.0, 1.0],
                [0.146243, 0.0, -0.989249, -0.050759, -0.989249, 0.0, -0.146243, -1.012968, 0.0, 1.0, 0.0, 1.048844, 0.0, 0.0, 0.0, 1.0],
                [0.146243, 0.0, -0.989249, -0.007626, -0.989249, 0.0, -0.146243, -1.046505, 0.0, 1.0, 0.0, 1.950365, 0.0, 0.0, 0.0, 1.0],
                [0.146243, 0.0, -0.989249, 0.023249, -0.989249, 0.0, -0.146243, -1.070511, 0.0, 1.0, 0.0, 2.509367, 0.0, 0.0, 0.0, 1.0],
                [0.145212, -0.037573, -0.988687, 0.022762, -0.989228, 0.013182, -0.145793, -1.080152, 0.018511, 0.999207, -0.035254, 2.508591, 0.0, 0.0, 0.0, 1.0],
                [0.144829, -0.138684, -0.979689, 0.015639, -0.989249, 0.0, -0.146243, -1.085934, 0.020281, 0.990337, -0.137193, 2.507161, 0.0, 0.0, 0.0, 1.0],
                [0.176233, -0.171758, -0.969248, -0.008649, -0.983071, -0.080863, -0.164417, -1.044071, -0.050136, 0.981815, -0.183101, 2.507459, 0.0, 0.0, 0.0, 1.0],
                [0.302912, -0.084298, -0.949283, -0.059993, -0.951719, -0.078753, -0.296696, -0.89151, -0.049748, 0.993324, -0.104083, 2.534514, 0.0, 0.0, 0.0, 1.0],
                [0.302912, -0.084298, -0.949283, -0.059993, -0.951999, 0.01929, -0.305492, -0.886473, 0.044064, 0.996254, -0.074409, 2.546604, 0.0, 0.0, 0.0, 1.0],
                [0.302912, -0.084298, -0.949283, -0.059993, -0.952439, -0.061499, -0.298458, -0.898055, -0.03322, 0.994541, -0.098918, 2.525171, 0.0, 0.0, 0.0, 1.0],
                [0.646813, -0.257252, -0.717951, -0.102155, -0.755801, -0.342089, -0.558337, -0.729568, -0.10197, 0.903768, -0.415699, 2.518708, 0.0, 0.0, 0.0, 1.0],
                [0.827437, -0.374332, -0.418597, -0.235744, -0.561428, -0.567501, -0.602281, -0.665697, -0.012101, 0.733361, -0.679732, 2.570922, 0.0, 0.0, 0.0, 1.0],
                [0.864921, -0.464812, -0.18937, -0.522698, -0.499785, -0.832268, -0.239883, -1.10813, -0.046106, 0.302125, -0.952153, 2.961647, 0.0, 0.0, 0.0, 1.0],
                [0.952702, 0.110108, 0.283258, -0.957955, -0.013785, -0.915442, 0.402213, -1.783404, 0.303593, -0.387094, -0.870626, 2.809986, 0.0, 0.0, 0.0, 1.0],
                [0.772238, 0.555601, 0.308149, -1.092055, -0.15082, -0.310841, 0.938419, -2.318268, 0.617172, -0.771158, -0.156248, 2.408793, 0.0, 0.0, 0.0, 1.0],
                [0.520932, 0.818847, -0.241082, -0.879849, -0.154803, 0.368373, 0.916699, -2.539765, 0.839444, -0.440218, 0.318657, 2.089694, 0.0, 0.0, 0.0, 1.0],
                [0.216819, 0.688248, -0.692318, -0.222176, -0.314911, 0.720587, 0.617727, -2.390363, 0.924024, 0.084084, 0.372973, 1.887648, 0.0, 0.0, 0.0, 1.0],
                [0.144804, 0.359266, -0.921933, 0.217396, -0.494268, 0.833437, 0.247147, -2.180237, 0.857165, 0.419894, 0.298258, 1.589516, 0.0, 0.0, 0.0, 1.0],
                [0.183693, 0.153207, -0.970971, 0.325089, -0.60773, 0.794077, 0.010322, -1.929939, 0.772607, 0.588192, 0.238975, 1.467022, 0.0, 0.0, 0.0, 1.0],
                [0.495122, 0.110761, -0.861735, 0.322354, -0.697292, 0.642348, -0.318077, -1.391964, 0.518303, 0.758368, 0.395273, 1.437919, 0.0, 0.0, 0.0, 1.0],
                [0.611072, 0.153046, -0.776639, 0.31243, -0.701279, 0.559739, -0.441475, -1.203859, 0.367149, 0.814414, 0.449369, 1.435929, 0.0, 0.0, 0.0, 1.0],
                [0.611374, 0.131569, -0.780328, 0.112917, -0.718219, 0.506256, -0.477354, -1.190608, 0.332241, 0.852288, 0.404007, 1.432802, 0.0, 0.0, 0.0, 1.0],
                [0.611374, 0.131569, -0.780328, -0.1451, -0.718219, 0.506256, -0.477354, -1.025088, 0.332241, 0.852288, 0.404007, 1.267281, 0.0, 0.0, 0.0, 1.0],
                [0.611374, 0.131569, -0.780328, -0.170187, -0.718219, 0.506256, -0.477354, -1.006362, 0.332241, 0.852288, 0.404007, 1.125442, 0.0, 0.0, 0.0, 1.0],
                [0.611374, 0.131569, -0.780328, -0.177587, -0.718219, 0.506256, -0.477354, -0.987334, 0.332241, 0.852288, 0.404007, 0.933667, 0.0, 0.0, 0.0, 1.0],
                [0.604258, 0.129581, -0.786181, -0.181864, -0.684462, 0.589533, -0.428908, -0.793868, 0.407902, 0.797282, 0.444924, 0.823114, 0.0, 0.0, 0.0, 1.0],
                [0.600757, 0.128705, -0.789004, -0.182902, -0.662571, 0.632404, -0.40133, -0.666116, 0.447316, 0.763872, 0.465197, 0.751575, 0.0, 0.0, 0.0, 1.0],
                [0.851311, 0.055732, -0.521693, -0.039399, -0.450058, 0.588639, -0.67153, -0.62105, 0.269663, 0.806473, 0.526197, 0.599059, 0.0, 0.0, 0.0, 1.0],
                [0.984095, 0.010008, -0.177364, 0.104104, -0.156599, 0.520257, -0.839529, -0.59996, 0.083873, 0.853951, 0.51355, 0.511772, 0.0, 0.0, 0.0, 1.0],
                [0.984095, 0.010008, -0.177364, 0.104104, -0.156599, 0.520257, -0.839529, -0.505765, 0.083873, 0.853951, 0.51355, 0.546287, 0.0, 0.0, 0.0, 1.0],
                [0.984095, 0.010008, -0.177364, 0.104104, -0.156599, 0.520257, -0.839529, -0.413344, 0.083873, 0.853951, 0.51355, 0.60508, 0.0, 0.0, 0.0, 1.0],
                [0.986394, -0.006078, -0.164288, 0.070244, -0.153048, 0.330955, -0.931152, -0.262787, 0.060032, 0.943627, 0.325522, 0.717606, 0.0, 0.0, 0.0, 1.0],
                [0.987741, -0.015621, -0.155321, 0.03288, -0.150969, 0.157537, -0.975905, -0.166197, 0.039713, 0.987389, 0.153248, 0.752036, 0.0, 0.0, 0.0, 1.0],
                [0.987775, -0.016504, -0.155013, -0.002924, -0.153616, 0.06615, -0.985914, -0.05235, 0.026526, 0.997673, 0.062806, 0.746115, 0.0, 0.0, 0.0, 1.0],
                [0.987741, -0.015621, -0.155321, -0.009726, -0.154139, 0.059805, -0.986238, -0.024612, 0.024695, 0.998088, 0.056664, 0.742899, 0.0, 0.0, 0.0, 1.0]
            ]
        },
        {
            "name": "Thigh_L",
            "time": [0.0, 0.1, 0.2, 0.3, 0.4, 0.4667, 0.5667, 0.6333, 0.7333, 0.9333, 1.0667, 1.1667, 1.3333, 1.4667, 1.6, 1.7, 1.8333, 1.9667, 2.0667, 2.1333, 2.2333, 2.3, 2.4, 2.5333, 2.6, 2.7, 2.8, 2.8667, 2.9667, 3.0667, 3.1667, 3.2333, 3.3333, 3.4, 3.5, 3.5667],
            "transform": [
                [0.426389, -0.900931, 0.080714, -0.117073, -0.63316, -0.233547, 0.737946, 0.002457, -0.645988, -0.365757, -0.670016, 0.030709, 0.0, 0.0, 0.0, 1.0],
                [0.546704, -0.814423, -0.194499, -0.117073, -0.409145, -0.462497, 0.786573, 0.002457, -0.730558, -0.350444, -0.586066, 0.030709, 0.0, 0.0, 0.0, 1.0],
                [0.718967, -0.086929, -0.689587, -0.117073, -0.011396, -0.993489, 0.113357, 0.002458, -0.694951, -0.073641, -0.715276, 0.030709, 0.0, 0.0, 0.0, 1.0],
                [0.89015, -0.221276, -0.398334, -0.117073, -0.013491, -0.886591, 0.462358, 0.002457, -0.455468, -0.406194, -0.792184, 0.030709, 0.0, 0.0, 0.0, 1.0],
                [0.956338, -0.217345, -0.195394, -0.117073, -0.100727, -0.872704, 0.477746, 0.002457, -0.274356, -0.437205, -0.856493, 0.030709, 0.0, 0.0, 0.0, 1.0],
                [0.956193, -0.230599, -0.180332, -0.117073, -0.109124, -0.852396, 0.511384, 0.002458, -0.271639, -0.469303, -0.840219, 0.030709, 0.0, 0.0, 0.0, 1.0],
                [0.956338, -0.217345, -0.195394, -0.117073, -0.100727, -0.872704, 0.477746, 0.002457, -0.274357, -0.437205, -0.856493, 0.030709, 0.0, 0.0, 0.0, 1.0],
                [0.954401, -0.227726, -0.193024, -0.117073, -0.099594, -0.852439, 0.513253, 0.002458, -0.281422, -0.470625, -0.836249, 0.030709, 0.0, 0.0, 0.0, 1.0],
                [0.956338, -0.217345, -0.195393, -0.117073, -0.100727, -0.872703, 0.477748, 0.002457, -0.274356, -0.437207, -0.856492, 0.030709, 0.0, 0.0, 0.0, 1.0],
                [0.956338, -0.217346, -0.195393, -0.117073, -0.100728, -0.872703, 0.477749, 0.002457, -0.274356, -0.437208, -0.856492, 0.030709, 0.0, 0.0, 0.0, 1.0],
                [0.956338, -0.217345, -0.195393, -0.117073, -0.100727, -0.872704, 0.477747, 0.002457, -0.274356, -0.437206, -0.856493, 0.030709, 0.0, 0.0, 0.0, 1.0],
                [0.976111, -0.146858, -0.160123, -0.117073, -0.074276, -0.918123, 0.389274, 0.002457, -0.204181, -0.368081, -0.907098, 0.030709, 0.0, 0.0, 0.0, 1.0],
                [0.991297, -0.079131, -0.105211, -0.117073, -0.086799, -0.993735, -0.070413, 0.002457, -0.09898, 0.078932, -0.991954, 0.030709, 0.0, 0.0, 0.0, 1.0],
                [0.991296, -0.079131, -0.105211, -0.117073, -0.086799, -0.993734, -0.070415, 0.002458, -0.09898, 0.078934, -0.991954, 0.03071, 0.0, 0.0, 0.0, 1.0],
                [0.991296, -0.079131, -0.105211, -0.117073, -0.086799, -0.993734, -0.070413, 0.002457, -0.09898, 0.078933, -0.991954, 0.030709, 0.0, 0.0, 0.0, 1.0],
                [0.991297, -0.079131, -0.105211, -0.117073, -0.086799, -0.993734, -0.070413, 0.002457, -0.09898, 0.078933, -0.991954, 0.030708, 0.0, 0.0, 0.0, 1.0],
                [0.991297, -0.079131, -0.10521, -0.117073, -0.086799, -0.993734, -0.070416, 0.002457, -0.098979, 0.078935, -0.991954, 0.030709, 0.0, 0.0, 0.0, 1.0],
                [0.991297, -0.079131, -0.10521, -0.117073, -0.086799, -0.993734, -0.070414, 0.002457, -0.098979, 0.078934, -0.991954, 0.030709, 0.0, 0.0, 0.0, 1.0],
                [0.995037, -0.048171, -0.08707, -0.117073, -0.037624, -0.992186, 0.118958, 0.002458, -0.09212, -0.115092, -0.989074, 0.030709, 0.0, 0.0, 0.0, 1.0],
                [0.991297, -0.079131, -0.10521, -0.117073, -0.086799, -0.993734, -0.070413, 0.002457, -0.098979, 0.078932, -0.991954, 0.030709, 0.0, 0.0, 0.0, 1.0],
                [0.886217, -0.459977, 0.05514, -0.117073, -0.462594, -0.88506, 0.051722, 0.002457, 0.025011, -0.071344, -0.997138, 0.030709, 0.0, 0.0, 0.0, 1.0],
                [0.834716, -0.545561, 0.074923, -0.117073, -0.549124, -0.83484, 0.038787, 0.002457, 0.041388, -0.073518, -0.996435, 0.030709, 0.0, 0.0, 0.0, 1.0],
                [0.931852, -0.34967, 0.096867, -0.117073, -0.362315, -0.882395, 0.300179, 0.002457, -0.019488, -0.314818, -0.948952, 0.030709, 0.0, 0.0, 0.0, 1.0],
                [0.729054, -0.667047, -0.153395, -0.117073, -0.07192, -0.297529, 0.952001, 0.002457, -0.680668, -0.683027, -0.264888, 0.030709, 0.0, 0.0, 0.0, 1.0],
                [0.693092, -0.720052, -0.033893, -0.117073, -0.095444, -0.138272, 0.985785, 0.002457, -0.714503, -0.680004, -0.164559, 0.030709, 0.0, 0.0, 0.0, 1.0],
                [0.590901, -0.798518, -0.114917, -0.117073, -0.154709, -0.251963, 0.955291, 0.002457, -0.791771, -0.546703, -0.272422, 0.030709, 0.0, 0.0, 0.0, 1.0],
                [0.599751, -0.743797, -0.295067, -0.117073, -0.152043, -0.467958, 0.870574, 0.002457, -0.785609, -0.477265, -0.393748, 0.030709, 0.0, 0.0, 0.0, 1.0],
                [0.590901, -0.798518, -0.114917, -0.117073, -0.154708, -0.251962, 0.955291, 0.002457, -0.791772, -0.546703, -0.272422, 0.030709, 0.0, 0.0, 0.0, 1.0],
                [0.761199, -0.580106, 0.289921, -0.117073, -0.226837, 0.18065, 0.957032, 0.002457, -0.607554, -0.794257, 0.005921, 0.030709, 0.0, 0.0, 0.0, 1.0],
                [0.908245, -0.259561, 0.328206, -0.117073, -0.244058, 0.308519, 0.919376, 0.002457, -0.339892, -0.91512, 0.216863, 0.030709, 0.0, 0.0, 0.0, 1.0],
                [0.956488, -0.269426, 0.111986, -0.117073, -0.061278, 0.189758, 0.979917, 0.002457, -0.285265, -0.94414, 0.164992, 0.030709, 0.0, 0.0, 0.0, 1.0],
                [0.958616, -0.284694, 0.002087, -0.117073, -0.008322, -0.020692, 0.999751, 0.002457, -0.28458, -0.958395, -0.022205, 0.030709, 0.0, 0.0, 0.0, 1.0],
                [0.962676, -0.246879, -0.110924, -0.117073, -0.047403, -0.557296, 0.828959, 0.002457, -0.26647, -0.792762, -0.548199, 0.030709, 0.0, 0.0, 0.0, 1.0],
                [0.965338, -0.21518, -0.147715, -0.117073, -0.075899, -0.772932, 0.629933, 0.002457, -0.249723, -0.596887, -0.762473, 0.030709, 0.0, 0.0, 0.0, 1.0],
                [0.983579, -0.135484, -0.119228, -0.117073, -0.088382, -0.937594, 0.336312, 0.002457, -0.157353, -0.320252, -0.934172, 0.030709, 0.0, 0.0, 0.0, 1.0],
                [0.991359, -0.095223, -0.090223, -0.117073, -0.081089, -0.985491, 0.149107, 0.002457, -0.103112, -0.140502, -0.984696, 0.030709, 0.0, 0.0, 0.0, 1.0]
            ]
        },
        {
            "name": "Leg_L",
            "time": [0.0, 0.1, 0.2, 0.3, 0.4, 0.4667, 0.5667, 0.6333, 0.7333, 0.9333, 1.0667, 1.1667, 1.3333, 1.4667, 1.6, 1.7, 1.8333, 1.9667, 2.0667, 2.1333, 2.2333, 2.3, 2.4, 2.5333, 2.6, 2.7, 2.8, 2.8667, 2.9667, 3.0667, 3.1667, 3.2333, 3.3333, 3.4, 3.5, 3.5667],
            "transform": [
                [1.0, -0.0, 1e-06, 0.0, -0.0, 0.635108, 0.772423, 0.374793, -1e-06, -0.772424, 0.635108, 0.0, 0.0, 0.0, 0.0, 1.0],
                [1.0, -0.0, 1e-06, -0.0, -0.0, 0.527235, 0.849719, 0.374793, -1e-06, -0.849719, 0.527235, -0.0, 0.0, 0.0, 0.0, 1.0],
                [1.0, 0.0, 1e-06, -0.0, -0.0, 0.999995, 0.003096, 0.374793, -1e-06, -0.003096, 0.999996, 0.0, 0.0, 0.0, 0.0, 1.0],
                [1.0, -0.0, 1e-06, -0.0, -0.0, 0.859247, 0.511562, 0.374793, -1e-06, -0.511562, 0.859247, 0.0, 0.0, 0.0, 0.0, 1.0],
                [1.0, -0.0, 1e-06, -0.0, -0.0, 0.881955, 0.471334, 0.374794, -1e-06, -0.471334, 0.881955, -0.0, 0.0, 0.0, 0.0, 1.0],
                [1.0, -0.0, 1e-06, -0.0, -0.0, 0.874756, 0.484562, 0.374793, -1e-06, -0.484562, 0.874757, 0.0, 0.0, 0.0, 0.0, 1.0],
                [1.0, -0.0, 1e-06, 0.0, -0.0, 0.881954, 0.471335, 0.374793, -1e-06, -0.471335, 0.881954, 0.0, 0.0, 0.0, 0.0, 1.0],
                [1.0, -0.0, 1e-06, -0.0, -0.0, 0.843994, 0.536353, 0.374793, -1e-06, -0.536353, 0.843994, -0.0, 0.0, 0.0, 0.0, 1.0],
                [1.0, -0.0, 1e-06, -0.0, -0.0, 0.881953, 0.471337, 0.374794, -1e-06, -0.471338, 0.881953, 0.0, 0.0, 0.0, 0.0, 1.0],
                [1.0, -0.0, 1e-06, -0.0, -0.0, 0.881952, 0.471339, 0.374793, -1e-06, -0.471339, 0.881952, -0.0, 0.0, 0.0, 0.0, 1.0],
                [1.0, -0.0, 1e-06, -0.0, -0.0, 0.881954, 0.471335, 0.374793, -1e-06, -0.471335, 0.881954, -0.0, 0.0, 0.0, 0.0, 1.0],
                [1.0, -0.0, 1e-06, 0.0, -0.0, 0.616636, 0.787248, 0.374794, -1e-06, -0.787248, 0.616636, 0.0, 0.0, 0.0, 0.0, 1.0],
                [1.0, -0.0, 1e-06, 0.0, -0.0, 0.772028, 0.635588, 0.374793, -1e-06, -0.635588, 0.772028, 0.0, 0.0, 0.0, 0.0, 1.0],
                [1.0, -0.0, 1e-06, 0.0, -0.0, 0.772031, 0.635585, 0.374793, -1e-06, -0.635585, 0.772031, 0.0, 0.0, 0.0, 0.0, 1.0],
                [1.0, -0.0, 1e-06, 0.0, -0.0, 0.77203, 0.635586, 0.374793, -1e-06, -0.635586, 0.77203, -0.0, 0.0, 0.0, 0.0, 1.0],
                [1.0, -0.0, 1e-06, -0.0, -0.0, 0.772029, 0.635587, 0.374794, -1e-06, -0.635587, 0.772029, 0.0, 0.0, 0.0, 0.0, 1.0],
                [1.0, -0.0, 1e-06, 0.0, -0.0, 0.772031, 0.635584, 0.374794, -1e-06, -0.635584, 0.772031, -0.0, 0.0, 0.0, 0.0, 1.0],
                [1.0, -0.0, 1e-06, -0.0, -0.0, 0.77203, 0.635586, 0.374793, -1e-06, -0.635586, 0.77203, -0.0, 0.0, 0.0, 0.0, 1.0],
                [1.0, -1e-06, 1e-06, 0.0, -0.0, 0.496681, 0.867933, 0.374793, -1e-06, -0.867933, 0.496681, 0.0, 0.0, 0.0, 0.0, 1.0],
                [1.0, -0.0, 1e-06, 0.0, -0.0, 0.772028, 0.635589, 0.374794, -1e-06, -0.635589, 0.772028, 0.0, 0.0, 0.0, 0.0, 1.0],
                [1.0, -0.0, 1e-06, 0.0, -0.0, 0.7039, 0.710299, 0.374793, -1e-06, -0.7103, 0.7039, 0.0, 0.0, 0.0, 0.0, 1.0],
                [1.0, -0.0, 1e-06, 0.0, -0.0, 0.872643, 0.488359, 0.374793, -1e-06, -0.488359, 0.872643, 0.0, 0.0, 0.0, 0.0, 1.0],
                [1.0, -0.0, 1e-06, -0.0, -0.0, 0.786271, 0.617881, 0.374793, -1e-06, -0.617881, 0.786271, -0.0, 0.0, 0.0, 0.0, 1.0],
                [1.0, 0.0, 1e-06, 0.0, -0.0, 0.952396, 0.304864, 0.374794, -1e-06, -0.304864, 0.952396, 0.0, 0.0, 0.0, 0.0, 1.0],
                [1.0, -0.0, 1e-06, 0.0, -0.0, 0.82135, 0.570424, 0.374793, -1e-06, -0.570424, 0.82135, 0.0, 0.0, 0.0, 0.0, 1.0],
                [1.0, 0.0, 1e-06, 0.0, -0.0, 0.91399, 0.405735, 0.374793, -1e-06, -0.405735, 0.91399, 0.0, 0.0, 0.0, 0.0, 1.0],
                [1.0, 0.0, 1e-06, -0.0, -0.0, 0.999995, 0.003099, 0.374793, -1e-06, -0.003099, 0.999995, 0.0, 0.0, 0.0, 0.0, 1.0],
                [1.0, -0.0, 1e-06, 0.0, -0.0, 0.91399, 0.405737, 0.374794, -1e-06, -0.405737, 0.91399, 0.0, 0.0, 0.0, 0.0, 1.0],
                [1.0, -1e-06, 1e-06, 0.0, -0.0, 0.451522, 0.89226, 0.374793, -1e-06, -0.89226, 0.451522, 0.0, 0.0, 0.0, 0.0, 1.0],
                [1.0, -1e-06, 0.0, -0.0, -0.0, 0.325321, 0.945603, 0.374793, -1e-06, -0.945603, 0.325321, 0.0, 0.0, 0.0, 0.0, 1.0],
                [1.0, -1e-06, 1e-06, 0.0, -0.0, 0.439875, 0.898059, 0.374793, -1e-06, -0.898059, 0.439875, -0.0, 0.0, 0.0, 0.0, 1.0],
                [1.0, -0.0, 1e-06, -0.0, -0.0, 0.627551, 0.778576, 0.374793, -1e-06, -0.778576, 0.627551, -0.0, 0.0, 0.0, 0.0, 1.0],
                [1.0, -0.0, 1e-06, 0.0, -0.0, 0.862864, 0.505436, 0.374793, -1e-06, -0.505436, 0.862864, 0.0, 0.0, 0.0, 0.0, 1.0],
                [1.0, -0.0, 1e-06, -0.0, -0.0, 0.856766, 0.515705, 0.374793, -1e-06, -0.515705, 0.856766, -0.0, 0.0, 0.0, 0.0, 1.0],
                [1.0, -0.0, 1e-06, 0.0, -0.0, 0.895148, 0.445769, 0.374793, -1e-06, -0.445769, 0.895148, -0.0, 0.0, 0.0, 0.0, 1.0],
                [1.0, 0.0, 1e-06, 0.0, -0.0, 0.977522, 0.210835, 0.374793, -1e-06, -0.210835, 0.977522, -0.0, 0.0, 0.0, 0.0, 1.0]
            ]
        },
        {
            "name": "Knee_L",
            "time": [0.0, 0.1, 0.2, 0.3, 0.4, 0.4667, 0.5667, 0.6333, 0.7333, 0.9333, 1.0667, 1.1667, 1.3333, 1.4667, 1.6, 1.7, 1.8333, 1.9667, 2.0667, 2.1333, 2.2333, 2.3, 2.4, 2.5333, 2.6, 2.7, 2.8, 2.8667, 2.9667, 3.0667, 3.1667, 3.2333, 3.3333, 3.4, 3.5, 3.5667],
            "transform": [
                [1.0, 0.0, -0.0, 0.0, -0.0, 0.019774, -0.999805, 0.374647, -0.0, 0.999805, 0.019773, -0.007409, 0.0, 0.0, 0.0, 1.0],
                [1.0, 0.0, -0.0, -0.0, -0.0, 0.019774, -0.999805, 0.374647, -0.0, 0.999805, 0.019773, -0.007409, 0.0, 0.0, 0.0, 1.0],
                [1.0, 0.0, -0.0, 0.0, -0.0, 0.019774, -0.999805, 0.374647, -0.0, 0.999805, 0.019773, -0.00741, 0.0, 0.0, 0.0, 1.0],
                [1.0, 0.0, -0.0, -0.0, -0.0, 0.019774, -0.999804, 0.374647, -0.0, 0.999805, 0.019773, -0.007409, 0.0, 0.0, 0.0, 1.0],
                [1.0, 0.0, -0.0, -0.0, -0.0, 0.019774, -0.999804, 0.374647, -0.0, 0.999804, 0.019773, -0.00741, 0.0, 0.0, 0.0, 1.0],
                [1.0, 0.0, -0.0, -0.0, -0.0, 0.019774, -0.999804, 0.374647, -0.0, 0.999804, 0.019773, -0.007409, 0.0, 0.0, 0.0, 1.0],
                [1.0, 0.0, -0.0, 0.0, -0.0, 0.019774, -0.999805, 0.374647, -0.0, 0.999805, 0.019773, -0.007409, 0.0, 0.0, 0.0, 1.0],
                [1.0, 0.0, -0.0, -0.0, -0.0, 0.019774, -0.999805, 0.374647, -0.0, 0.999805, 0.019773, -0.00741, 0.0, 0.0, 0.0, 1.0],
                [1.0, 0.0, -0.0, -0.0, -0.0, 0.019774, -0.999804, 0.374647, -0.0, 0.999804, 0.019773, -0.00741, 0.0, 0.0, 0.0, 1.0],
                [1.0, 0.0, -0.0, -0.0, -0.0, 0.019773, -0.999805, 0.374647, -0.0, 0.999805, 0.019773, -0.007409, 0.0, 0.0, 0.0, 1.0],
                [1.0, 0.0, -0.0, -0.0, -0.0, 0.019773, -0.999805, 0.374647, -0.0, 0.999805, 0.019773, -0.00741, 0.0, 0.0, 0.0, 1.0],
                [1.0, 0.0, -0.0, 0.0, -0.0, 0.019774, -0.999805, 0.374647, -0.0, 0.999805, 0.019773, -0.007409, 0.0, 0.0, 0.0, 1.0],
                [1.0, 0.0, -0.0, 0.0, -0.0, 0.019774, -0.999804, 0.374647, -0.0, 0.999804, 0.019773, -0.007409, 0.0, 0.0, 0.0, 1.0],
                [1.0, 0.0, -0.0, 0.0, -0.0, 0.019774, -0.999804, 0.374647, -0.0, 0.999804, 0.019773, -0.007409, 0.0, 0.0, 0.0, 1.0],
                [1.0, 0.0, -0.0, -0.0, -0.0, 0.019774, -0.999805, 0.374647, -0.0, 0.999805, 0.019773, -0.00741, 0.0, 0.0, 0.0, 1.0],
                [1.0, 0.0, -0.0, 0.0, -0.0, 0.019774, -0.999805, 0.374647, -0.0, 0.999805, 0.019773, -0.007409, 0.0, 0.0, 0.0, 1.0],
                [1.0, 0.0, -0.0, -0.0, -0.0, 0.019774, -0.999805, 0.374647, -0.0, 0.999805, 0.019773, -0.00741, 0.0, 0.0, 0.0, 1.0],
                [1.0, 0.0, -0.0, 0.0, -0.0, 0.019774, -0.999805, 0.374647, -0.0, 0.999805, 0.019773, -0.007409, 0.0, 0.0, 0.0, 1.0],
                [1.0, 0.0, -0.0, 0.0, -0.0, 0.019774, -0.999804, 0.374647, -0.0, 0.999804, 0.019773, -0.007409, 0.0, 0.0, 0.0, 1.0],
                [1.0, 0.0, -0.0, -0.0, -0.0, 0.019774, -0.999805, 0.374647, -0.0, 0.999805, 0.019773, -0.007409, 0.0, 0.0, 0.0, 1.0],
                [1.0, 0.0, -0.0, -0.0, -0.0, 0.019774, -0.999805, 0.374647, -0.0, 0.999804, 0.019773, -0.007409, 0.0, 0.0, 0.0, 1.0],
                [1.0, 0.0, -0.0, 0.0, -0.0, 0.019774, -0.999804, 0.374647, -0.0, 0.999804, 0.019773, -0.00741, 0.0, 0.0, 0.0, 1.0],
                [1.0, 0.0, -0.0, -0.0, -0.0, 0.019774, -0.999805, 0.374647, -0.0, 0.999804, 0.019773, -0.00741, 0.0, 0.0, 0.0, 1.0],
                [1.0, 0.0, -0.0, 0.0, -0.0, 0.019774, -0.999805, 0.374647, -0.0, 0.999805, 0.019773, -0.007409, 0.0, 0.0, 0.0, 1.0],
                [1.0, 0.0, -0.0, 0.0, -0.0, 0.019774, -0.999805, 0.374647, -0.0, 0.999805, 0.019773, -0.007409, 0.0, 0.0, 0.0, 1.0],
                [1.0, 0.0, -0.0, 0.0, -0.0, 0.019773, -0.999805, 0.374647, -0.0, 0.999805, 0.019773, -0.007409, 0.0, 0.0, 0.0, 1.0],
                [1.0, 0.0, -0.0, 0.0, -0.0, 0.019774, -0.999805, 0.374647, -0.0, 0.999805, 0.019773, -0.007409, 0.0, 0.0, 0.0, 1.0],
                [1.0, 0.0, -0.0, 0.0, -0.0, 0.019773, -0.999805, 0.374647, -0.0, 0.999805, 0.019773, -0.007409, 0.0, 0.0, 0.0, 1.0],
                [1.0, 0.0, -0.0, 0.0, -0.0, 0.019774, -0.999804, 0.374647, -0.0, 0.999805, 0.019773, -0.007409, 0.0, 0.0, 0.0, 1.0],
                [1.0, 0.0, -0.0, 0.0, -0.0, 0.019774, -0.999804, 0.374647, -0.0, 0.999804, 0.019773, -0.007409, 0.0, 0.0, 0.0, 1.0],
                [1.0, 0.0, -0.0, -0.0, -0.0, 0.019774, -0.999804, 0.374647, -0.0, 0.999804, 0.019773, -0.007409, 0.0, 0.0, 0.0, 1.0],
                [1.0, 0.0, -0.0, -0.0, -0.0, 0.019774, -0.999804, 0.374647, -0.0, 0.999804, 0.019773, -0.007409, 0.0, 0.0, 0.0, 1.0],
                [1.0, 0.0, -0.0, 0.0, -0.0, 0.019773, -0.999804, 0.374647, -0.0, 0.999804, 0.019773, -0.007409, 0.0, 0.0, 0.0, 1.0],
                [1.0, 0.0, -0.0, -0.0, -0.0, 0.019774, -0.999804, 0.374647, -0.0, 0.999805, 0.019773, -0.007409, 0.0, 0.0, 0.0, 1.0],
                [1.0, 0.0, -0.0, -0.0, -0.0, 0.019774, -0.999804, 0.374647, -0.0, 0.999804, 0.019773, -0.007409, 0.0, 0.0, 0.0, 1.0],
                [1.0, 0.0, -0.0, 0.0, -0.0, 0.019774, -0.999805, 0.374647, -0.0, 0.999805, 0.019773, -0.007409, 0.0, 0.0, 0.0, 1.0]
            ]
        },
        {
            "name": "Torso",
            "time": [0.0, 0.1, 0.2, 0.3, 0.4, 0.4667, 0.5667, 0.6333, 0.7333, 0.9333, 1.0667, 1.1667, 1.3333, 1.4667, 1.6, 1.7, 1.8333, 1.9667, 2.0667, 2.1333, 2.2333, 2.3, 2.4, 2.5333, 2.6, 2.7, 2.8, 2.8667, 2.9667, 3.0667, 3.1667, 3.2333, 3.3333, 3.4, 3.5, 3.5667],
            "transform": [
                [0.974169, -0.012536, 0.225473, -0.0, 0.013974, 0.999891, -0.004784, 0.05, -0.225388, 0.007811, 0.974238, 0.0, 0.0, 0.0, 0.0, 1.0],
                [0.974169, -0.012536, 0.225473, 0.0, 0.013974, 0.999891, -0.004784, 0.05, -0.225388, 0.007811, 0.974238, 0.0, 0.0, 0.0, 0.0, 1.0],
                [0.974169, -0.012536, 0.225473, -0.0, 0.013974, 0.999891, -0.004784, 0.05, -0.225388, 0.007811, 0.974238, 0.0, 0.0, 0.0, 0.0, 1.0],
                [0.974169, -0.012536, 0.225473, 0.0, 0.013974, 0.999891, -0.004784, 0.05, -0.225388, 0.007811, 0.974238, -0.0, 0.0, 0.0, 0.0, 1.0],
                [0.974169, -0.012536, 0.225473, -0.0, 0.013974, 0.999891, -0.004784, 0.05, -0.225388, 0.007811, 0.974238, 0.0, 0.0, 0.0, 0.0, 1.0],
                [0.974169, -0.012536, 0.225473, -0.0, 0.013974, 0.999891, -0.004784, 0.05, -0.225388, 0.007811, 0.974238, -0.0, 0.0, 0.0, 0.0, 1.0],
                [0.974169, -0.012536, 0.225473, 0.0, 0.013974, 0.999891, -0.004784, 0.05, -0.225388, 0.007811, 0.974238, -0.0, 0.0, 0.0, 0.0, 1.0],
                [0.974169, -0.012536, 0.225473, 0.0, 0.013974, 0.999891, -0.004784, 0.05, -0.225388, 0.007811, 0.974238, 0.0, 0.0, 0.0, 0.0, 1.0],
                [0.974169, -0.012536, 0.225473, 0.0, 0.013974, 0.999891, -0.004784, 0.05, -0.225388, 0.007811, 0.974238, 0.0, 0.0, 0.0, 0.0, 1.0],
                [0.974169, -0.012536, 0.225473, -0.0, 0.013974, 0.999891, -0.004784, 0.05, -0.225388, 0.007811, 0.974238, 0.0, 0.0, 0.0, 0.0, 1.0],
                [0.974169, -0.012536, 0.225473, 0.0, 0.013974, 0.999891, -0.004784, 0.05, -0.225388, 0.007811, 0.974238, 0.0, 0.0, 0.0, 0.0, 1.0],
                [0.974169, -0.012536, 0.225473, 0.0, 0.013974, 0.999891, -0.004784, 0.05, -0.225389, 0.007811, 0.974238, 0.0, 0.0, 0.0, 0.0, 1.0],
                [0.974169, -0.012536, 0.225473, 0.0, 0.013974, 0.999891, -0.004784, 0.05, -0.225388, 0.007811, 0.974238, -0.0, 0.0, 0.0, 0.0, 1.0],
                [0.974169, -0.012536, 0.225473, -0.0, 0.013974, 0.999891, -0.004784, 0.05, -0.225388, 0.007812, 0.974238, 0.0, 0.0, 0.0, 0.0, 1.0],
                [0.974169, -0.012536, 0.225473, 0.0, 0.013974, 0.999891, -0.004784, 0.05, -0.225388, 0.007811, 0.974238, -0.0, 0.0, 0.0, 0.0, 1.0],
                [0.974169, -0.012536, 0.225473, -0.0, 0.013974, 0.999891, -0.004784, 0.05, -0.225388, 0.007812, 0.974238, -0.0, 0.0, 0.0, 0.0, 1.0],
                [0.974169, -0.012536, 0.225473, -0.0, 0.013974, 0.999891, -0.004784, 0.05, -0.225388, 0.007811, 0.974238, 0.0, 0.0, 0.0, 0.0, 1.0],
                [0.974169, -0.012536, 0.225473, -0.0, 0.013974, 0.999891, -0.004784, 0.05, -0.225388, 0.007811, 0.974238, 0.0, 0.0, 0.0, 0.0, 1.0],
                [0.974169, -0.012536, 0.225473, 0.0, 0.013974, 0.999891, -0.004784, 0.05, -0.225388, 0.007811, 0.974238, 0.0, 0.0, 0.0, 0.0, 1.0],
                [0.974169, -0.012536, 0.225473, 0.0, 0.013974, 0.999891, -0.004784, 0.05, -0.225388, 0.007811, 0.974238, -0.0, 0.0, 0.0, 0.0, 1.0],
                [0.974169, -0.012536, 0.225473, 0.0, 0.013974, 0.999891, -0.004784, 0.05, -0.225389, 0.007812, 0.974238, 0.0, 0.0, 0.0, 0.0, 1.0],
                [0.974169, -0.012536, 0.225473, 0.0, 0.013974, 0.999891, -0.004784, 0.05, -0.225389, 0.007812, 0.974238, -0.0, 0.0, 0.0, 0.0, 1.0],
                [0.974169, -0.012536, 0.225473, 0.0, 0.013974, 0.999891, -0.004784, 0.05, -0.225388, 0.007812, 0.974238, -0.0, 0.0, 0.0, 0.0, 1.0],
                [0.974169, -0.012536, 0.225473, -0.0, 0.013974, 0.999891, -0.004784, 0.05, -0.225388, 0.007812, 0.974238, 0.0, 0.0, 0.0, 0.0, 1.0],
                [0.974169, -0.012536, 0.225473, 0.0, 0.013974, 0.999891, -0.004784, 0.05, -0.225388, 0.007812, 0.974238, 0.0, 0.0, 0.0, 0.0, 1.0],
                [0.974169, -0.012536, 0.225473, 0.0, 0.013974, 0.999891, -0.004784, 0.05, -0.225388, 0.007812, 0.974238, -0.0, 0.0, 0.0, 0.0, 1.0],
                [0.974169, -0.012536, 0.225473, -0.0, 0.013974, 0.999891, -0.004784, 0.05, -0.225389, 0.007811, 0.974238, 0.0, 0.0, 0.0, 0.0, 1.0],
                [0.974169, -0.012536, 0.225473, -0.0, 0.013974, 0.999891, -0.004784, 0.05, -0.225388, 0.007811, 0.974238, 0.0, 0.0, 0.0, 0.0, 1.0],
                [0.974169, -0.012536, 0.225473, -0.0, 0.013974, 0.999891, -0.004784, 0.05, -0.225388, 0.007811, 0.974238, -0.0, 0.0, 0.0, 0.0, 1.0],
                [0.974169, -0.012536, 0.225473, 0.0, 0.013974, 0.999891, -0.004784, 0.05, -0.225388, 0.007811, 0.974238, -0.0, 0.0, 0.0, 0.0, 1.0],
                [0.974169, -0.012536, 0.225473, -0.0, 0.013974, 0.999891, -0.004784, 0.05, -0.225388, 0.007811, 0.974238, 0.0, 0.0, 0.0, 0.0, 1.0],
                [0.974169, -0.012536, 0.225473, 0.0, 0.013974, 0.999891, -0.004784, 0.05, -0.225388, 0.007811, 0.974238, -0.0, 0.0, 0.0, 0.0, 1.0],
                [0.974169, -0.012536, 0.225473, 0.0, 0.013974, 0.999891, -0.004784, 0.05, -0.225388, 0.007811, 0.974238, -0.0, 0.0, 0.0, 0.0, 1.0],
                [0.974169, -0.012536, 0.225473, 0.0, 0.013974, 0.999891, -0.004784, 0.05, -0.225388, 0.007811, 0.974238, 0.0, 0.0, 0.0, 0.0, 1.0],
                [0.974169, -0.012536, 0.225473, -0.0, 0.013974, 0.999891, -0.004784, 0.05, -0.225388, 0.007811, 0.974238, -0.0, 0.0, 0.0, 0.0, 1.0],
                [0.974169, -0.012536, 0.225473, 0.0, 0.013974, 0.999891, -0.004784, 0.05, -0.225389, 0.007811, 0.974238, -0.0, 0.0, 0.0, 0.0, 1.0]
            ]
        },
        {
            "name": "Chest",
            "time": [0.0, 0.1, 0.2, 0.3, 0.4, 0.4667, 0.5667, 0.6333, 0.7333, 0.9333, 1.0667, 1.1667, 1.3333, 1.4667, 1.6, 1.7, 1.8333, 1.9667, 2.0667, 2.1333, 2.2333, 2.3, 2.4, 2.5333, 2.6, 2.7, 2.8, 2.8667, 2.9667, 3.0667, 3.1667, 3.2333, 3.3333, 3.4, 3.5, 3.5667],
            "transform": [
                [0.999926, 0.004141, 0.011442, 0.0, -0.004139, 0.999991, -0.000269, 0.3, -0.011443, 0.000222, 0.999934, -0.0, 0.0, 0.0, 0.0, 1.0],
                [0.999926, 0.004141, 0.011442, -0.0, -0.004139, 0.999991, -0.000269, 0.3, -0.011443, 0.000222, 0.999934, 0.0, 0.0, 0.0, 0.0, 1.0],
                [0.999926, 0.004141, 0.011442, -0.0, -0.004139, 0.999991, -0.000269, 0.3, -0.011443, 0.000222, 0.999934, 0.0, 0.0, 0.0, 0.0, 1.0],
                [0.999926, 0.004141, 0.011442, -0.0, -0.004139, 0.999991, -0.000269, 0.3, -0.011443, 0.000222, 0.999934, 0.0, 0.0, 0.0, 0.0, 1.0],
                [0.999926, 0.004141, 0.011442, 0.0, -0.004139, 0.999991, -0.000269, 0.3, -0.011443, 0.000222, 0.999934, 0.0, 0.0, 0.0, 0.0, 1.0],
                [0.999926, 0.004141, 0.011441, -0.0, -0.004139, 0.999991, -0.000269, 0.3, -0.011442, 0.000222, 0.999934, -0.0, 0.0, 0.0, 0.0, 1.0],
                [0.999926, 0.004141, 0.011442, -0.0, -0.004139, 0.999991, -0.000269, 0.3, -0.011442, 0.000222, 0.999934, -0.0, 0.0, 0.0, 0.0, 1.0],
                [0.999926, 0.004141, 0.011441, 0.0, -0.004139, 0.999991, -0.000269, 0.3, -0.011443, 0.000222, 0.999934, -0.0, 0.0, 0.0, 0.0, 1.0],
                [0.999926, 0.004141, 0.011441, -0.0, -0.004139, 0.999991, -0.000269, 0.3, -0.011443, 0.000222, 0.999934, 0.0, 0.0, 0.0, 0.0, 1.0],
                [0.999926, 0.004141, 0.011442, 0.0, -0.004139, 0.999991, -0.000269, 0.3, -0.011443, 0.000222, 0.999935, 0.0, 0.0, 0.0, 0.0, 1.0],
                [0.999926, 0.004141, 0.011441, 0.0, -0.004139, 0.999991, -0.000269, 0.3, -0.011443, 0.000222, 0.999935, 0.0, 0.0, 0.0, 0.0, 1.0],
                [0.995969, 0.022311, 0.086876, -0.0, -0.008326, 0.987386, -0.158113, 0.3, -0.089308, 0.156752, 0.983592, 0.0, 0.0, 0.0, 0.0, 1.0],
                [0.986071, 0.052011, 0.157983, -0.0, -0.000152, 0.95013, -0.311853, 0.3, -0.166324, 0.307486, 0.936904, -0.0, 0.0, 0.0, 0.0, 1.0],
                [0.986071, 0.052011, 0.157983, 0.0, -0.000152, 0.95013, -0.311853, 0.3, -0.166324, 0.307486, 0.936904, 0.0, 0.0, 0.0, 0.0, 1.0],
                [0.986071, 0.052011, 0.157983, -0.0, -0.000152, 0.95013, -0.311853, 0.3, -0.166324, 0.307486, 0.936904, 0.0, 0.0, 0.0, 0.0, 1.0],
                [0.986071, 0.052011, 0.157983, 0.0, -0.000152, 0.95013, -0.311853, 0.3, -0.166324, 0.307486, 0.936904, 0.0, 0.0, 0.0, 0.0, 1.0],
                [0.986071, 0.052011, 0.157983, -0.0, -0.000152, 0.95013, -0.311853, 0.3, -0.166324, 0.307486, 0.936904, -0.0, 0.0, 0.0, 0.0, 1.0],
                [0.986071, 0.052011, 0.157983, 0.0, -0.000152, 0.95013, -0.311853, 0.3, -0.166324, 0.307486, 0.936904, 0.0, 0.0, 0.0, 0.0, 1.0],
                [0.986071, 0.052011, 0.157983, -0.0, -0.000152, 0.95013, -0.311853, 0.3, -0.166324, 0.307486, 0.936904, -0.0, 0.0, 0.0, 0.0, 1.0],
                [0.986071, 0.052011, 0.157983, -0.0, -0.000152, 0.95013, -0.311853, 0.3, -0.166324, 0.307486, 0.936904, 0.0, 0.0, 0.0, 0.0, 1.0],
                [0.986071, 0.052011, 0.157983, -0.0, -0.000152, 0.95013, -0.311853, 0.3, -0.166324, 0.307486, 0.936904, 0.0, 0.0, 0.0, 0.0, 1.0],
                [0.986071, 0.052011, 0.157983, -0.0, -0.000152, 0.95013, -0.311853, 0.3, -0.166324, 0.307486, 0.936904, 0.0, 0.0, 0.0, 0.0, 1.0],
                [0.986071, 0.052011, 0.157983, 0.0, -0.000152, 0.95013, -0.311853, 0.3, -0.166324, 0.307486, 0.936904, 0.0, 0.0, 0.0, 0.0, 1.0],
                [0.991207, 0.124984, 0.04344, 0.0, -0.129546, 0.983503, 0.12625, 0.3, -0.026944, -0.130767, 0.991047, 0.0, 0.0, 0.0, 0.0, 1.0],
                [0.991207, 0.124984, 0.04344, -0.0, -0.129546, 0.983503, 0.12625, 0.3, -0.026944, -0.130767, 0.991047, 0.0, 0.0, 0.0, 0.0, 1.0],
                [0.991207, 0.124984, 0.04344, 0.0, -0.129546, 0.983503, 0.12625, 0.3, -0.026944, -0.130767, 0.991047, -0.0, 0.0, 0.0, 0.0, 1.0],
                [0.991507, 0.069765, -0.109761, 0.0, -0.015713, 0.902027, 0.431393, 0.3, 0.129104, -0.426004, 0.895462, 0.0, 0.0, 0.0, 0.0, 1.0],
                [0.978571, 0.055424, -0.198309, 0.0, 0.069453, 0.817807, 0.571286, 0.3, 0.193842, -0.572817, 0.796433, -0.0, 0.0, 0.0, 0.0, 1.0],
                [0.990224, 0.013184, -0.138864, 0.0, 0.043535, 0.916584, 0.397465, 0.3, 0.132521, -0.399624, 0.907049, 0.0, 0.0, 0.0, 0.0, 1.0],
                [0.999039, -0.015029, -0.041174, -0.0, 0.018233, 0.996742, 0.078576, 0.3, 0.039859, -0.079251, 0.996058, -0.0, 0.0, 0.0, 0.0, 1.0],
                [0.999902, 0.009655, -0.010135, -0.0, -0.01037, 0.997278, -0.073001, 0.3, 0.009403, 0.073099, 0.99728, -0.0, 0.0, 0.0, 0.0, 1.0],
                [0.999671, 0.024123, -0.008772, -0.0, -0.02482, 0.995567, -0.090726, 0.3, 0.006545, 0.090914, 0.995837, -0.0, 0.0, 0.0, 0.0, 1.0],
                [0.999671, 0.024123, -0.008772, 0.0, -0.02482, 0.995567, -0.090726, 0.3, 0.006545, 0.090914, 0.995837, 0.0, 0.0, 0.0, 0.0, 1.0],
                [0.99967, 0.024123, -0.008772, -0.0, -0.02482, 0.995567, -0.090726, 0.3, 0.006545, 0.090914, 0.995837, 0.0, 0.0, 0.0, 0.0, 1.0],
                [0.999671, 0.024123, -0.008772, -0.0, -0.02482, 0.995567, -0.090726, 0.3, 0.006545, 0.090914, 0.995837, -0.0, 0.0, 0.0, 0.0, 1.0],
                [0.99967, 0.024123, -0.008772, 0.0, -0.02482, 0.995566, -0.090726, 0.3, 0.006545, 0.090914, 0.995837, -0.0, 0.0, 0.0, 0.0, 1.0]
            ]
        },
        {
            "name": "Head",
            "time": [0.0, 0.1, 0.2, 0.3, 0.4, 0.4667, 0.5667, 0.6333, 0.7333, 0.9333, 1.0667, 1.1667, 1.3333, 1.4667, 1.6, 1.7, 1.8333, 1.9667, 2.0667, 2.1333, 2.2333, 2.3, 2.4, 2.5333, 2.6, 2.7, 2.8, 2.8667, 2.9667, 3.0667, 3.1667, 3.2333, 3.3333, 3.4, 3.5, 3.5667],
            "transform": [
                [0.394083, 0.002933, 0.91907, 0.0, 0.01797, 0.999779, -0.010896, 0.4, -0.918899, 0.02081, 0.393943, 0.0, 0.0, 0.0, 0.0, 1.0],
                [0.394083, 0.002933, 0.91907, 0.0, 0.01797, 0.999779, -0.010896, 0.4, -0.918899, 0.02081, 0.393943, 0.0, 0.0, 0.0, 0.0, 1.0],
                [0.393323, -0.025768, 0.919039, 0.0, 0.018563, 0.999626, 0.020083, 0.4, -0.919213, 0.009161, 0.393654, 0.0, 0.0, 0.0, 0.0, 1.0],
                [0.390823, -0.116003, 0.913127, 0.0, 0.020261, 0.992871, 0.117461, 0.4, -0.920243, -0.027406, 0.390387, 0.0, 0.0, 0.0, 0.0, 1.0],
                [0.388946, -0.179969, 0.903511, 0.0, 0.02131, 0.982229, 0.186475, 0.4, -0.921014, -0.053275, 0.385869, -0.0, 0.0, 0.0, 0.0, 1.0],
                [0.388946, -0.179969, 0.903511, 0.0, 0.02131, 0.982229, 0.186475, 0.4, -0.921014, -0.053275, 0.385869, 0.0, 0.0, 0.0, 0.0, 1.0],
                [0.388946, -0.179969, 0.903511, -0.0, 0.02131, 0.982229, 0.186475, 0.4, -0.921014, -0.053275, 0.385869, 0.0, 0.0, 0.0, 0.0, 1.0],
                [0.388946, -0.179969, 0.903511, -0.0, 0.02131, 0.982229, 0.186475, 0.4, -0.921014, -0.053275, 0.385869, -0.0, 0.0, 0.0, 0.0, 1.0],
                [0.388946, -0.179969, 0.903511, -0.0, 0.02131, 0.982229, 0.186475, 0.4, -0.921014, -0.053275, 0.385869, -0.0, 0.0, 0.0, 0.0, 1.0],
                [0.388946, -0.179969, 0.903511, 0.0, 0.02131, 0.982229, 0.186475, 0.4, -0.921014, -0.053275, 0.385869, -0.0, 0.0, 0.0, 0.0, 1.0],
                [0.388946, -0.179969, 0.903511, -0.0, 0.02131, 0.982229, 0.186475, 0.4, -0.921014, -0.053275, 0.385869, -0.0, 0.0, 0.0, 0.0, 1.0],
                [0.749781, -0.151298, 0.644157, 0.0, 0.126863, 0.988317, 0.084468, 0.4, -0.649411, 0.018387, 0.760215, -0.0, 0.0, 0.0, 0.0, 1.0],
                [0.955661, -0.156642, 0.249349, 0.0, 0.175257, 0.983033, -0.054147, 0.4, -0.236636, 0.095447, 0.966899, -0.0, 0.0, 0.0, 0.0, 1.0],
                [0.955661, -0.156642, 0.249349, 0.0, 0.175257, 0.983033, -0.054147, 0.4, -0.236636, 0.095447, 0.966899, 0.0, 0.0, 0.0, 0.0, 1.0],
                [0.955661, -0.156642, 0.249349, 0.0, 0.175257, 0.983033, -0.054148, 0.4, -0.236636, 0.095447, 0.966899, -0.0, 0.0, 0.0, 0.0, 1.0],
                [0.955661, -0.156642, 0.249349, 0.0, 0.175257, 0.983033, -0.054147, 0.4, -0.236636, 0.095447, 0.966899, -0.0, 0.0, 0.0, 0.0, 1.0],
                [0.961631, -0.148822, 0.230471, -0.0, 0.248625, 0.827885, -0.502785, 0.4, -0.115978, 0.540794, 0.833121, 0.0, 0.0, 0.0, 0.0, 1.0],
                [0.961631, -0.148822, 0.230471, -0.0, 0.248625, 0.827885, -0.502785, 0.4, -0.115978, 0.540795, 0.833121, -0.0, 0.0, 0.0, 0.0, 1.0],
                [0.961631, -0.148822, 0.230471, 0.0, 0.248625, 0.827885, -0.502785, 0.4, -0.115978, 0.540795, 0.833121, 0.0, 0.0, 0.0, 0.0, 1.0],
                [0.961631, -0.148822, 0.230471, 0.0, 0.248625, 0.827885, -0.502785, 0.4, -0.115978, 0.540795, 0.833121, 0.0, 0.0, 0.0, 0.0, 1.0],
                [0.974024, 0.00498, 0.226391, 0.0, 0.080568, 0.926717, -0.367021, 0.4, -0.211628, 0.375727, 0.902243, -0.0, 0.0, 0.0, 0.0, 1.0],
                [0.968215, 0.088276, 0.234025, 0.0, -0.017462, 0.957222, -0.288827, 0.4, -0.249511, 0.27556, 0.928338, -0.0, 0.0, 0.0, 0.0, 1.0],
                [0.968215, 0.088276, 0.234025, -0.0, -0.017462, 0.957222, -0.288827, 0.4, -0.249511, 0.27556, 0.928338, 0.0, 0.0, 0.0, 0.0, 1.0],
                [0.846029, -0.064821, 0.529181, -0.0, 0.065939, 0.997682, 0.016789, 0.4, -0.529043, 0.02069, 0.848343, -0.0, 0.0, 0.0, 0.0, 1.0],
                [0.835458, -0.13548, 0.532592, -0.0, 0.154908, 0.987894, 0.008301, 0.4, -0.52727, 0.075568, 0.846331, 0.0, 0.0, 0.0, 0.0, 1.0],
                [0.823534, -0.128455, 0.552532, 0.0, 0.274938, 0.94236, -0.190703, 0.4, -0.496187, 0.308962, 0.811382, 0.0, 0.0, 0.0, 0.0, 1.0],
                [0.786381, 0.126203, 0.604713, -0.0, 0.318995, 0.755332, -0.572465, 0.4, -0.529006, 0.643076, 0.553721, -0.0, 0.0, 0.0, 0.0, 1.0],
                [0.763658, 0.241155, 0.598891, -0.0, 0.324415, 0.658676, -0.678897, 0.4, -0.558194, 0.712735, 0.424769, -0.0, 0.0, 0.0, 0.0, 1.0],
                [0.910415, 0.085636, 0.404736, -0.0, 0.170449, 0.813794, -0.555595, 0.4, -0.376951, 0.574809, 0.726294, 0.0, 0.0, 0.0, 0.0, 1.0],
                [0.989152, -0.017291, 0.145875, -0.0, 0.069297, 0.930532, -0.359595, 0.4, -0.129524, 0.365802, 0.921635, -0.0, 0.0, 0.0, 0.0, 1.0],
                [0.989152, -0.017291, 0.145875, 0.0, 0.069297, 0.930532, -0.359595, 0.4, -0.129524, 0.365803, 0.921635, 0.0, 0.0, 0.0, 0.0, 1.0],
                [0.989152, -0.017291, 0.145875, 0.0, 0.069297, 0.930532, -0.359595, 0.4, -0.129524, 0.365803, 0.921636, -0.0, 0.0, 0.0, 0.0, 1.0],
                [0.99998, -4.1e-05, -0.006299, -0.0, -0.000389, 0.997664, -0.068318, 0.4, 0.006288, 0.068319, 0.997644, 0.0, 0.0, 0.0, 0.0, 1.0],
                [0.99601, 0.028356, -0.084615, 0.0, -0.020069, 0.99506, 0.097222, 0.4, 0.086954, -0.095136, 0.991659, -0.0, 0.0, 0.0, 0.0, 1.0],
                [0.99601, 0.028356, -0.084615, -0.0, -0.020069, 0.99506, 0.097222, 0.4, 0.086954, -0.095136, 0.991659, 0.0, 0.0, 0.0, 0.0, 1.0],
                [0.99601, 0.028356, -0.084615, 0.0, -0.020069, 0.99506, 0.097222, 0.4, 0.086954, -0.095136, 0.991659, 0.0, 0.0, 0.0, 0.0, 1.0]
            ]
        },
        {
            "name": "Shoulder_R",
            "time": [0.0, 0.1, 0.2, 0.3, 0.4, 0.4667, 0.5667, 0.6333, 0.7333, 0.9333, 1.0667, 1.1667, 1.3333, 1.4667, 1.6, 1.7, 1.8333, 1.9667, 2.0667, 2.1333, 2.2333, 2.3, 2.4, 2.5333, 2.6, 2.7, 2.8, 2.8667, 2.9667, 3.0667, 3.1667, 3.2333, 3.3333, 3.4, 3.5, 3.5667],
            "transform": [
