{
    "animation": [
        {
            "name": "Root",
            "time": [0.0, 0.0333, 0.0667, 0.1, 0.1333, 0.1667, 0.2, 0.2333, 0.2667, 0.3, 0.3333, 0.3667, 0.4, 0.4333, 0.4667, 0.5, 0.5333, 0.5667, 0.6, 0.6333, 0.6667, 0.7, 0.7333, 0.7667, 0.8, 0.8333, 0.8667, 0.9, 0.9333, 0.9667, 1.0, 1.0333, 1.0667, 1.1, 1.1333, 1.1667, 1.2, 1.2333, 1.2667, 1.3, 1.3333, 1.3667, 1.4, 1.4333, 1.4667, 1.5, 1.5333, 1.5667, 1.6, 1.6333, 1.6667, 1.7, 1.7333, 1.7667, 1.8, 1.8333],
            "transform": [
                [0.146243, 0.0, -0.989249, -0.119687, -0.989249, 0.0, -0.146243, 0.077975, 0.0, 1.0, 0.0, 0.697702, 0.0, 0.0, 0.0, 1.0],
                [0.146243, 0.0, -0.989249, -0.119687, -0.989249, 0.0, -0.146243, 0.077564, 0.0, 1.0, 0.0, 0.697514, 0.0, 0.0, 0.0, 1.0],
                [0.146243, 0.0, -0.989249, -0.119687, -0.989249, 0.0, -0.146243, 0.075919, 0.0, 1.0, 0.0, 0.696586, 0.0, 0.0, 0.0, 1.0],
                [0.146243, 0.0, -0.989249, -0.119687, -0.989249, 0.0, -0.146243, 0.07242, 0.0, 1.0, 0.0, 0.694373, 0.0, 0.0, 0.0, 1.0],
                [0.146243, 0.0, -0.989249, -0.119687, -0.989249, 0.0, -0.146243, 0.066446, 0.0, 1.0, 0.0, 0.69033, 0.0, 0.0, 0.0, 1.0],
                [0.146243, 0.0, -0.989249, -0.119687, -0.989249, 0.0, -0.146243, 0.057377, 0.0, 1.0, 0.0, 0.683914, 0.0, 0.0, 0.0, 1.0],
                [0.146243, 0.0, -0.989249, -0.119687, -0.989249, 0.0, -0.146243, 0.044593, 0.0, 1.0, 0.0, 0.674578, 0.0, 0.0, 0.0, 1.0],
                [0.146243, 0.0, -0.989249, -0.119687, -0.989249, 0.0, -0.146243, 0.027474, 0.0, 1.0, 0.0, 0.661779, 0.0, 0.0, 0.0, 1.0],
                [0.146243, 0.0, -0.989249, -0.119687, -0.989249, 0.0, -0.146243, 0.0054, 0.0, 1.0, 0.0, 0.644971, 0.0, 0.0, 0.0, 1.0],
                [0.146243, 0.0, -0.989249, -0.119687, -0.989249, 0.0, -0.146243, -0.022249, 0.0, 1.0, 0.0, 0.62361, 0.0, 0.0, 0.0, 1.0],
                [0.146243, 0.0, -0.989249, -0.119687, -0.989249, 0.0, -0.146243, -0.056094, 0.0, 1.0, 0.0, 0.597151, 0.0, 0.0, 0.0, 1.0],
                [0.146243, 0.0, -0.989249, -0.120976, -0.989249, 0.0, -0.146243, -0.095701, 0.0, 1.0, 0.0, 0.565906, 0.0, 0.0, 0.0, 1.0],
                [0.146243, 0.0, -0.989249, -0.12405, -0.989249, 0.0, -0.146243, -0.136426, 0.0, 1.0, 0.0, 0.53361, 0.0, 0.0, 0.0, 1.0],
                [0.146243, 0.0, -0.989249, -0.127718, -0.989249, 0.0, -0.146243, -0.172569, 0.0, 1.0, 0.0, 0.504855, 0.0, 0.0, 0.0, 1.0],
                [0.146243, 0.0, -0.989249, -0.130792, -0.989249, 0.0, -0.146243, -0.198434, 0.0, 1.0, 0.0, 0.484235, 0.0, 0.0, 0.0, 1.0],
                [0.146243, 0.0, -0.989249, -0.132081, -0.989249, 0.0, -0.146243, -0.208322, 0.0, 1.0, 0.0, 0.476341, 0.0, 0.0, 0.0, 1.0],
                [0.146243, 0.0, -0.989249, -0.132081, -0.989249, 0.0, -0.146243, -0.208322, 0.0, 1.0, 0.0, 0.476341, 0.0, 0.0, 0.0, 1.0],
                [0.146243, 0.0, -0.989249, -0.132081, -0.989249, 0.0, -0.146243, -0.208322, 0.0, 1.0, 0.0, 0.476341, 0.0, 0.0, 0.0, 1.0],
                [0.146243, 0.0, -0.989249, -0.132081, -0.989249, 0.0, -0.146243, -0.208322, 0.0, 1.0, 0.0, 0.476341, 0.0, 0.0, 0.0, 1.0],
                [0.146243, 0.0, -0.989249, -0.132081, -0.989249, 0.0, -0.146243, -0.208322, 0.0, 1.0, 0.0, 0.476341, 0.0, 0.0, 0.0, 1.0],
                [0.146243, 0.0, -0.989249, -0.132081, -0.989249, 0.0, -0.146243, -0.208322, 0.0, 1.0, 0.0, 0.476341, 0.0, 0.0, 0.0, 1.0],
                [0.146243, 0.0, -0.989249, -0.132081, -0.989249, 0.0, -0.146243, -0.208322, 0.0, 1.0, 0.0, 0.476341, 0.0, 0.0, 0.0, 1.0],
                [0.146243, 0.0, -0.989249, -0.132081, -0.989249, 0.0, -0.146243, -0.208322, 0.0, 1.0, 0.0, 0.476341, 0.0, 0.0, 0.0, 1.0],
                [0.146243, 0.0, -0.989249, -0.132081, -0.989249, 0.0, -0.146243, -0.208322, 0.0, 1.0, 0.0, 0.476341, 0.0, 0.0, 0.0, 1.0],
                [0.146243, 0.0, -0.989249, -0.132081, -0.989249, 0.0, -0.146243, -0.208322, 0.0, 1.0, 0.0, 0.476341, 0.0, 0.0, 0.0, 1.0],
                [0.146243, 0.0, -0.989249, -0.132081, -0.989249, 0.0, -0.146243, -0.208322, 0.0, 1.0, 0.0, 0.476341, 0.0, 0.0, 0.0, 1.0],
                [0.146243, 0.0, -0.989249, -0.132081, -0.989249, 0.0, -0.146243, -0.208322, 0.0, 1.0, 0.0, 0.476341, 0.0, 0.0, 0.0, 1.0],
                [0.146243, 0.0, -0.989249, -0.132081, -0.989249, 0.0, -0.146243, -0.208322, 0.0, 1.0, 0.0, 0.476341, 0.0, 0.0, 0.0, 1.0],
                [0.146243, 0.0, -0.989249, -0.132081, -0.989249, 0.0, -0.146243, -0.208322, 0.0, 1.0, 0.0, 0.476341, 0.0, 0.0, 0.0, 1.0],
                [0.146243, 0.0, -0.989249, -0.132081, -0.989249, 0.0, -0.146243, -0.208322, 0.0, 1.0, 0.0, 0.476341, 0.0, 0.0, 0.0, 1.0],
                [0.146243, 0.0, -0.989249, -0.132081, -0.989249, 0.0, -0.146243, -0.208322, 0.0, 1.0, 0.0, 0.476341, 0.0, 0.0, 0.0, 1.0],
                [0.146243, 0.0, -0.989249, -0.132081, -0.989249, 0.0, -0.146243, -0.208322, 0.0, 1.0, 0.0, 0.476341, 0.0, 0.0, 0.0, 1.0],
                [0.146243, 0.0, -0.989249, -0.132081, -0.989249, 0.0, -0.146243, -0.208322, 0.0, 1.0, 0.0, 0.476341, 0.0, 0.0, 0.0, 1.0],
                [0.146243, 0.0, -0.989249, -0.132081, -0.989249, 0.0, -0.146243, -0.208322, 0.0, 1.0, 0.0, 0.476341, 0.0, 0.0, 0.0, 1.0],
                [0.146243, 0.0, -0.989249, -0.132081, -0.989249, 0.0, -0.146243, -0.208322, 0.0, 1.0, 0.0, 0.476341, 0.0, 0.0, 0.0, 1.0],
                [0.146243, 0.0, -0.989249, -0.132081, -0.989249, 0.0, -0.146243, -0.208322, 0.0, 1.0, 0.0, 0.476341, 0.0, 0.0, 0.0, 1.0],
                [0.146243, 0.0, -0.989249, -0.132081, -0.989249, 0.0, -0.146243, -0.208322, 0.0, 1.0, 0.0, 0.476341, 0.0, 0.0, 0.0, 1.0],
                [0.146243, 0.0, -0.989249, -0.132081, -0.989249, 0.0, -0.146243, -0.208322, 0.0, 1.0, 0.0, 0.476341, 0.0, 0.0, 0.0, 1.0],
                [0.146243, 0.0, -0.989249, -0.132081, -0.989249, 0.0, -0.146243, -0.208322, 0.0, 1.0, 0.0, 0.476341, 0.0, 0.0, 0.0, 1.0],
                [0.146243, 0.0, -0.989249, -0.132081, -0.989249, 0.0, -0.146243, -0.208322, 0.0, 1.0, 0.0, 0.476341, 0.0, 0.0, 0.0, 1.0],
                [0.146243, 0.0, -0.989249, -0.132081, -0.989249, 0.0, -0.146243, -0.208322, 0.0, 1.0, 0.0, 0.476341, 0.0, 0.0, 0.0, 1.0],
                [0.146243, 0.0, -0.989249, -0.132081, -0.989249, 0.0, -0.146243, -0.208322, 0.0, 1.0, 0.0, 0.476341, 0.0, 0.0, 0.0, 1.0],
                [0.146243, 0.0, -0.989249, -0.132081, -0.989249, 0.0, -0.146243, -0.208322, 0.0, 1.0, 0.0, 0.476341, 0.0, 0.0, 0.0, 1.0],
                [0.146243, 0.0, -0.989249, -0.132081, -0.989249, 0.0, -0.146243, -0.208322, 0.0, 1.0, 0.0, 0.476341, 0.0, 0.0, 0.0, 1.0],
                [0.146243, 0.0, -0.989249, -0.132081, -0.989249, 0.0, -0.146243, -0.208322, 0.0, 1.0, 0.0, 0.476341, 0.0, 0.0, 0.0, 1.0],
                [0.146243, 0.0, -0.989249, -0.132081, -0.989249, 0.0, -0.146243, -0.208322, 0.0, 1.0, 0.0, 0.476341, 0.0, 0.0, 0.0, 1.0],
                [0.146243, 0.0, -0.989249, -0.129936, -0.989249, 0.0, -0.146243, -0.235366, 0.0, 1.0, 0.0, 0.474072, 0.0, 0.0, 0.0, 1.0],
                [0.146243, 0.0, -0.989249, -0.124113, -0.989249, 0.0, -0.146243, -0.30877, 0.0, 1.0, 0.0, 0.467911, 0.0, 0.0, 0.0, 1.0],
                [0.146243, 0.0, -0.989249, -0.115533, -0.989249, 0.0, -0.146243, -0.416945, 0.0, 1.0, 0.0, 0.458833, 0.0, 0.0, 0.0, 1.0],
                [0.146243, 0.0, -0.989249, -0.105113, -0.989249, 0.0, -0.146243, -0.5483, 0.0, 1.0, 0.0, 0.44781, 0.0, 0.0, 0.0, 1.0],
                [0.146243, 0.0, -0.989249, -0.093774, -0.989249, 0.0, -0.146243, -0.691246, 0.0, 1.0, 0.0, 0.435814, 0.0, 0.0, 0.0, 1.0],
                [0.146243, 0.0, -0.989249, -0.082436, -0.989249, 0.0, -0.146243, -0.834191, 0.0, 1.0, 0.0, 0.423818, 0.0, 0.0, 0.0, 1.0],
                [0.146243, 0.0, -0.989249, -0.072016, -0.989249, 0.0, -0.146243, -0.965547, 0.0, 1.0, 0.0, 0.412794, 0.0, 0.0, 0.0, 1.0],
                [0.146243, 0.0, -0.989249, -0.063436, -0.989249, 0.0, -0.146243, -1.073722, 0.0, 1.0, 0.0, 0.403716, 0.0, 0.0, 0.0, 1.0],
                [0.146243, 0.0, -0.989249, -0.057613, -0.989249, 0.0, -0.146243, -1.147126, 0.0, 1.0, 0.0, 0.397556, 0.0, 0.0, 0.0, 1.0],
                [0.146243, 0.0, -0.989249, -0.055468, -0.989249, 0.0, -0.146243, -1.17417, 0.0, 1.0, 0.0, 0.395286, 0.0, 0.0, 0.0, 1.0]
            ]
        },
        {
            "name": "Thigh_L",
            "time": [0.0, 0.0333, 0.0667, 0.1, 0.1333, 0.1667, 0.2, 0.2333, 0.2667, 0.3, 0.3333, 0.3667, 0.4, 0.4333, 0.4667, 0.5, 0.5333, 0.5667, 0.6, 0.6333, 0.6667, 0.7, 0.7333, 0.7667, 0.8, 0.8333, 0.8667, 0.9, 0.9333, 0.9667, 1.0, 1.0333, 1.0667, 1.1, 1.1333, 1.1667, 1.2, 1.2333, 1.2667, 1.3, 1.3333, 1.3667, 1.4, 1.4333, 1.4667, 1.5, 1.5333, 1.5667, 1.6, 1.6333, 1.6667, 1.7, 1.7333, 1.7667, 1.8, 1.8333],
            "transform": [
                [0.618407, -0.445918, -0.647094, -0.117073, -0.194775, -0.884702, 0.423516, 0.002457, -0.761338, -0.135867, -0.633959, 0.030709, 0.0, 0.0, 0.0, 1.0],
                [0.618326, -0.446671, -0.646652, -0.117073, -0.195095, -0.884275, 0.424259, 0.002457, -0.761322, -0.136172, -0.633913, 0.030709, 0.0, 0.0, 0.0, 1.0],
                [0.617989, -0.45048, -0.644327, -0.117073, -0.196422, -0.882038, 0.428284, 0.002457, -0.761255, -0.138115, -0.633574, 0.030709, 0.0, 0.0, 0.0, 1.0],
                [0.61725, -0.459478, -0.638657, -0.117073, -0.199313, -0.876589, 0.438025, 0.002457, -0.761103, -0.143079, -0.632654, 0.030709, 0.0, 0.0, 0.0, 1.0],
                [0.61595, -0.475266, -0.628273, -0.117073, -0.204339, -0.86661, 0.455227, 0.002457, -0.760822, -0.152016, -0.630904, 0.030709, 0.0, 0.0, 0.0, 1.0],
                [0.613908, -0.498811, -0.611805, -0.117073, -0.212104, -0.85078, 0.480817, 0.002457, -0.760348, -0.165411, -0.6281, 0.030709, 0.0, 0.0, 0.0, 1.0],
                [0.610898, -0.529976, -0.588157, -0.117073, -0.223257, -0.828065, 0.514262, 0.002457, -0.759579, -0.182851, -0.624184, 0.030709, 0.0, 0.0, 0.0, 1.0],
                [0.606632, -0.568064, -0.556149, -0.117073, -0.238523, -0.797401, 0.554309, 0.002457, -0.758356, -0.203607, -0.619225, 0.030709, 0.0, 0.0, 0.0, 1.0],
                [0.600722, -0.61173, -0.514703, -0.117073, -0.258725, -0.757927, 0.598839, 0.002457, -0.756435, -0.22657, -0.613573, 0.030709, 0.0, 0.0, 0.0, 1.0],
                [0.59264, -0.659188, -0.462871, -0.117073, -0.284811, -0.709036, 0.645098, 0.002457, -0.753432, -0.25048, -0.607947, 0.030709, 0.0, 0.0, 0.0, 1.0],
                [0.581648, -0.708035, -0.400465, -0.117073, -0.317871, -0.651005, 0.689312, 0.002457, -0.748761, -0.27364, -0.60372, 0.030709, 0.0, 0.0, 0.0, 1.0],
                [0.574499, -0.75722, -0.310755, -0.117073, -0.338095, -0.565296, 0.752418, 0.002457, -0.745414, -0.327199, -0.580774, 0.030709, 0.0, 0.0, 0.0, 1.0],
                [0.576792, -0.78844, -0.213712, -0.117073, -0.331709, -0.465134, 0.820743, 0.002457, -0.746512, -0.402508, -0.529819, 0.030709, 0.0, 0.0, 0.0, 1.0],
                [0.585207, -0.797013, -0.149343, -0.117073, -0.307446, -0.388507, 0.868642, 0.002457, -0.75034, -0.46242, -0.472395, 0.030709, 0.0, 0.0, 0.0, 1.0],
                [0.594912, -0.794018, -0.12496, -0.117073, -0.277645, -0.34889, 0.895092, 0.002457, -0.754316, -0.497807, -0.428014, 0.030709, 0.0, 0.0, 0.0, 1.0],
                [0.59961, -0.79085, -0.122572, -0.117073, -0.262416, -0.338984, 0.903453, 0.002457, -0.756046, -0.509555, -0.41079, 0.030709, 0.0, 0.0, 0.0, 1.0],
                [0.59961, -0.79085, -0.122572, -0.117073, -0.262416, -0.338984, 0.903453, 0.002457, -0.756046, -0.509555, -0.41079, 0.030709, 0.0, 0.0, 0.0, 1.0],
                [0.59961, -0.79085, -0.122572, -0.117073, -0.262416, -0.338984, 0.903453, 0.002457, -0.756046, -0.509555, -0.41079, 0.030709, 0.0, 0.0, 0.0, 1.0],
                [0.59961, -0.79085, -0.122572, -0.117073, -0.262416, -0.338984, 0.903453, 0.002457, -0.756046, -0.509555, -0.41079, 0.030709, 0.0, 0.0, 0.0, 1.0],
                [0.59961, -0.79085, -0.122572, -0.117073, -0.262416, -0.338984, 0.903453, 0.002457, -0.756046, -0.509555, -0.41079, 0.030709, 0.0, 0.0, 0.0, 1.0],
                [0.59961, -0.79085, -0.122572, -0.117073, -0.262416, -0.338984, 0.903453, 0.002457, -0.756046, -0.509555, -0.41079, 0.030709, 0.0, 0.0, 0.0, 1.0],
                [0.59961, -0.79085, -0.122572, -0.117073, -0.262416, -0.338984, 0.903453, 0.002457, -0.756046, -0.509555, -0.41079, 0.030709, 0.0, 0.0, 0.0, 1.0],
                [0.59961, -0.79085, -0.122572, -0.117073, -0.262416, -0.338984, 0.903453, 0.002457, -0.756046, -0.509555, -0.41079, 0.030709, 0.0, 0.0, 0.0, 1.0],
                [0.59961, -0.79085, -0.122572, -0.117073, -0.262416, -0.338984, 0.903453, 0.002457, -0.756046, -0.509555, -0.41079, 0.030709, 0.0, 0.0, 0.0, 1.0],
                [0.59961, -0.79085, -0.122572, -0.117073, -0.262416, -0.338984, 0.903453, 0.002457, -0.756046, -0.509555, -0.41079, 0.030709, 0.0, 0.0, 0.0, 1.0],
                [0.59961, -0.79085, -0.122572, -0.117073, -0.262416, -0.338984, 0.903453, 0.002457, -0.756046, -0.509555, -0.41079, 0.030709, 0.0, 0.0, 0.0, 1.0],
                [0.59961, -0.79085, -0.122572, -0.117073, -0.262416, -0.338984, 0.903453, 0.002457, -0.756046, -0.509555, -0.41079, 0.030709, 0.0, 0.0, 0.0, 1.0],
                [0.59961, -0.79085, -0.122572, -0.117073, -0.262416, -0.338984, 0.903453, 0.002457, -0.756046, -0.509555, -0.41079, 0.030709, 0.0, 0.0, 0.0, 1.0],
                [0.59961, -0.79085, -0.122572, -0.117073, -0.262416, -0.338984, 0.903453, 0.002457, -0.756046, -0.509555, -0.41079, 0.030709, 0.0, 0.0, 0.0, 1.0],
                [0.59961, -0.79085, -0.122572, -0.117073, -0.262416, -0.338984, 0.903453, 0.002457, -0.756046, -0.509555, -0.41079, 0.030709, 0.0, 0.0, 0.0, 1.0],
                [0.59961, -0.79085, -0.122572, -0.117073, -0.262416, -0.338984, 0.903453, 0.002457, -0.756046, -0.509555, -0.41079, 0.030709, 0.0, 0.0, 0.0, 1.0],
                [0.59961, -0.79085, -0.122572, -0.117073, -0.262416, -0.338984, 0.903453, 0.002457, -0.756046, -0.509555, -0.41079, 0.030709, 0.0, 0.0, 0.0, 1.0],
                [0.59961, -0.79085, -0.122572, -0.117073, -0.262416, -0.338984, 0.903453, 0.002457, -0.756046, -0.509555, -0.41079, 0.030709, 0.0, 0.0, 0.0, 1.0],
                [0.59961, -0.79085, -0.122572, -0.117073, -0.262416, -0.338984, 0.903453, 0.002457, -0.756046, -0.509555, -0.41079, 0.030709, 0.0, 0.0, 0.0, 1.0],
                [0.59961, -0.79085, -0.122572, -0.117073, -0.262416, -0.338984, 0.903453, 0.002457, -0.756046, -0.509555, -0.41079, 0.030709, 0.0, 0.0, 0.0, 1.0],
                [0.59961, -0.79085, -0.122572, -0.117073, -0.262416, -0.338984, 0.903453, 0.002457, -0.756046, -0.509555, -0.41079, 0.030709, 0.0, 0.0, 0.0, 1.0],
                [0.59961, -0.79085, -0.122572, -0.117073, -0.262416, -0.338984, 0.903453, 0.002457, -0.756046, -0.509555, -0.41079, 0.030709, 0.0, 0.0, 0.0, 1.0],
                [0.59961, -0.79085, -0.122572, -0.117073, -0.262416, -0.338984, 0.903453, 0.002457, -0.756046, -0.509555, -0.41079, 0.030709, 0.0, 0.0, 0.0, 1.0],
                [0.59961, -0.79085, -0.122572, -0.117073, -0.262416, -0.338984, 0.903453, 0.002457, -0.756046, -0.509555, -0.41079, 0.030709, 0.0, 0.0, 0.0, 1.0],
                [0.59961, -0.79085, -0.122572, -0.117073, -0.262416, -0.338984, 0.903453, 0.002457, -0.756046, -0.509555, -0.41079, 0.030709, 0.0, 0.0, 0.0, 1.0],
                [0.59961, -0.79085, -0.122572, -0.117073, -0.262416, -0.338984, 0.903453, 0.002457, -0.756046, -0.509555, -0.41079, 0.030709, 0.0, 0.0, 0.0, 1.0],
                [0.59961, -0.79085, -0.122572, -0.117073, -0.262416, -0.338984, 0.903453, 0.002457, -0.756046, -0.509555, -0.41079, 0.030709, 0.0, 0.0, 0.0, 1.0],
                [0.59961, -0.79085, -0.122572, -0.117073, -0.262416, -0.338984, 0.903453, 0.002457, -0.756046, -0.509555, -0.41079, 0.030709, 0.0, 0.0, 0.0, 1.0],
                [0.59961, -0.79085, -0.122572, -0.117073, -0.262416, -0.338984, 0.903453, 0.002457, -0.756046, -0.509555, -0.41079, 0.030709, 0.0, 0.0, 0.0, 1.0],
                [0.59961, -0.79085, -0.122572, -0.117073, -0.262416, -0.338984, 0.903453, 0.002457, -0.756046, -0.509555, -0.41079, 0.030709, 0.0, 0.0, 0.0, 1.0],
                [0.59961, -0.79085, -0.122572, -0.117073, -0.262416, -0.338984, 0.903453, 0.002457, -0.756046, -0.509555, -0.41079, 0.030709, 0.0, 0.0, 0.0, 1.0],
                [0.595842, -0.795947, -0.106963, -0.117073, -0.274675, -0.327128, 0.90418, 0.002457, -0.754669, -0.509368, -0.413543, 0.030709, 0.0, 0.0, 0.0, 1.0],
                [0.585142, -0.808197, -0.066535, -0.117073, -0.307636, -0.297147, 0.903916, 0.002457, -0.750312, -0.508451, -0.422504, 0.030709, 0.0, 0.0, 0.0, 1.0],
                [0.568201, -0.822789, -0.012871, -0.117073, -0.355185, -0.259332, 0.898104, 0.002457, -0.742288, -0.505732, -0.439595, 0.030709, 0.0, 0.0, 0.0, 1.0],
                [0.545984, -0.836781, 0.041217, -0.117073, -0.410848, -0.224547, 0.883619, 0.002457, -0.730141, -0.499376, -0.466389, 0.030709, 0.0, 0.0, 0.0, 1.0],
                [0.520151, -0.849863, 0.084714, -0.117073, -0.468287, -0.200842, 0.860448, 0.002457, -0.714248, -0.487233, -0.502447, 0.030709, 0.0, 0.0, 0.0, 1.0],
                [0.493066, -0.862986, 0.110187, -0.117073, -0.521982, -0.192126, 0.831037, 0.002457, -0.696003, -0.467272, -0.545194, 0.030709, 0.0, 0.0, 0.0, 1.0],
                [0.46749, -0.876373, 0.11586, -0.117073, -0.567754, -0.1972, 0.79923, 0.002457, -0.677576, -0.439412, -0.589753, 0.030709, 0.0, 0.0, 0.0, 1.0],
                [0.44619, -0.888699, 0.105492, -0.117073, -0.602789, -0.211312, 0.769411, 0.002457, -0.661483, -0.406893, -0.629983, 0.030709, 0.0, 0.0, 0.0, 1.0],
                [0.431715, -0.897603, 0.089059, -0.117073, -0.625187, -0.22659, 0.746859, 0.002457, -0.650202, -0.378109, -0.658992, 0.030709, 0.0, 0.0, 0.0, 1.0],
                [0.426389, -0.900931, 0.080714, -0.117073, -0.63316, -0.233547, 0.737946, 0.002457, -0.645988, -0.365757, -0.670016, 0.030709, 0.0, 0.0, 0.0, 1.0]
            ]
        },
        {
            "name": "Leg_L",
            "time": [0.0, 0.0333, 0.0667, 0.1, 0.1333, 0.1667, 0.2, 0.2333, 0.2667, 0.3, 0.3333, 0.3667, 0.4, 0.4333, 0.4667, 0.5, 0.5333, 0.5667, 0.6, 0.6333, 0.6667, 0.7, 0.7333, 0.7667, 0.8, 0.8333, 0.8667, 0.9, 0.9333, 0.9667, 1.0, 1.0333, 1.0667, 1.1, 1.1333, 1.1667, 1.2, 1.2333, 1.2667, 1.3, 1.3333, 1.3667, 1.4, 1.4333, 1.4667, 1.5, 1.5333, 1.5667, 1.6, 1.6333, 1.6667, 1.7, 1.7333, 1.7667, 1.8, 1.8333],
            "transform": [
                [1.0, -0.0, 1e-06, 0.0, -0.0, 0.929805, 0.368052, 0.374794, -1e-06, -0.368052, 0.929806, 0.0, 0.0, 0.0, 0.0, 1.0],
                [1.0, -0.0, 1e-06, 0.0, -0.0, 0.929549, 0.368698, 0.374793, -1e-06, -0.368698, 0.929549, -0.0, 0.0, 0.0, 0.0, 1.0],
                [1.0, -0.0, 1e-06, 0.0, -0.0, 0.927675, 0.373389, 0.374794, -1e-06, -0.373389, 0.927675, 0.0, 0.0, 0.0, 0.0, 1.0],
                [1.0, -0.0, 1e-06, -0.0, -0.0, 0.922604, 0.385748, 0.374793, -1e-06, -0.385748, 0.922604, 0.0, 0.0, 0.0, 0.0, 1.0],
                [1.0, -0.0, 1e-06, 0.0, -0.0, 0.912967, 0.408033, 0.374793, -1e-06, -0.408033, 0.912967, -0.0, 0.0, 0.0, 0.0, 1.0],
                [1.0, -0.0, 1e-06, 0.0, -0.0, 0.897535, 0.440943, 0.374793, -1e-06, -0.440943, 0.897535, 0.0, 0.0, 0.0, 0.0, 1.0],
                [1.0, -0.0, 1e-06, -0.0, -0.0, 0.87595, 0.482402, 0.374793, -1e-06, -0.482402, 0.87595, 0.0, 0.0, 0.0, 0.0, 1.0],
                [1.0, -0.0, 1e-06, -0.0, -0.0, 0.848435, 0.529299, 0.374793, -1e-06, -0.529299, 0.848436, 0.0, 0.0, 0.0, 0.0, 1.0],
                [1.0, -0.0, 1e-06, -0.0, -0.0, 0.816409, 0.577474, 0.374793, -1e-06, -0.577474, 0.816409, -0.0, 0.0, 0.0, 0.0, 1.0],
                [1.0, -0.0, 1e-06, 0.0, -0.0, 0.782573, 0.622558, 0.374793, -1e-06, -0.622558, 0.782574, -0.0, 0.0, 0.0, 0.0, 1.0],
                [1.0, -0.0, 1e-06, 0.0, -0.0, 0.75175, 0.659448, 0.374793, -1e-06, -0.659448, 0.751751, -0.0, 0.0, 0.0, 0.0, 1.0],
                [1.0, -0.0, 1e-06, 0.0, -0.0, 0.637492, 0.770457, 0.374793, -1e-06, -0.770457, 0.637492, -0.0, 0.0, 0.0, 0.0, 1.0],
                [1.0, -1e-06, 1e-06, 0.0, -0.0, 0.409945, 0.91211, 0.374793, -1e-06, -0.91211, 0.409945, 0.0, 0.0, 0.0, 0.0, 1.0],
                [1.0, -1e-06, 0.0, 0.0, -0.0, 0.168191, 0.985754, 0.374793, -1e-06, -0.985755, 0.168191, -0.0, 0.0, 0.0, 0.0, 1.0],
                [1.0, -1e-06, 0.0, -0.0, -0.0, -0.010377, 0.999946, 0.374793, -1e-06, -0.999946, -0.010377, 0.0, 0.0, 0.0, 0.0, 1.0],
                [1.0, -1e-06, 0.0, -0.0, -0.0, -0.078311, 0.996929, 0.374793, -1e-06, -0.996929, -0.078311, -0.0, 0.0, 0.0, 0.0, 1.0],
                [1.0, -1e-06, 0.0, -0.0, -0.0, -0.078311, 0.996929, 0.374793, -1e-06, -0.996929, -0.078311, -0.0, 0.0, 0.0, 0.0, 1.0],
                [1.0, -1e-06, 0.0, -0.0, -0.0, -0.078311, 0.996929, 0.374793, -1e-06, -0.996929, -0.078311, -0.0, 0.0, 0.0, 0.0, 1.0],
                [1.0, -1e-06, 0.0, -0.0, -0.0, -0.078311, 0.996929, 0.374793, -1e-06, -0.996929, -0.078311, -0.0, 0.0, 0.0, 0.0, 1.0],
                [1.0, -1e-06, 0.0, -0.0, -0.0, -0.078311, 0.996929, 0.374793, -1e-06, -0.996929, -0.078311, -0.0, 0.0, 0.0, 0.0, 1.0],
                [1.0, -1e-06, 0.0, -0.0, -0.0, -0.078311, 0.996929, 0.374793, -1e-06, -0.996929, -0.078311, -0.0, 0.0, 0.0, 0.0, 1.0],
                [1.0, -1e-06, 0.0, -0.0, -0.0, -0.078311, 0.996929, 0.374793, -1e-06, -0.996929, -0.078311, -0.0, 0.0, 0.0, 0.0, 1.0],
                [1.0, -1e-06, 0.0, -0.0, -0.0, -0.078311, 0.996929, 0.374793, -1e-06, -0.996929, -0.078311, -0.0, 0.0, 0.0, 0.0, 1.0],
                [1.0, -1e-06, 0.0, -0.0, -0.0, -0.078311, 0.996929, 0.374793, -1e-06, -0.996929, -0.078311, -0.0, 0.0, 0.0, 0.0, 1.0],
                [1.0, -1e-06, 0.0, -0.0, -0.0, -0.078311, 0.996929, 0.374793, -1e-06, -0.996929, -0.078311, -0.0, 0.0, 0.0, 0.0, 1.0],
                [1.0, -1e-06, 0.0, -0.0, -0.0, -0.078311, 0.996929, 0.374793, -1e-06, -0.996929, -0.078311, -0.0, 0.0, 0.0, 0.0, 1.0],
                [1.0, -1e-06, 0.0, -0.0, -0.0, -0.078311, 0.996929, 0.374793, -1e-06, -0.996929, -0.078311, -0.0, 0.0, 0.0, 0.0, 1.0],
                [1.0, -1e-06, 0.0, -0.0, -0.0, -0.078311, 0.996929, 0.374793, -1e-06, -0.996929, -0.078311, -0.0, 0.0, 0.0, 0.0, 1.0],
                [1.0, -1e-06, 0.0, -0.0, -0.0, -0.078311, 0.996929, 0.374793, -1e-06, -0.996929, -0.078311, -0.0, 0.0, 0.0, 0.0, 1.0],
                [1.0, -1e-06, 0.0, -0.0, -0.0, -0.078311, 0.996929, 0.374793, -1e-06, -0.996929, -0.078311, -0.0, 0.0, 0.0, 0.0, 1.0],
                [1.0, -1e-06, 0.0, -0.0, -0.0, -0.078311, 0.996929, 0.374793, -1e-06, -0.996929, -0.078311, -0.0, 0.0, 0.0, 0.0, 1.0],
                [1.0, -1e-06, 0.0, -0.0, -0.0, -0.078311, 0.996929, 0.374793, -1e-06, -0.996929, -0.078311, -0.0, 0.0, 0.0, 0.0, 1.0],
                [1.0, -1e-06, 0.0, -0.0, -0.0, -0.078311, 0.996929, 0.374793, -1e-06, -0.996929, -0.078311, -0.0, 0.0, 0.0, 0.0, 1.0],
                [1.0, -1e-06, 0.0, -0.0, -0.0, -0.078311, 0.996929, 0.374793, -1e-06, -0.996929, -0.078311, -0.0, 0.0, 0.0, 0.0, 1.0],
                [1.0, -1e-06, 0.0, -0.0, -0.0, -0.078311, 0.996929, 0.374793, -1e-06, -0.996929, -0.078311, -0.0, 0.0, 0.0, 0.0, 1.0],
                [1.0, -1e-06, 0.0, -0.0, -0.0, -0.078311, 0.996929, 0.374793, -1e-06, -0.996929, -0.078311, -0.0, 0.0, 0.0, 0.0, 1.0],
                [1.0, -1e-06, 0.0, -0.0, -0.0, -0.078311, 0.996929, 0.374793, -1e-06, -0.996929, -0.078311, -0.0, 0.0, 0.0, 0.0, 1.0],
                [1.0, -1e-06, 0.0, -0.0, -0.0, -0.078311, 0.996929, 0.374793, -1e-06, -0.996929, -0.078311, -0.0, 0.0, 0.0, 0.0, 1.0],
                [1.0, -1e-06, 0.0, -0.0, -0.0, -0.078311, 0.996929, 0.374793, -1e-06, -0.996929, -0.078311, -0.0, 0.0, 0.0, 0.0, 1.0],
                [1.0, -1e-06, 0.0, -0.0, -0.0, -0.078311, 0.996929, 0.374793, -1e-06, -0.996929, -0.078311, -0.0, 0.0, 0.0, 0.0, 1.0],
                [1.0, -1e-06, 0.0, -0.0, -0.0, -0.078311, 0.996929, 0.374793, -1e-06, -0.996929, -0.078311, -0.0, 0.0, 0.0, 0.0, 1.0],
                [1.0, -1e-06, 0.0, -0.0, -0.0, -0.078311, 0.996929, 0.374793, -1e-06, -0.996929, -0.078311, -0.0, 0.0, 0.0, 0.0, 1.0],
                [1.0, -1e-06, 0.0, -0.0, -0.0, -0.078311, 0.996929, 0.374793, -1e-06, -0.996929, -0.078311, -0.0, 0.0, 0.0, 0.0, 1.0],
                [1.0, -1e-06, 0.0, -0.0, -0.0, -0.078311, 0.996929, 0.374793, -1e-06, -0.996929, -0.078311, -0.0, 0.0, 0.0, 0.0, 1.0],
                [1.0, -1e-06, 0.0, -0.0, -0.0, -0.078311, 0.996929, 0.374793, -1e-06, -0.996929, -0.078311, -0.0, 0.0, 0.0, 0.0, 1.0],
                [1.0, -1e-06, 0.0, -0.0, -0.0, -0.078311, 0.996929, 0.374793, -1e-06, -0.996929, -0.078311, -0.0, 0.0, 0.0, 0.0, 1.0],
                [1.0, -1e-06, 0.0, -0.0, -0.0, -0.071016, 0.997475, 0.374793, -1e-06, -0.997475, -0.071016, -0.0, 0.0, 0.0, 0.0, 1.0],
                [1.0, -1e-06, 0.0, -0.0, -0.0, -0.047537, 0.998869, 0.374793, -1e-06, -0.99887, -0.047537, -0.0, 0.0, 0.0, 0.0, 1.0],
                [1.0, -1e-06, 0.0, 0.0, -0.0, -0.003145, 0.999995, 0.374793, -1e-06, -0.999995, -0.003145, 0.0, 0.0, 0.0, 0.0, 1.0],
                [1.0, -1e-06, 0.0, 0.0, -0.0, 0.066664, 0.997775, 0.374793, -1e-06, -0.997776, 0.066664, 0.0, 0.0, 0.0, 0.0, 1.0],
                [1.0, -1e-06, 0.0, 0.0, -0.0, 0.161987, 0.986793, 0.374793, -1e-06, -0.986793, 0.161987, -0.0, 0.0, 0.0, 0.0, 1.0],
                [1.0, -1e-06, 0.0, -0.0, -0.0, 0.277827, 0.960631, 0.374793, -1e-06, -0.960631, 0.277827, -0.0, 0.0, 0.0, 0.0, 1.0],
                [1.0, -1e-06, 0.0, 0.0, -0.0, 0.402119, 0.915587, 0.374793, -1e-06, -0.915588, 0.402119, -0.0, 0.0, 0.0, 0.0, 1.0],
                [1.0, -0.0, 1e-06, -0.0, -0.0, 0.517521, 0.85567, 0.374793, -1e-06, -0.855671, 0.517521, 0.0, 0.0, 0.0, 0.0, 1.0],
                [1.0, -0.0, 1e-06, -0.0, -0.0, 0.602482, 0.798132, 0.374793, -1e-06, -0.798132, 0.602483, -0.0, 0.0, 0.0, 0.0, 1.0],
                [1.0, -0.0, 1e-06, 0.0, -0.0, 0.635108, 0.772423, 0.374793, -1e-06, -0.772424, 0.635108, 0.0, 0.0, 0.0, 0.0, 1.0]
            ]
        },
        {
            "name": "Knee_L",
            "time": [0.0, 0.0333, 0.0667, 0.1, 0.1333, 0.1667, 0.2, 0.2333, 0.2667, 0.3, 0.3333, 0.3667, 0.4, 0.4333, 0.4667, 0.5, 0.5333, 0.5667, 0.6, 0.6333, 0.6667, 0.7, 0.7333, 0.7667, 0.8, 0.8333, 0.8667, 0.9, 0.9333, 0.9667, 1.0, 1.0333, 1.0667, 1.1, 1.1333, 1.1667, 1.2, 1.2333, 1.2667, 1.3, 1.3333, 1.3667, 1.4, 1.4333, 1.4667, 1.5, 1.5333, 1.5667, 1.6, 1.6333, 1.6667, 1.7, 1.7333, 1.7667, 1.8, 1.8333],
            "transform": [
                [1.0, 0.0, -0.0, 0.0, -0.0, 0.019774, -0.999805, 0.374647, -0.0, 0.999805, 0.019773, -0.007409, 0.0, 0.0, 0.0, 1.0],
                [1.0, 0.0, -0.0, 0.0, -0.0, 0.019774, -0.999804, 0.374647, -0.0, 0.999805, 0.019773, -0.00741, 0.0, 0.0, 0.0, 1.0],
                [1.0, 0.0, -0.0, 0.0, -0.0, 0.019774, -0.999804, 0.374647, -0.0, 0.999805, 0.019773, -0.007409, 0.0, 0.0, 0.0, 1.0],
                [1.0, 0.0, -0.0, 0.0, -0.0, 0.019774, -0.999804, 0.374647, -0.0, 0.999805, 0.019773, -0.007409, 0.0, 0.0, 0.0, 1.0],
                [1.0, 0.0, -0.0, 0.0, -0.0, 0.019774, -0.999805, 0.374647, -0.0, 0.999805, 0.019773, -0.007409, 0.0, 0.0, 0.0, 1.0],
                [1.0, 0.0, -0.0, 0.0, -0.0, 0.019774, -0.999804, 0.374647, -0.0, 0.999804, 0.019773, -0.007409, 0.0, 0.0, 0.0, 1.0],
                [1.0, 0.0, -0.0, 0.0, -0.0, 0.019774, -0.999805, 0.374647, -0.0, 0.999804, 0.019773, -0.007409, 0.0, 0.0, 0.0, 1.0],
                [1.0, 0.0, -0.0, -0.0, -0.0, 0.019774, -0.999805, 0.374647, -0.0, 0.999805, 0.019773, -0.00741, 0.0, 0.0, 0.0, 1.0],
                [1.0, 0.0, -0.0, -0.0, -0.0, 0.019774, -0.999805, 0.374647, -0.0, 0.999804, 0.019773, -0.00741, 0.0, 0.0, 0.0, 1.0],
                [1.0, 0.0, -0.0, -0.0, -0.0, 0.019774, -0.999805, 0.374647, -0.0, 0.999805, 0.019773, -0.007409, 0.0, 0.0, 0.0, 1.0],
                [1.0, 0.0, -0.0, 0.0, -0.0, 0.019774, -0.999805, 0.374647, -0.0, 0.999805, 0.019773, -0.00741, 0.0, 0.0, 0.0, 1.0],
                [1.0, 0.0, -0.0, 0.0, -0.0, 0.019773, -0.999804, 0.374647, -0.0, 0.999805, 0.019773, -0.007409, 0.0, 0.0, 0.0, 1.0],
                [1.0, 0.0, -0.0, 0.0, -0.0, 0.019774, -0.999804, 0.374647, -0.0, 0.999805, 0.019773, -0.007409, 0.0, 0.0, 0.0, 1.0],
                [1.0, 0.0, -0.0, 0.0, -0.0, 0.019774, -0.999804, 0.374647, -0.0, 0.999805, 0.019773, -0.007409, 0.0, 0.0, 0.0, 1.0],
                [1.0, 0.0, -0.0, -0.0, -0.0, 0.019774, -0.999804, 0.374647, -0.0, 0.999804, 0.019773, -0.00741, 0.0, 0.0, 0.0, 1.0],
                [1.0, 0.0, -0.0, -0.0, -0.0, 0.019774, -0.999805, 0.374647, -0.0, 0.999805, 0.019773, -0.007409, 0.0, 0.0, 0.0, 1.0],
                [1.0, 0.0, -0.0, -0.0, -0.0, 0.019774, -0.999805, 0.374647, -0.0, 0.999805, 0.019773, -0.007409, 0.0, 0.0, 0.0, 1.0],
                [1.0, 0.0, -0.0, -0.0, -0.0, 0.019774, -0.999805, 0.374647, -0.0, 0.999805, 0.019773, -0.007409, 0.0, 0.0, 0.0, 1.0],
                [1.0, 0.0, -0.0, -0.0, -0.0, 0.019774, -0.999805, 0.374647, -0.0, 0.999805, 0.019773, -0.007409, 0.0, 0.0, 0.0, 1.0],
                [1.0, 0.0, -0.0, -0.0, -0.0, 0.019774, -0.999805, 0.374647, -0.0, 0.999805, 0.019773, -0.007409, 0.0, 0.0, 0.0, 1.0],
                [1.0, 0.0, -0.0, -0.0, -0.0, 0.019774, -0.999805, 0.374647, -0.0, 0.999805, 0.019773, -0.007409, 0.0, 0.0, 0.0, 1.0],
                [1.0, 0.0, -0.0, -0.0, -0.0, 0.019774, -0.999805, 0.374647, -0.0, 0.999805, 0.019773, -0.007409, 0.0, 0.0, 0.0, 1.0],
                [1.0, 0.0, -0.0, -0.0, -0.0, 0.019774, -0.999805, 0.374647, -0.0, 0.999805, 0.019773, -0.007409, 0.0, 0.0, 0.0, 1.0],
                [1.0, 0.0, -0.0, -0.0, -0.0, 0.019774, -0.999805, 0.374647, -0.0, 0.999805, 0.019773, -0.007409, 0.0, 0.0, 0.0, 1.0],
                [1.0, 0.0, -0.0, -0.0, -0.0, 0.019774, -0.999805, 0.374647, -0.0, 0.999805, 0.019773, -0.007409, 0.0, 0.0, 0.0, 1.0],
                [1.0, 0.0, -0.0, -0.0, -0.0, 0.019774, -0.999805, 0.374647, -0.0, 0.999805, 0.019773, -0.007409, 0.0, 0.0, 0.0, 1.0],
                [1.0, 0.0, -0.0, -0.0, -0.0, 0.019774, -0.999805, 0.374647, -0.0, 0.999805, 0.019773, -0.007409, 0.0, 0.0, 0.0, 1.0],
                [1.0, 0.0, -0.0, -0.0, -0.0, 0.019774, -0.999805, 0.374647, -0.0, 0.999805, 0.019773, -0.007409, 0.0, 0.0, 0.0, 1.0],
                [1.0, 0.0, -0.0, -0.0, -0.0, 0.019774, -0.999805, 0.374647, -0.0, 0.999805, 0.019773, -0.007409, 0.0, 0.0, 0.0, 1.0],
                [1.0, 0.0, -0.0, -0.0, -0.0, 0.019774, -0.999805, 0.374647, -0.0, 0.999805, 0.019773, -0.007409, 0.0, 0.0, 0.0, 1.0],
                [1.0, 0.0, -0.0, -0.0, -0.0, 0.019774, -0.999805, 0.374647, -0.0, 0.999805, 0.019773, -0.007409, 0.0, 0.0, 0.0, 1.0],
                [1.0, 0.0, -0.0, -0.0, -0.0, 0.019774, -0.999805, 0.374647, -0.0, 0.999805, 0.019773, -0.007409, 0.0, 0.0, 0.0, 1.0],
                [1.0, 0.0, -0.0, -0.0, -0.0, 0.019774, -0.999805, 0.374647, -0.0, 0.999805, 0.019773, -0.007409, 0.0, 0.0, 0.0, 1.0],
                [1.0, 0.0, -0.0, -0.0, -0.0, 0.019774, -0.999805, 0.374647, -0.0, 0.999805, 0.019773, -0.007409, 0.0, 0.0, 0.0, 1.0],
                [1.0, 0.0, -0.0, -0.0, -0.0, 0.019774, -0.999805, 0.374647, -0.0, 0.999805, 0.019773, -0.007409, 0.0, 0.0, 0.0, 1.0],
                [1.0, 0.0, -0.0, -0.0, -0.0, 0.019774, -0.999805, 0.374647, -0.0, 0.999805, 0.019773, -0.007409, 0.0, 0.0, 0.0, 1.0],
                [1.0, 0.0, -0.0, -0.0, -0.0, 0.019774, -0.999805, 0.374647, -0.0, 0.999805, 0.019773, -0.007409, 0.0, 0.0, 0.0, 1.0],
                [1.0, 0.0, -0.0, -0.0, -0.0, 0.019774, -0.999805, 0.374647, -0.0, 0.999805, 0.019773, -0.007409, 0.0, 0.0, 0.0, 1.0],
                [1.0, 0.0, -0.0, -0.0, -0.0, 0.019774, -0.999805, 0.374647, -0.0, 0.999805, 0.019773, -0.007409, 0.0, 0.0, 0.0, 1.0],
                [1.0, 0.0, -0.0, -0.0, -0.0, 0.019774, -0.999805, 0.374647, -0.0, 0.999805, 0.019773, -0.007409, 0.0, 0.0, 0.0, 1.0],
                [1.0, 0.0, -0.0, -0.0, -0.0, 0.019774, -0.999805, 0.374647, -0.0, 0.999805, 0.019773, -0.007409, 0.0, 0.0, 0.0, 1.0],
                [1.0, 0.0, -0.0, -0.0, -0.0, 0.019774, -0.999805, 0.374647, -0.0, 0.999805, 0.019773, -0.007409, 0.0, 0.0, 0.0, 1.0],
                [1.0, 0.0, -0.0, -0.0, -0.0, 0.019774, -0.999805, 0.374647, -0.0, 0.999805, 0.019773, -0.007409, 0.0, 0.0, 0.0, 1.0],
                [1.0, 0.0, -0.0, -0.0, -0.0, 0.019774, -0.999805, 0.374647, -0.0, 0.999805, 0.019773, -0.007409, 0.0, 0.0, 0.0, 1.0],
                [1.0, 0.0, -0.0, -0.0, -0.0, 0.019774, -0.999805, 0.374647, -0.0, 0.999805, 0.019773, -0.007409, 0.0, 0.0, 0.0, 1.0],
                [1.0, 0.0, -0.0, -0.0, -0.0, 0.019774, -0.999805, 0.374647, -0.0, 0.999805, 0.019773, -0.007409, 0.0, 0.0, 0.0, 1.0],
                [1.0, 0.0, -0.0, -0.0, -0.0, 0.019773, -0.999804, 0.374647, -0.0, 0.999804, 0.019773, -0.007409, 0.0, 0.0, 0.0, 1.0],
                [1.0, 0.0, -0.0, 0.0, -0.0, 0.019774, -0.999805, 0.374647, -0.0, 0.999805, 0.019773, -0.007409, 0.0, 0.0, 0.0, 1.0],
                [1.0, 0.0, -0.0, -0.0, -0.0, 0.019774, -0.999805, 0.374647, -0.0, 0.999805, 0.019773, -0.007409, 0.0, 0.0, 0.0, 1.0],
                [1.0, 0.0, -0.0, 0.0, -0.0, 0.019774, -0.999805, 0.374647, -0.0, 0.999805, 0.019773, -0.007409, 0.0, 0.0, 0.0, 1.0],
                [1.0, 0.0, -0.0, 0.0, -0.0, 0.019774, -0.999804, 0.374647, -0.0, 0.999804, 0.019773, -0.007409, 0.0, 0.0, 0.0, 1.0],
                [1.0, 0.0, -0.0, -0.0, -0.0, 0.019774, -0.999805, 0.374647, -0.0, 0.999805, 0.019773, -0.007409, 0.0, 0.0, 0.0, 1.0],
                [1.0, 0.0, -0.0, -0.0, -0.0, 0.019774, -0.999805, 0.374647, -0.0, 0.999805, 0.019773, -0.00741, 0.0, 0.0, 0.0, 1.0],
                [1.0, 0.0, -0.0, -0.0, -0.0, 0.019774, -0.999805, 0.374647, -0.0, 0.999805, 0.019773, -0.007409, 0.0, 0.0, 0.0, 1.0],
                [1.0, 0.0, -0.0, 0.0, -0.0, 0.019774, -0.999805, 0.374647, -0.0, 0.999805, 0.019773, -0.00741, 0.0, 0.0, 0.0, 1.0],
                [1.0, 0.0, -0.0, 0.0, -0.0, 0.019774, -0.999805, 0.374647, -0.0, 0.999805, 0.019773, -0.007409, 0.0, 0.0, 0.0, 1.0]
            ]
        },
        {
            "name": "Torso",
            "time": [0.0, 0.0333, 0.0667, 0.1, 0.1333, 0.1667, 0.2, 0.2333, 0.2667, 0.3, 0.3333, 0.3667, 0.4, 0.4333, 0.4667, 0.5, 0.5333, 0.5667, 0.6, 0.6333, 0.6667, 0.7, 0.7333, 0.7667, 0.8, 0.8333, 0.8667, 0.9, 0.9333, 0.9667, 1.0, 1.0333, 1.0667, 1.1, 1.1333, 1.1667, 1.2, 1.2333, 1.2667, 1.3, 1.3333, 1.3667, 1.4, 1.4333, 1.4667, 1.5, 1.5333, 1.5667, 1.6, 1.6333, 1.6667, 1.7, 1.7333, 1.7667, 1.8, 1.8333],
            "transform": [
                [0.974169, -0.012536, 0.225473, 0.0, 0.013974, 0.999891, -0.004784, 0.05, -0.225388, 0.007811, 0.974238, 0.0, 0.0, 0.0, 0.0, 1.0],
                [0.974169, -0.012536, 0.225473, -0.0, 0.013974, 0.999891, -0.004784, 0.05, -0.225388, 0.007811, 0.974238, 0.0, 0.0, 0.0, 0.0, 1.0],
                [0.974169, -0.012536, 0.225473, 0.0, 0.013974, 0.999891, -0.004784, 0.05, -0.225388, 0.007811, 0.974238, 0.0, 0.0, 0.0, 0.0, 1.0],
                [0.974169, -0.012536, 0.225473, 0.0, 0.013974, 0.999891, -0.004784, 0.05, -0.225388, 0.007811, 0.974238, 0.0, 0.0, 0.0, 0.0, 1.0],
                [0.974169, -0.012536, 0.225473, 0.0, 0.013974, 0.999891, -0.004784, 0.05, -0.225388, 0.007811, 0.974238, -0.0, 0.0, 0.0, 0.0, 1.0],
                [0.974169, -0.012536, 0.225473, -0.0, 0.013974, 0.999891, -0.004784, 0.05, -0.225388, 0.007811, 0.974238, 0.0, 0.0, 0.0, 0.0, 1.0],
                [0.974169, -0.012536, 0.225473, -0.0, 0.013974, 0.999891, -0.004784, 0.05, -0.225388, 0.007811, 0.974238, 0.0, 0.0, 0.0, 0.0, 1.0],
                [0.974169, -0.012536, 0.225473, 0.0, 0.013974, 0.999891, -0.004784, 0.05, -0.225388, 0.007811, 0.974238, 0.0, 0.0, 0.0, 0.0, 1.0],
                [0.974169, -0.012536, 0.225473, -0.0, 0.013974, 0.999891, -0.004784, 0.05, -0.225388, 0.007811, 0.974238, -0.0, 0.0, 0.0, 0.0, 1.0],
                [0.974169, -0.012536, 0.225473, 0.0, 0.013974, 0.999891, -0.004784, 0.05, -0.225388, 0.007811, 0.974238, -0.0, 0.0, 0.0, 0.0, 1.0],
                [0.974169, -0.012536, 0.225473, -0.0, 0.013974, 0.999891, -0.004784, 0.05, -0.225388, 0.007811, 0.974238, -0.0, 0.0, 0.0, 0.0, 1.0],
                [0.974169, -0.012536, 0.225473, -0.0, 0.013974, 0.999891, -0.004784, 0.05, -0.225388, 0.007811, 0.974238, -0.0, 0.0, 0.0, 0.0, 1.0],
                [0.974169, -0.012536, 0.225473, 0.0, 0.013974, 0.999891, -0.004784, 0.05, -0.225388, 0.007811, 0.974238, -0.0, 0.0, 0.0, 0.0, 1.0],
                [0.974169, -0.012536, 0.225473, -0.0, 0.013974, 0.999891, -0.004784, 0.05, -0.225388, 0.007811, 0.974238, -0.0, 0.0, 0.0, 0.0, 1.0],
                [0.974169, -0.012536, 0.225473, -0.0, 0.013974, 0.999891, -0.004784, 0.05, -0.225388, 0.007811, 0.974238, -0.0, 0.0, 0.0, 0.0, 1.0],
                [0.974169, -0.012536, 0.225473, 0.0, 0.013974, 0.999891, -0.004784, 0.05, -0.225388, 0.007811, 0.974238, 0.0, 0.0, 0.0, 0.0, 1.0],
                [0.974169, -0.012536, 0.225473, 0.0, 0.013974, 0.999891, -0.004784, 0.05, -0.225388, 0.007811, 0.974238, 0.0, 0.0, 0.0, 0.0, 1.0],
                [0.974169, -0.012536, 0.225473, 0.0, 0.013974, 0.999891, -0.004784, 0.05, -0.225388, 0.007811, 0.974238, 0.0, 0.0, 0.0, 0.0, 1.0],
                [0.974169, -0.012536, 0.225473, 0.0, 0.013974, 0.999891, -0.004784, 0.05, -0.225388, 0.007811, 0.974238, 0.0, 0.0, 0.0, 0.0, 1.0],
                [0.974169, -0.012536, 0.225473, 0.0, 0.013974, 0.999891, -0.004784, 0.05, -0.225388, 0.007811, 0.974238, 0.0, 0.0, 0.0, 0.0, 1.0],
                [0.974169, -0.012536, 0.225473, 0.0, 0.013974, 0.999891, -0.004784, 0.05, -0.225388, 0.007811, 0.974238, 0.0, 0.0, 0.0, 0.0, 1.0],
                [0.974169, -0.012536, 0.225473, 0.0, 0.013974, 0.999891, -0.004784, 0.05, -0.225388, 0.007811, 0.974238, 0.0, 0.0, 0.0, 0.0, 1.0],
                [0.974169, -0.012536, 0.225473, 0.0, 0.013974, 0.999891, -0.004784, 0.05, -0.225388, 0.007811, 0.974238, 0.0, 0.0, 0.0, 0.0, 1.0],
                [0.974169, -0.012536, 0.225473, 0.0, 0.013974, 0.999891, -0.004784, 0.05, -0.225388, 0.007811, 0.974238, 0.0, 0.0, 0.0, 0.0, 1.0],
                [0.974169, -0.012536, 0.225473, 0.0, 0.013974, 0.999891, -0.004784, 0.05, -0.225388, 0.007811, 0.974238, 0.0, 0.0, 0.0, 0.0, 1.0],
                [0.974169, -0.012536, 0.225473, 0.0, 0.013974, 0.999891, -0.004784, 0.05, -0.225388, 0.007811, 0.974238, 0.0, 0.0, 0.0, 0.0, 1.0],
                [0.974169, -0.012536, 0.225473, 0.0, 0.013974, 0.999891, -0.004784, 0.05, -0.225388, 0.007811, 0.974238, 0.0, 0.0, 0.0, 0.0, 1.0],
                [0.974169, -0.012536, 0.225473, 0.0, 0.013974, 0.999891, -0.004784, 0.05, -0.225388, 0.007811, 0.974238, 0.0, 0.0, 0.0, 0.0, 1.0],
                [0.974169, -0.012536, 0.225473, 0.0, 0.013974, 0.999891, -0.004784, 0.05, -0.225388, 0.007811, 0.974238, 0.0, 0.0, 0.0, 0.0, 1.0],
                [0.974169, -0.012536, 0.225473, 0.0, 0.013974, 0.999891, -0.004784, 0.05, -0.225388, 0.007811, 0.974238, 0.0, 0.0, 0.0, 0.0, 1.0],
                [0.974169, -0.012536, 0.225473, 0.0, 0.013974, 0.999891, -0.004784, 0.05, -0.225388, 0.007811, 0.974238, 0.0, 0.0, 0.0, 0.0, 1.0],
                [0.974169, -0.012536, 0.225473, 0.0, 0.013974, 0.999891, -0.004784, 0.05, -0.225388, 0.007811, 0.974238, 0.0, 0.0, 0.0, 0.0, 1.0],
                [0.974169, -0.012536, 0.225473, 0.0, 0.013974, 0.999891, -0.004784, 0.05, -0.225388, 0.007811, 0.974238, 0.0, 0.0, 0.0, 0.0, 1.0],
                [0.974169, -0.012536, 0.225473, 0.0, 0.013974, 0.999891, -0.004784, 0.05, -0.225388, 0.007811, 0.974238, 0.0, 0.0, 0.0, 0.0, 1.0],
                [0.974169, -0.012536, 0.225473, 0.0, 0.013974, 0.999891, -0.004784, 0.05, -0.225388, 0.007811, 0.974238, 0.0, 0.0, 0.0, 0.0, 1.0],
                [0.974169, -0.012536, 0.225473, 0.0, 0.013974, 0.999891, -0.004784, 0.05, -0.225388, 0.007811, 0.974238, 0.0, 0.0, 0.0, 0.0, 1.0],
                [0.974169, -0.012536, 0.225473, 0.0, 0.013974, 0.999891, -0.004784, 0.05, -0.225388, 0.007811, 0.974238, 0.0, 0.0, 0.0, 0.0, 1.0],
                [0.974169, -0.012536, 0.225473, 0.0, 0.013974, 0.999891, -0.004784, 0.05, -0.225388, 0.007811, 0.974238, 0.0, 0.0, 0.0, 0.0, 1.0],
