{
    "animation": [
        {
            "name": "Root",
            "time": [0.0, 0.0333, 0.0667, 0.1, 0.1333, 0.1667, 0.2, 0.2333, 0.2667, 0.3, 0.3333, 0.3667, 0.4, 0.4333, 0.4667, 0.5, 0.5333, 0.5667, 0.6, 0.6333, 0.6667, 0.7, 0.7333, 0.7667, 0.8, 0.8333, 0.8667, 0.9, 0.9333, 0.9667, 1.0, 1.0333, 1.0667, 1.1, 1.1333, 1.1667, 1.2, 1.2333, 1.2667, 1.3, 1.3333, 1.3667, 1.4, 1.4333, 1.4667, 1.5, 1.5333, 1.5667, 1.6],
            "transform": [
                [0.968238, 0.0, -0.25003, 0.00636, -0.25003, 0.0, -0.968238, 0.000452, 0.0, 1.0, 0.0, 0.644033, 0.0, 0.0, 0.0, 1.0],
                [0.951343, 0.0, -0.308135, 0.006232, -0.308135, 0.0, -0.951343, 0.000817, 0.0, 1.0, 0.0, 0.64411, 0.0, 0.0, 0.0, 1.0],
                [0.893306, 0.0, -0.449448, 0.005871, -0.449448, 0.0, -0.893306, 0.002416, 0.0, 1.0, 0.0, 0.644349, 0.0, 0.0, 0.0, 1.0],
                [0.785736, 0.0, -0.618562, 0.004364, -0.618562, 0.0, -0.785736, 0.006003, 0.0, 1.0, 0.0, 0.645607, 0.0, 0.0, 0.0, 1.0],
                [0.645719, 0.0, -0.763575, -0.001799, -0.763575, 0.0, -0.645719, 0.012331, 0.0, 1.0, 0.0, 0.648984, 0.0, 0.0, 0.0, 1.0],
                [0.509802, 0.0, -0.860292, -0.015581, -0.860292, 0.0, -0.509802, 0.021808, 0.0, 1.0, 0.0, 0.655212, 0.0, 0.0, 0.0, 1.0],
                [0.393576, 0.0, -0.919292, -0.035243, -0.919292, 0.0, -0.393576, 0.033457, 0.0, 1.0, 0.0, 0.663545, 0.0, 0.0, 0.0, 1.0],
                [0.300415, 0.0, -0.953809, -0.057867, -0.953809, 0.0, -0.300415, 0.045955, 0.0, 1.0, 0.0, 0.672865, 0.0, 0.0, 0.0, 1.0],
                [0.230418, 0.0, -0.973092, -0.08054, -0.973092, 0.0, -0.230418, 0.057979, 0.0, 1.0, 0.0, 0.682057, 0.0, 0.0, 0.0, 1.0],
                [0.182447, 0.0, -0.983216, -0.100344, -0.983216, 0.0, -0.182447, 0.068206, 0.0, 1.0, 0.0, 0.690005, 0.0, 0.0, 0.0, 1.0],
                [0.154968, 0.0, -0.987919, -0.114365, -0.987919, 0.0, -0.154968, 0.075312, 0.0, 1.0, 0.0, 0.695592, 0.0, 0.0, 0.0, 1.0],
                [0.146243, 0.0, -0.989249, -0.119687, -0.989249, 0.0, -0.146243, 0.077975, 0.0, 1.0, 0.0, 0.697702, 0.0, 0.0, 0.0, 1.0],
                [0.146243, 0.0, -0.989249, -0.119687, -0.989249, 0.0, -0.146243, 0.077975, 0.0, 1.0, 0.0, 0.697702, 0.0, 0.0, 0.0, 1.0],
                [0.146243, 0.0, -0.989249, -0.119687, -0.989249, 0.0, -0.146243, 0.077975, 0.0, 1.0, 0.0, 0.697702, 0.0, 0.0, 0.0, 1.0],
                [0.146243, 0.0, -0.989249, -0.119687, -0.989249, 0.0, -0.146243, 0.077975, 0.0, 1.0, 0.0, 0.697702, 0.0, 0.0, 0.0, 1.0],
                [0.146243, 0.0, -0.989249, -0.119687, -0.989249, 0.0, -0.146243, 0.077975, 0.0, 1.0, 0.0, 0.697702, 0.0, 0.0, 0.0, 1.0],
                [0.146243, 0.0, -0.989249, -0.119687, -0.989249, 0.0, -0.146243, 0.077975, 0.0, 1.0, 0.0, 0.697702, 0.0, 0.0, 0.0, 1.0],
                [0.146243, 0.0, -0.989249, -0.119687, -0.989249, 0.0, -0.146243, 0.077975, 0.0, 1.0, 0.0, 0.697702, 0.0, 0.0, 0.0, 1.0],
                [0.146243, 0.0, -0.989249, -0.119687, -0.989249, 0.0, -0.146243, 0.077975, 0.0, 1.0, 0.0, 0.697702, 0.0, 0.0, 0.0, 1.0],
                [0.146243, 0.0, -0.989249, -0.119687, -0.989249, 0.0, -0.146243, 0.077975, 0.0, 1.0, 0.0, 0.697702, 0.0, 0.0, 0.0, 1.0],
                [0.146243, 0.0, -0.989249, -0.119687, -0.989249, 0.0, -0.146243, 0.077975, 0.0, 1.0, 0.0, 0.697702, 0.0, 0.0, 0.0, 1.0],
                [0.146243, 0.0, -0.989249, -0.119687, -0.989249, 0.0, -0.146243, 0.077975, 0.0, 1.0, 0.0, 0.697702, 0.0, 0.0, 0.0, 1.0],
                [0.146243, 0.0, -0.989249, -0.119687, -0.989249, 0.0, -0.146243, 0.077975, 0.0, 1.0, 0.0, 0.697702, 0.0, 0.0, 0.0, 1.0],
                [0.146243, 0.0, -0.989249, -0.119687, -0.989249, 0.0, -0.146243, 0.077975, 0.0, 1.0, 0.0, 0.697702, 0.0, 0.0, 0.0, 1.0],
                [0.146243, 0.0, -0.989249, -0.119687, -0.989249, 0.0, -0.146243, 0.077975, 0.0, 1.0, 0.0, 0.697702, 0.0, 0.0, 0.0, 1.0],
                [0.146243, 0.0, -0.989249, -0.119687, -0.989249, 0.0, -0.146243, 0.077975, 0.0, 1.0, 0.0, 0.697702, 0.0, 0.0, 0.0, 1.0],
                [0.146243, 0.0, -0.989249, -0.119687, -0.989249, 0.0, -0.146243, 0.077975, 0.0, 1.0, 0.0, 0.697702, 0.0, 0.0, 0.0, 1.0],
                [0.146243, 0.0, -0.989249, -0.119687, -0.989249, 0.0, -0.146243, 0.077975, 0.0, 1.0, 0.0, 0.697702, 0.0, 0.0, 0.0, 1.0],
                [0.146243, 0.0, -0.989249, -0.119687, -0.989249, 0.0, -0.146243, 0.077975, 0.0, 1.0, 0.0, 0.697702, 0.0, 0.0, 0.0, 1.0],
                [0.146243, 0.0, -0.989249, -0.119687, -0.989249, 0.0, -0.146243, 0.077975, 0.0, 1.0, 0.0, 0.697702, 0.0, 0.0, 0.0, 1.0],
                [0.146243, 0.0, -0.989249, -0.119687, -0.989249, 0.0, -0.146243, 0.077975, 0.0, 1.0, 0.0, 0.697702, 0.0, 0.0, 0.0, 1.0],
                [0.146243, 0.0, -0.989249, -0.119687, -0.989249, 0.0, -0.146243, 0.077975, 0.0, 1.0, 0.0, 0.697702, 0.0, 0.0, 0.0, 1.0],
                [0.146243, 0.0, -0.989249, -0.119687, -0.989249, 0.0, -0.146243, 0.077975, 0.0, 1.0, 0.0, 0.697702, 0.0, 0.0, 0.0, 1.0],
                [0.146243, 0.0, -0.989249, -0.119687, -0.989249, 0.0, -0.146243, 0.077975, 0.0, 1.0, 0.0, 0.697702, 0.0, 0.0, 0.0, 1.0],
                [0.146243, 0.0, -0.989249, -0.119687, -0.989249, 0.0, -0.146243, 0.077975, 0.0, 1.0, 0.0, 0.697702, 0.0, 0.0, 0.0, 1.0],
                [0.146243, 0.0, -0.989249, -0.119687, -0.989249, 0.0, -0.146243, 0.077975, 0.0, 1.0, 0.0, 0.697702, 0.0, 0.0, 0.0, 1.0],
                [0.146243, 0.0, -0.989249, -0.119687, -0.989249, 0.0, -0.146243, 0.077975, 0.0, 1.0, 0.0, 0.697702, 0.0, 0.0, 0.0, 1.0],
                [0.146243, 0.0, -0.989249, -0.119687, -0.989249, 0.0, -0.146243, 0.077975, 0.0, 1.0, 0.0, 0.697702, 0.0, 0.0, 0.0, 1.0],
                [0.146243, 0.0, -0.989249, -0.119687, -0.989249, 0.0, -0.146243, 0.077975, 0.0, 1.0, 0.0, 0.697702, 0.0, 0.0, 0.0, 1.0],
                [0.146243, 0.0, -0.989249, -0.119687, -0.989249, 0.0, -0.146243, 0.077975, 0.0, 1.0, 0.0, 0.697702, 0.0, 0.0, 0.0, 1.0],
                [0.146243, 0.0, -0.989249, -0.119687, -0.989249, 0.0, -0.146243, 0.077975, 0.0, 1.0, 0.0, 0.697702, 0.0, 0.0, 0.0, 1.0],
                [0.146243, 0.0, -0.989249, -0.119687, -0.989249, 0.0, -0.146243, 0.077975, 0.0, 1.0, 0.0, 0.697702, 0.0, 0.0, 0.0, 1.0],
                [0.146243, 0.0, -0.989249, -0.119687, -0.989249, 0.0, -0.146243, 0.077975, 0.0, 1.0, 0.0, 0.697702, 0.0, 0.0, 0.0, 1.0],
                [0.146243, 0.0, -0.989249, -0.119687, -0.989249, 0.0, -0.146243, 0.077975, 0.0, 1.0, 0.0, 0.697702, 0.0, 0.0, 0.0, 1.0],
                [0.146243, 0.0, -0.989249, -0.119687, -0.989249, 0.0, -0.146243, 0.077975, 0.0, 1.0, 0.0, 0.697702, 0.0, 0.0, 0.0, 1.0],
                [0.146243, 0.0, -0.989249, -0.119687, -0.989249, 0.0, -0.146243, 0.077975, 0.0, 1.0, 0.0, 0.697702, 0.0, 0.0, 0.0, 1.0],
                [0.146243, 0.0, -0.989249, -0.119687, -0.989249, 0.0, -0.146243, 0.077975, 0.0, 1.0, 0.0, 0.697702, 0.0, 0.0, 0.0, 1.0],
                [0.146243, 0.0, -0.989249, -0.119687, -0.989249, 0.0, -0.146243, 0.077975, 0.0, 1.0, 0.0, 0.697702, 0.0, 0.0, 0.0, 1.0],
                [0.146243, 0.0, -0.989249, -0.119687, -0.989249, 0.0, -0.146243, 0.077975, 0.0, 1.0, 0.0, 0.697702, 0.0, 0.0, 0.0, 1.0]
            ]
        },
        {
            "name": "Thigh_L",
            "time": [0.0, 0.0333, 0.0667, 0.1, 0.1333, 0.1667, 0.2, 0.2333, 0.2667, 0.3, 0.3333, 0.3667, 0.4, 0.4333, 0.4667, 0.5, 0.5333, 0.5667, 0.6, 0.6333, 0.6667, 0.7, 0.7333, 0.7667, 0.8, 0.8333, 0.8667, 0.9, 0.9333, 0.9667, 1.0, 1.0333, 1.0667, 1.1, 1.1333, 1.1667, 1.2, 1.2333, 1.2667, 1.3, 1.3333, 1.3667, 1.4, 1.4333, 1.4667, 1.5, 1.5333, 1.5667, 1.6],
            "transform": [
                [0.9521, 0.015886, -0.305373, -0.117073, 0.014427, -0.999871, -0.007034, 0.002457, -0.305446, 0.002291, -0.952207, 0.030709, 0.0, 0.0, 0.0, 1.0],
                [0.942087, 0.004732, -0.335337, -0.117073, 0.014288, -0.999559, 0.026035, 0.002457, -0.335066, -0.029319, -0.941738, 0.030709, 0.0, 0.0, 0.0, 1.0],
                [0.901138, -0.046192, -0.431064, -0.117073, 0.004613, -0.99323, 0.116075, 0.002457, -0.433508, -0.106588, -0.894824, 0.030709, 0.0, 0.0, 0.0, 1.0],
                [0.783873, -0.158428, -0.600369, -0.117073, -0.01105, -0.970307, 0.241622, 0.002457, -0.620822, -0.182767, -0.762349, 0.030709, 0.0, 0.0, 0.0, 1.0],
                [0.649355, -0.389346, -0.653259, -0.117073, -0.039707, -0.875189, 0.482149, 0.002457, -0.759448, -0.287147, -0.583769, 0.030709, 0.0, 0.0, 0.0, 1.0],
                [0.63683, -0.46597, -0.614263, -0.117073, -0.112767, -0.84443, 0.523661, 0.002457, -0.762713, -0.264215, -0.590305, 0.030709, 0.0, 0.0, 0.0, 1.0],
                [0.626739, -0.471648, -0.620279, -0.117073, -0.160232, -0.857011, 0.489754, 0.002457, -0.762577, -0.207559, -0.612695, 0.030709, 0.0, 0.0, 0.0, 1.0],
                [0.620419, -0.467929, -0.629383, -0.117073, -0.186744, -0.867567, 0.460928, 0.002457, -0.761713, -0.168435, -0.625638, 0.030709, 0.0, 0.0, 0.0, 1.0],
                [0.617599, -0.460725, -0.637419, -0.117073, -0.197948, -0.875425, 0.440963, 0.002457, -0.761175, -0.146162, -0.631861, 0.030709, 0.0, 0.0, 0.0, 1.0],
                [0.617197, -0.453467, -0.64299, -0.117073, -0.199517, -0.880703, 0.4296, 0.002457, -0.761092, -0.136861, -0.634041, 0.030709, 0.0, 0.0, 0.0, 1.0],
                [0.617898, -0.447997, -0.646143, -0.117073, -0.196778, -0.883755, 0.424566, 0.002457, -0.761236, -0.135192, -0.634226, 0.030709, 0.0, 0.0, 0.0, 1.0],
                [0.618407, -0.445918, -0.647094, -0.117073, -0.194775, -0.884702, 0.423516, 0.002457, -0.761338, -0.135867, -0.633959, 0.030709, 0.0, 0.0, 0.0, 1.0],
                [0.618407, -0.445918, -0.647094, -0.117073, -0.194775, -0.884702, 0.423516, 0.002457, -0.761338, -0.135867, -0.633959, 0.030709, 0.0, 0.0, 0.0, 1.0],
                [0.618407, -0.445918, -0.647094, -0.117073, -0.194775, -0.884702, 0.423516, 0.002457, -0.761338, -0.135867, -0.633959, 0.030709, 0.0, 0.0, 0.0, 1.0],
                [0.618407, -0.445918, -0.647094, -0.117073, -0.194775, -0.884702, 0.423516, 0.002457, -0.761338, -0.135867, -0.633959, 0.030709, 0.0, 0.0, 0.0, 1.0],
                [0.618407, -0.445918, -0.647094, -0.117073, -0.194775, -0.884702, 0.423516, 0.002457, -0.761338, -0.135867, -0.633959, 0.030709, 0.0, 0.0, 0.0, 1.0],
                [0.618407, -0.445918, -0.647094, -0.117073, -0.194775, -0.884702, 0.423516, 0.002457, -0.761338, -0.135867, -0.633959, 0.030709, 0.0, 0.0, 0.0, 1.0],
                [0.618407, -0.445918, -0.647094, -0.117073, -0.194775, -0.884702, 0.423516, 0.002457, -0.761338, -0.135867, -0.633959, 0.030709, 0.0, 0.0, 0.0, 1.0],
                [0.618407, -0.445918, -0.647094, -0.117073, -0.194775, -0.884702, 0.423516, 0.002457, -0.761338, -0.135867, -0.633959, 0.030709, 0.0, 0.0, 0.0, 1.0],
                [0.618407, -0.445918, -0.647094, -0.117073, -0.194775, -0.884702, 0.423516, 0.002457, -0.761338, -0.135867, -0.633959, 0.030709, 0.0, 0.0, 0.0, 1.0],
                [0.618407, -0.445918, -0.647094, -0.117073, -0.194775, -0.884702, 0.423516, 0.002457, -0.761338, -0.135867, -0.633959, 0.030709, 0.0, 0.0, 0.0, 1.0],
                [0.618407, -0.445918, -0.647094, -0.117073, -0.194775, -0.884702, 0.423516, 0.002457, -0.761338, -0.135867, -0.633959, 0.030709, 0.0, 0.0, 0.0, 1.0],
                [0.618407, -0.445918, -0.647094, -0.117073, -0.194775, -0.884702, 0.423516, 0.002457, -0.761338, -0.135867, -0.633959, 0.030709, 0.0, 0.0, 0.0, 1.0],
                [0.618407, -0.445918, -0.647094, -0.117073, -0.194775, -0.884702, 0.423516, 0.002457, -0.761338, -0.135867, -0.633959, 0.030709, 0.0, 0.0, 0.0, 1.0],
                [0.618407, -0.445918, -0.647094, -0.117073, -0.194775, -0.884702, 0.423516, 0.002457, -0.761338, -0.135867, -0.633959, 0.030709, 0.0, 0.0, 0.0, 1.0],
                [0.618407, -0.445918, -0.647094, -0.117073, -0.194775, -0.884702, 0.423516, 0.002457, -0.761338, -0.135867, -0.633959, 0.030709, 0.0, 0.0, 0.0, 1.0],
                [0.618407, -0.445918, -0.647094, -0.117073, -0.194775, -0.884702, 0.423516, 0.002457, -0.761338, -0.135867, -0.633959, 0.030709, 0.0, 0.0, 0.0, 1.0],
                [0.618407, -0.445918, -0.647094, -0.117073, -0.194775, -0.884702, 0.423516, 0.002457, -0.761338, -0.135867, -0.633959, 0.030709, 0.0, 0.0, 0.0, 1.0],
                [0.618407, -0.445918, -0.647094, -0.117073, -0.194775, -0.884702, 0.423516, 0.002457, -0.761338, -0.135867, -0.633959, 0.030709, 0.0, 0.0, 0.0, 1.0],
                [0.618407, -0.445918, -0.647094, -0.117073, -0.194775, -0.884702, 0.423516, 0.002457, -0.761338, -0.135867, -0.633959, 0.030709, 0.0, 0.0, 0.0, 1.0],
                [0.618407, -0.445918, -0.647094, -0.117073, -0.194775, -0.884702, 0.423516, 0.002457, -0.761338, -0.135867, -0.633959, 0.030709, 0.0, 0.0, 0.0, 1.0],
                [0.618407, -0.445918, -0.647094, -0.117073, -0.194775, -0.884702, 0.423516, 0.002457, -0.761338, -0.135867, -0.633959, 0.030709, 0.0, 0.0, 0.0, 1.0],
                [0.618407, -0.445918, -0.647094, -0.117073, -0.194775, -0.884702, 0.423516, 0.002457, -0.761338, -0.135867, -0.633959, 0.030709, 0.0, 0.0, 0.0, 1.0],
                [0.618407, -0.445918, -0.647094, -0.117073, -0.194775, -0.884702, 0.423516, 0.002457, -0.761338, -0.135867, -0.633959, 0.030709, 0.0, 0.0, 0.0, 1.0],
                [0.618407, -0.445918, -0.647094, -0.117073, -0.194775, -0.884702, 0.423516, 0.002457, -0.761338, -0.135867, -0.633959, 0.030709, 0.0, 0.0, 0.0, 1.0],
                [0.618407, -0.445918, -0.647094, -0.117073, -0.194775, -0.884702, 0.423516, 0.002457, -0.761338, -0.135867, -0.633959, 0.030709, 0.0, 0.0, 0.0, 1.0],
                [0.618407, -0.445918, -0.647094, -0.117073, -0.194775, -0.884702, 0.423516, 0.002457, -0.761338, -0.135867, -0.633959, 0.030709, 0.0, 0.0, 0.0, 1.0],
                [0.618407, -0.445918, -0.647094, -0.117073, -0.194775, -0.884702, 0.423516, 0.002457, -0.761338, -0.135867, -0.633959, 0.030709, 0.0, 0.0, 0.0, 1.0],
                [0.618407, -0.445918, -0.647094, -0.117073, -0.194775, -0.884702, 0.423516, 0.002457, -0.761338, -0.135867, -0.633959, 0.030709, 0.0, 0.0, 0.0, 1.0],
                [0.618407, -0.445918, -0.647094, -0.117073, -0.194775, -0.884702, 0.423516, 0.002457, -0.761338, -0.135867, -0.633959, 0.030709, 0.0, 0.0, 0.0, 1.0],
                [0.618407, -0.445918, -0.647094, -0.117073, -0.194775, -0.884702, 0.423516, 0.002457, -0.761338, -0.135867, -0.633959, 0.030709, 0.0, 0.0, 0.0, 1.0],
                [0.618407, -0.445918, -0.647094, -0.117073, -0.194775, -0.884702, 0.423516, 0.002457, -0.761338, -0.135867, -0.633959, 0.030709, 0.0, 0.0, 0.0, 1.0],
                [0.618407, -0.445918, -0.647094, -0.117073, -0.194775, -0.884702, 0.423516, 0.002457, -0.761338, -0.135867, -0.633959, 0.030709, 0.0, 0.0, 0.0, 1.0],
                [0.618407, -0.445918, -0.647094, -0.117073, -0.194775, -0.884702, 0.423516, 0.002457, -0.761338, -0.135867, -0.633959, 0.030709, 0.0, 0.0, 0.0, 1.0],
                [0.618407, -0.445918, -0.647094, -0.117073, -0.194775, -0.884702, 0.423516, 0.002457, -0.761338, -0.135867, -0.633959, 0.030709, 0.0, 0.0, 0.0, 1.0],
                [0.618407, -0.445918, -0.647094, -0.117073, -0.194775, -0.884702, 0.423516, 0.002457, -0.761338, -0.135867, -0.633959, 0.030709, 0.0, 0.0, 0.0, 1.0],
                [0.618407, -0.445918, -0.647094, -0.117073, -0.194775, -0.884702, 0.423516, 0.002457, -0.761338, -0.135867, -0.633959, 0.030709, 0.0, 0.0, 0.0, 1.0],
                [0.618407, -0.445918, -0.647094, -0.117073, -0.194775, -0.884702, 0.423516, 0.002457, -0.761338, -0.135867, -0.633959, 0.030709, 0.0, 0.0, 0.0, 1.0],
                [0.618407, -0.445918, -0.647094, -0.117073, -0.194775, -0.884702, 0.423516, 0.002457, -0.761338, -0.135867, -0.633959, 0.030709, 0.0, 0.0, 0.0, 1.0]
            ]
        },
        {
            "name": "Leg_L",
            "time": [0.0, 0.0333, 0.0667, 0.1, 0.1333, 0.1667, 0.2, 0.2333, 0.2667, 0.3, 0.3333, 0.3667, 0.4, 0.4333, 0.4667, 0.5, 0.5333, 0.5667, 0.6, 0.6333, 0.6667, 0.7, 0.7333, 0.7667, 0.8, 0.8333, 0.8667, 0.9, 0.9333, 0.9667, 1.0, 1.0333, 1.0667, 1.1, 1.1333, 1.1667, 1.2, 1.2333, 1.2667, 1.3, 1.3333, 1.3667, 1.4, 1.4333, 1.4667, 1.5, 1.5333, 1.5667, 1.6],
            "transform": [
                [1.0, 0.0, 1e-06, -0.0, -0.0, 0.999995, 0.003146, 0.374793, -1e-06, -0.003146, 0.999995, 0.0, 0.0, 0.0, 0.0, 1.0],
                [1.0, 0.0, 1e-06, -0.0, -0.0, 0.999995, 0.003141, 0.374793, -1e-06, -0.003141, 0.999995, 0.0, 0.0, 0.0, 0.0, 1.0],
                [1.0, 0.0, 1e-06, -0.0, -0.0, 0.999995, 0.003127, 0.374793, -1e-06, -0.003127, 0.999995, 0.0, 0.0, 0.0, 0.0, 1.0],
                [1.0, 0.0, 1e-06, 0.0, -0.0, 0.999995, 0.003105, 0.374793, -1e-06, -0.003105, 0.999995, 0.0, 0.0, 0.0, 0.0, 1.0],
                [1.0, 0.0, 1e-06, 0.0, -0.0, 0.941698, 0.336458, 0.374793, -1e-06, -0.336458, 0.941698, -0.0, 0.0, 0.0, 0.0, 1.0],
                [1.0, -0.0, 1e-06, -0.0, -0.0, 0.907707, 0.419605, 0.374793, -1e-06, -0.419605, 0.907707, 0.0, 0.0, 0.0, 0.0, 1.0],
                [1.0, -0.0, 1e-06, 0.0, -0.0, 0.922011, 0.387163, 0.374793, -1e-06, -0.387163, 0.922012, 0.0, 0.0, 0.0, 0.0, 1.0],
                [1.0, 0.0, 1e-06, -0.0, -0.0, 0.929886, 0.367848, 0.374793, -1e-06, -0.367848, 0.929886, -0.0, 0.0, 0.0, 0.0, 1.0],
                [1.0, -0.0, 1e-06, 0.0, -0.0, 0.932691, 0.360677, 0.374793, -1e-06, -0.360677, 0.932691, 0.0, 0.0, 0.0, 0.0, 1.0],
                [1.0, 0.0, 1e-06, 0.0, -0.0, 0.932301, 0.361683, 0.374793, -1e-06, -0.361683, 0.932301, -0.0, 0.0, 0.0, 0.0, 1.0],
                [1.0, -0.0, 1e-06, 0.0, -0.0, 0.930781, 0.365577, 0.374793, -1e-06, -0.365577, 0.930781, 0.0, 0.0, 0.0, 0.0, 1.0],
                [1.0, -0.0, 1e-06, 0.0, -0.0, 0.929805, 0.368052, 0.374794, -1e-06, -0.368052, 0.929806, 0.0, 0.0, 0.0, 0.0, 1.0],
                [1.0, -0.0, 1e-06, 0.0, -0.0, 0.929805, 0.368052, 0.374794, -1e-06, -0.368052, 0.929806, 0.0, 0.0, 0.0, 0.0, 1.0],
                [1.0, -0.0, 1e-06, 0.0, -0.0, 0.929805, 0.368052, 0.374794, -1e-06, -0.368052, 0.929806, 0.0, 0.0, 0.0, 0.0, 1.0],
                [1.0, -0.0, 1e-06, 0.0, -0.0, 0.929805, 0.368052, 0.374794, -1e-06, -0.368052, 0.929806, 0.0, 0.0, 0.0, 0.0, 1.0],
                [1.0, -0.0, 1e-06, 0.0, -0.0, 0.929805, 0.368052, 0.374794, -1e-06, -0.368052, 0.929806, 0.0, 0.0, 0.0, 0.0, 1.0],
                [1.0, -0.0, 1e-06, 0.0, -0.0, 0.929805, 0.368052, 0.374794, -1e-06, -0.368052, 0.929806, 0.0, 0.0, 0.0, 0.0, 1.0],
                [1.0, -0.0, 1e-06, 0.0, -0.0, 0.929805, 0.368052, 0.374794, -1e-06, -0.368052, 0.929806, 0.0, 0.0, 0.0, 0.0, 1.0],
                [1.0, -0.0, 1e-06, 0.0, -0.0, 0.929805, 0.368052, 0.374794, -1e-06, -0.368052, 0.929806, 0.0, 0.0, 0.0, 0.0, 1.0],
                [1.0, -0.0, 1e-06, 0.0, -0.0, 0.929805, 0.368052, 0.374794, -1e-06, -0.368052, 0.929806, 0.0, 0.0, 0.0, 0.0, 1.0],
                [1.0, -0.0, 1e-06, 0.0, -0.0, 0.929805, 0.368052, 0.374794, -1e-06, -0.368052, 0.929806, 0.0, 0.0, 0.0, 0.0, 1.0],
                [1.0, -0.0, 1e-06, 0.0, -0.0, 0.929805, 0.368052, 0.374794, -1e-06, -0.368052, 0.929806, 0.0, 0.0, 0.0, 0.0, 1.0],
                [1.0, -0.0, 1e-06, 0.0, -0.0, 0.929805, 0.368052, 0.374794, -1e-06, -0.368052, 0.929806, 0.0, 0.0, 0.0, 0.0, 1.0],
                [1.0, -0.0, 1e-06, 0.0, -0.0, 0.929805, 0.368052, 0.374794, -1e-06, -0.368052, 0.929806, 0.0, 0.0, 0.0, 0.0, 1.0],
                [1.0, -0.0, 1e-06, 0.0, -0.0, 0.929805, 0.368052, 0.374794, -1e-06, -0.368052, 0.929806, 0.0, 0.0, 0.0, 0.0, 1.0],
                [1.0, -0.0, 1e-06, 0.0, -0.0, 0.929805, 0.368052, 0.374794, -1e-06, -0.368052, 0.929806, 0.0, 0.0, 0.0, 0.0, 1.0],
                [1.0, -0.0, 1e-06, 0.0, -0.0, 0.929805, 0.368052, 0.374794, -1e-06, -0.368052, 0.929806, 0.0, 0.0, 0.0, 0.0, 1.0],
                [1.0, -0.0, 1e-06, 0.0, -0.0, 0.929805, 0.368052, 0.374794, -1e-06, -0.368052, 0.929806, 0.0, 0.0, 0.0, 0.0, 1.0],
                [1.0, -0.0, 1e-06, 0.0, -0.0, 0.929805, 0.368052, 0.374794, -1e-06, -0.368052, 0.929806, 0.0, 0.0, 0.0, 0.0, 1.0],
                [1.0, -0.0, 1e-06, 0.0, -0.0, 0.929805, 0.368052, 0.374794, -1e-06, -0.368052, 0.929806, 0.0, 0.0, 0.0, 0.0, 1.0],
                [1.0, -0.0, 1e-06, 0.0, -0.0, 0.929805, 0.368052, 0.374794, -1e-06, -0.368052, 0.929806, 0.0, 0.0, 0.0, 0.0, 1.0],
                [1.0, -0.0, 1e-06, 0.0, -0.0, 0.929805, 0.368052, 0.374794, -1e-06, -0.368052, 0.929806, 0.0, 0.0, 0.0, 0.0, 1.0],
                [1.0, -0.0, 1e-06, 0.0, -0.0, 0.929805, 0.368052, 0.374794, -1e-06, -0.368052, 0.929806, 0.0, 0.0, 0.0, 0.0, 1.0],
                [1.0, -0.0, 1e-06, 0.0, -0.0, 0.929805, 0.368052, 0.374794, -1e-06, -0.368052, 0.929806, 0.0, 0.0, 0.0, 0.0, 1.0],
                [1.0, -0.0, 1e-06, 0.0, -0.0, 0.929805, 0.368052, 0.374794, -1e-06, -0.368052, 0.929806, 0.0, 0.0, 0.0, 0.0, 1.0],
                [1.0, -0.0, 1e-06, 0.0, -0.0, 0.929805, 0.368052, 0.374794, -1e-06, -0.368052, 0.929806, 0.0, 0.0, 0.0, 0.0, 1.0],
                [1.0, -0.0, 1e-06, 0.0, -0.0, 0.929805, 0.368052, 0.374794, -1e-06, -0.368052, 0.929806, 0.0, 0.0, 0.0, 0.0, 1.0],
                [1.0, -0.0, 1e-06, 0.0, -0.0, 0.929805, 0.368052, 0.374794, -1e-06, -0.368052, 0.929806, 0.0, 0.0, 0.0, 0.0, 1.0],
                [1.0, -0.0, 1e-06, 0.0, -0.0, 0.929805, 0.368052, 0.374794, -1e-06, -0.368052, 0.929806, 0.0, 0.0, 0.0, 0.0, 1.0],
                [1.0, -0.0, 1e-06, 0.0, -0.0, 0.929805, 0.368052, 0.374794, -1e-06, -0.368052, 0.929806, 0.0, 0.0, 0.0, 0.0, 1.0],
                [1.0, -0.0, 1e-06, 0.0, -0.0, 0.929805, 0.368052, 0.374794, -1e-06, -0.368052, 0.929806, 0.0, 0.0, 0.0, 0.0, 1.0],
                [1.0, -0.0, 1e-06, 0.0, -0.0, 0.929805, 0.368052, 0.374794, -1e-06, -0.368052, 0.929806, 0.0, 0.0, 0.0, 0.0, 1.0],
                [1.0, -0.0, 1e-06, 0.0, -0.0, 0.929805, 0.368052, 0.374794, -1e-06, -0.368052, 0.929806, 0.0, 0.0, 0.0, 0.0, 1.0],
                [1.0, -0.0, 1e-06, 0.0, -0.0, 0.929805, 0.368052, 0.374794, -1e-06, -0.368052, 0.929806, 0.0, 0.0, 0.0, 0.0, 1.0],
                [1.0, -0.0, 1e-06, 0.0, -0.0, 0.929805, 0.368052, 0.374794, -1e-06, -0.368052, 0.929806, 0.0, 0.0, 0.0, 0.0, 1.0],
                [1.0, -0.0, 1e-06, 0.0, -0.0, 0.929805, 0.368052, 0.374794, -1e-06, -0.368052, 0.929806, 0.0, 0.0, 0.0, 0.0, 1.0],
                [1.0, -0.0, 1e-06, 0.0, -0.0, 0.929805, 0.368052, 0.374794, -1e-06, -0.368052, 0.929806, 0.0, 0.0, 0.0, 0.0, 1.0],
                [1.0, -0.0, 1e-06, 0.0, -0.0, 0.929805, 0.368052, 0.374794, -1e-06, -0.368052, 0.929806, 0.0, 0.0, 0.0, 0.0, 1.0],
                [1.0, -0.0, 1e-06, 0.0, -0.0, 0.929805, 0.368052, 0.374794, -1e-06, -0.368052, 0.929806, 0.0, 0.0, 0.0, 0.0, 1.0]
            ]
        },
        {
            "name": "Knee_L",
            "time": [0.0, 0.0333, 0.0667, 0.1, 0.1333, 0.1667, 0.2, 0.2333, 0.2667, 0.3, 0.3333, 0.3667, 0.4, 0.4333, 0.4667, 0.5, 0.5333, 0.5667, 0.6, 0.6333, 0.6667, 0.7, 0.7333, 0.7667, 0.8, 0.8333, 0.8667, 0.9, 0.9333, 0.9667, 1.0, 1.0333, 1.0667, 1.1, 1.1333, 1.1667, 1.2, 1.2333, 1.2667, 1.3, 1.3333, 1.3667, 1.4, 1.4333, 1.4667, 1.5, 1.5333, 1.5667, 1.6],
            "transform": [
                [1.0, 0.0, -0.0, -0.0, -0.0, 0.019774, -0.999804, 0.374647, -0.0, 0.999805, 0.019773, -0.007409, 0.0, 0.0, 0.0, 1.0],
                [1.0, 0.0, -0.0, -0.0, -0.0, 0.019774, -0.999804, 0.374647, -0.0, 0.999804, 0.019773, -0.007409, 0.0, 0.0, 0.0, 1.0],
                [1.0, 0.0, -0.0, -0.0, -0.0, 0.019774, -0.999805, 0.374647, -0.0, 0.999805, 0.019773, -0.007409, 0.0, 0.0, 0.0, 1.0],
                [1.0, 0.0, -0.0, -0.0, -0.0, 0.019774, -0.999805, 0.374647, -0.0, 0.999805, 0.019773, -0.007409, 0.0, 0.0, 0.0, 1.0],
                [1.0, 0.0, -0.0, 0.0, -0.0, 0.019774, -0.999804, 0.374647, -0.0, 0.999804, 0.019773, -0.007409, 0.0, 0.0, 0.0, 1.0],
                [1.0, 0.0, -0.0, -0.0, -0.0, 0.019774, -0.999804, 0.374647, -0.0, 0.999805, 0.019773, -0.007409, 0.0, 0.0, 0.0, 1.0],
                [1.0, 0.0, -0.0, -0.0, -0.0, 0.019774, -0.999805, 0.374647, -0.0, 0.999805, 0.019773, -0.007409, 0.0, 0.0, 0.0, 1.0],
                [1.0, 0.0, -0.0, 0.0, -0.0, 0.019774, -0.999805, 0.374647, -0.0, 0.999805, 0.019773, -0.007409, 0.0, 0.0, 0.0, 1.0],
                [1.0, 0.0, -0.0, 0.0, -0.0, 0.019774, -0.999804, 0.374647, -0.0, 0.999804, 0.019773, -0.007409, 0.0, 0.0, 0.0, 1.0],
                [1.0, 0.0, -0.0, 0.0, -0.0, 0.019774, -0.999805, 0.374647, -0.0, 0.999805, 0.019773, -0.007409, 0.0, 0.0, 0.0, 1.0],
                [1.0, 0.0, -0.0, 0.0, -0.0, 0.019774, -0.999805, 0.374647, -0.0, 0.999804, 0.019773, -0.007409, 0.0, 0.0, 0.0, 1.0],
                [1.0, 0.0, -0.0, 0.0, -0.0, 0.019774, -0.999805, 0.374647, -0.0, 0.999805, 0.019773, -0.007409, 0.0, 0.0, 0.0, 1.0],
                [1.0, 0.0, -0.0, 0.0, -0.0, 0.019774, -0.999805, 0.374647, -0.0, 0.999805, 0.019773, -0.007409, 0.0, 0.0, 0.0, 1.0],
                [1.0, 0.0, -0.0, 0.0, -0.0, 0.019774, -0.999805, 0.374647, -0.0, 0.999805, 0.019773, -0.007409, 0.0, 0.0, 0.0, 1.0],
                [1.0, 0.0, -0.0, 0.0, -0.0, 0.019774, -0.999805, 0.374647, -0.0, 0.999805, 0.019773, -0.007409, 0.0, 0.0, 0.0, 1.0],
                [1.0, 0.0, -0.0, 0.0, -0.0, 0.019774, -0.999805, 0.374647, -0.0, 0.999805, 0.019773, -0.007409, 0.0, 0.0, 0.0, 1.0],
                [1.0, 0.0, -0.0, 0.0, -0.0, 0.019774, -0.999805, 0.374647, -0.0, 0.999805, 0.019773, -0.007409, 0.0, 0.0, 0.0, 1.0],
                [1.0, 0.0, -0.0, 0.0, -0.0, 0.019774, -0.999805, 0.374647, -0.0, 0.999805, 0.019773, -0.007409, 0.0, 0.0, 0.0, 1.0],
                [1.0, 0.0, -0.0, 0.0, -0.0, 0.019774, -0.999805, 0.374647, -0.0, 0.999805, 0.019773, -0.007409, 0.0, 0.0, 0.0, 1.0],
                [1.0, 0.0, -0.0, 0.0, -0.0, 0.019774, -0.999805, 0.374647, -0.0, 0.999805, 0.019773, -0.007409, 0.0, 0.0, 0.0, 1.0],
                [1.0, 0.0, -0.0, 0.0, -0.0, 0.019774, -0.999805, 0.374647, -0.0, 0.999805, 0.019773, -0.007409, 0.0, 0.0, 0.0, 1.0],
                [1.0, 0.0, -0.0, 0.0, -0.0, 0.019774, -0.999805, 0.374647, -0.0, 0.999805, 0.019773, -0.007409, 0.0, 0.0, 0.0, 1.0],
                [1.0, 0.0, -0.0, 0.0, -0.0, 0.019774, -0.999805, 0.374647, -0.0, 0.999805, 0.019773, -0.007409, 0.0, 0.0, 0.0, 1.0],
                [1.0, 0.0, -0.0, 0.0, -0.0, 0.019774, -0.999805, 0.374647, -0.0, 0.999805, 0.019773, -0.007409, 0.0, 0.0, 0.0, 1.0],
                [1.0, 0.0, -0.0, 0.0, -0.0, 0.019774, -0.999805, 0.374647, -0.0, 0.999805, 0.019773, -0.007409, 0.0, 0.0, 0.0, 1.0],
                [1.0, 0.0, -0.0, 0.0, -0.0, 0.019774, -0.999805, 0.374647, -0.0, 0.999805, 0.019773, -0.007409, 0.0, 0.0, 0.0, 1.0],
                [1.0, 0.0, -0.0, 0.0, -0.0, 0.019774, -0.999805, 0.374647, -0.0, 0.999805, 0.019773, -0.007409, 0.0, 0.0, 0.0, 1.0],
                [1.0, 0.0, -0.0, 0.0, -0.0, 0.019774, -0.999805, 0.374647, -0.0, 0.999805, 0.019773, -0.007409, 0.0, 0.0, 0.0, 1.0],
                [1.0, 0.0, -0.0, 0.0, -0.0, 0.019774, -0.999805, 0.374647, -0.0, 0.999805, 0.019773, -0.007409, 0.0, 0.0, 0.0, 1.0],
                [1.0, 0.0, -0.0, 0.0, -0.0, 0.019774, -0.999805, 0.374647, -0.0, 0.999805, 0.019773, -0.007409, 0.0, 0.0, 0.0, 1.0],
                [1.0, 0.0, -0.0, 0.0, -0.0, 0.019774, -0.999805, 0.374647, -0.0, 0.999805, 0.019773, -0.007409, 0.0, 0.0, 0.0, 1.0],
                [1.0, 0.0, -0.0, 0.0, -0.0, 0.019774, -0.999805, 0.374647, -0.0, 0.999805, 0.019773, -0.007409, 0.0, 0.0, 0.0, 1.0],
                [1.0, 0.0, -0.0, 0.0, -0.0, 0.019774, -0.999805, 0.374647, -0.0, 0.999805, 0.019773, -0.007409, 0.0, 0.0, 0.0, 1.0],
                [1.0, 0.0, -0.0, 0.0, -0.0, 0.019774, -0.999805, 0.374647, -0.0, 0.999805, 0.019773, -0.007409, 0.0, 0.0, 0.0, 1.0],
                [1.0, 0.0, -0.0, 0.0, -0.0, 0.019774, -0.999805, 0.374647, -0.0, 0.999805, 0.019773, -0.007409, 0.0, 0.0, 0.0, 1.0],
                [1.0, 0.0, -0.0, 0.0, -0.0, 0.019774, -0.999805, 0.374647, -0.0, 0.999805, 0.019773, -0.007409, 0.0, 0.0, 0.0, 1.0],
                [1.0, 0.0, -0.0, 0.0, -0.0, 0.019774, -0.999805, 0.374647, -0.0, 0.999805, 0.019773, -0.007409, 0.0, 0.0, 0.0, 1.0],
                [1.0, 0.0, -0.0, 0.0, -0.0, 0.019774, -0.999805, 0.374647, -0.0, 0.999805, 0.019773, -0.007409, 0.0, 0.0, 0.0, 1.0],
                [1.0, 0.0, -0.0, 0.0, -0.0, 0.019774, -0.999805, 0.374647, -0.0, 0.999805, 0.019773, -0.007409, 0.0, 0.0, 0.0, 1.0],
                [1.0, 0.0, -0.0, 0.0, -0.0, 0.019774, -0.999805, 0.374647, -0.0, 0.999805, 0.019773, -0.007409, 0.0, 0.0, 0.0, 1.0],
                [1.0, 0.0, -0.0, 0.0, -0.0, 0.019774, -0.999805, 0.374647, -0.0, 0.999805, 0.019773, -0.007409, 0.0, 0.0, 0.0, 1.0],
                [1.0, 0.0, -0.0, 0.0, -0.0, 0.019774, -0.999805, 0.374647, -0.0, 0.999805, 0.019773, -0.007409, 0.0, 0.0, 0.0, 1.0],
                [1.0, 0.0, -0.0, 0.0, -0.0, 0.019774, -0.999805, 0.374647, -0.0, 0.999805, 0.019773, -0.007409, 0.0, 0.0, 0.0, 1.0],
                [1.0, 0.0, -0.0, 0.0, -0.0, 0.019774, -0.999805, 0.374647, -0.0, 0.999805, 0.019773, -0.007409, 0.0, 0.0, 0.0, 1.0],
                [1.0, 0.0, -0.0, 0.0, -0.0, 0.019774, -0.999805, 0.374647, -0.0, 0.999805, 0.019773, -0.007409, 0.0, 0.0, 0.0, 1.0],
                [1.0, 0.0, -0.0, 0.0, -0.0, 0.019774, -0.999805, 0.374647, -0.0, 0.999805, 0.019773, -0.007409, 0.0, 0.0, 0.0, 1.0],
                [1.0, 0.0, -0.0, 0.0, -0.0, 0.019774, -0.999805, 0.374647, -0.0, 0.999805, 0.019773, -0.007409, 0.0, 0.0, 0.0, 1.0],
                [1.0, 0.0, -0.0, 0.0, -0.0, 0.019774, -0.999805, 0.374647, -0.0, 0.999805, 0.019773, -0.007409, 0.0, 0.0, 0.0, 1.0],
                [1.0, 0.0, -0.0, 0.0, -0.0, 0.019774, -0.999805, 0.374647, -0.0, 0.999805, 0.019773, -0.007409, 0.0, 0.0, 0.0, 1.0]
            ]
        },
        {
            "name": "Torso",
            "time": [0.0, 0.0333, 0.0667, 0.1, 0.1333, 0.1667, 0.2, 0.2333, 0.2667, 0.3, 0.3333, 0.3667, 0.4, 0.4333, 0.4667, 0.5, 0.5333, 0.5667, 0.6, 0.6333, 0.6667, 0.7, 0.7333, 0.7667, 0.8, 0.8333, 0.8667, 0.9, 0.9333, 0.9667, 1.0, 1.0333, 1.0667, 1.1, 1.1333, 1.1667, 1.2, 1.2333, 1.2667, 1.3, 1.3333, 1.3667, 1.4, 1.4333, 1.4667, 1.5, 1.5333, 1.5667, 1.6],
            "transform": [
                [0.974169, -0.012536, 0.225473, -0.0, 0.013974, 0.999891, -0.004784, 0.05, -0.225389, 0.007811, 0.974238, 0.0, 0.0, 0.0, 0.0, 1.0],
                [0.974169, -0.012536, 0.225473, -0.0, 0.013974, 0.999891, -0.004784, 0.05, -0.225388, 0.007811, 0.974238, -0.0, 0.0, 0.0, 0.0, 1.0],
                [0.974169, -0.012536, 0.225473, -0.0, 0.013974, 0.999891, -0.004784, 0.05, -0.225388, 0.007811, 0.974238, 0.0, 0.0, 0.0, 0.0, 1.0],
                [0.974169, -0.012536, 0.225473, 0.0, 0.013974, 0.999891, -0.004784, 0.05, -0.225388, 0.007811, 0.974238, 0.0, 0.0, 0.0, 0.0, 1.0],
                [0.974169, -0.012536, 0.225473, -0.0, 0.013974, 0.999891, -0.004784, 0.05, -0.225388, 0.007811, 0.974238, 0.0, 0.0, 0.0, 0.0, 1.0],
                [0.974169, -0.012536, 0.225473, -0.0, 0.013974, 0.999891, -0.004784, 0.05, -0.225388, 0.007811, 0.974238, 0.0, 0.0, 0.0, 0.0, 1.0],
                [0.974169, -0.012536, 0.225473, 0.0, 0.013974, 0.999891, -0.004784, 0.05, -0.225388, 0.007811, 0.974238, 0.0, 0.0, 0.0, 0.0, 1.0],
                [0.974169, -0.012536, 0.225473, 0.0, 0.013974, 0.999891, -0.004784, 0.05, -0.225388, 0.007811, 0.974238, -0.0, 0.0, 0.0, 0.0, 1.0],
                [0.974169, -0.012536, 0.225473, 0.0, 0.013974, 0.999891, -0.004784, 0.05, -0.225388, 0.007811, 0.974238, -0.0, 0.0, 0.0, 0.0, 1.0],
                [0.974169, -0.012536, 0.225473, 0.0, 0.013974, 0.999891, -0.004784, 0.05, -0.225389, 0.007811, 0.974238, -0.0, 0.0, 0.0, 0.0, 1.0],
                [0.974169, -0.012536, 0.225473, 0.0, 0.013974, 0.999891, -0.004784, 0.05, -0.225388, 0.007811, 0.974238, -0.0, 0.0, 0.0, 0.0, 1.0],
                [0.974169, -0.012536, 0.225473, 0.0, 0.013974, 0.999891, -0.004784, 0.05, -0.225388, 0.007811, 0.974238, 0.0, 0.0, 0.0, 0.0, 1.0],
                [0.974169, -0.012536, 0.225473, 0.0, 0.013974, 0.999891, -0.004784, 0.05, -0.225388, 0.007811, 0.974238, 0.0, 0.0, 0.0, 0.0, 1.0],
                [0.974169, -0.012536, 0.225473, 0.0, 0.013974, 0.999891, -0.004784, 0.05, -0.225388, 0.007811, 0.974238, 0.0, 0.0, 0.0, 0.0, 1.0],
                [0.974169, -0.012536, 0.225473, 0.0, 0.013974, 0.999891, -0.004784, 0.05, -0.225388, 0.007811, 0.974238, 0.0, 0.0, 0.0, 0.0, 1.0],
                [0.974169, -0.012536, 0.225473, 0.0, 0.013974, 0.999891, -0.004784, 0.05, -0.225388, 0.007811, 0.974238, 0.0, 0.0, 0.0, 0.0, 1.0],
                [0.974169, -0.012536, 0.225473, 0.0, 0.013974, 0.999891, -0.004784, 0.05, -0.225388, 0.007811, 0.974238, 0.0, 0.0, 0.0, 0.0, 1.0],
                [0.974169, -0.012536, 0.225473, 0.0, 0.013974, 0.999891, -0.004784, 0.05, -0.225388, 0.007811, 0.974238, 0.0, 0.0, 0.0, 0.0, 1.0],
                [0.974169, -0.012536, 0.225473, 0.0, 0.013974, 0.999891, -0.004784, 0.05, -0.225388, 0.007811, 0.974238, 0.0, 0.0, 0.0, 0.0, 1.0],
                [0.974169, -0.012536, 0.225473, 0.0, 0.013974, 0.999891, -0.004784, 0.05, -0.225388, 0.007811, 0.974238, 0.0, 0.0, 0.0, 0.0, 1.0],
                [0.974169, -0.012536, 0.225473, 0.0, 0.013974, 0.999891, -0.004784, 0.05, -0.225388, 0.007811, 0.974238, 0.0, 0.0, 0.0, 0.0, 1.0],
                [0.974169, -0.012536, 0.225473, 0.0, 0.013974, 0.999891, -0.004784, 0.05, -0.225388, 0.007811, 0.974238, 0.0, 0.0, 0.0, 0.0, 1.0],
                [0.974169, -0.012536, 0.225473, 0.0, 0.013974, 0.999891, -0.004784, 0.05, -0.225388, 0.007811, 0.974238, 0.0, 0.0, 0.0, 0.0, 1.0],
                [0.974169, -0.012536, 0.225473, 0.0, 0.013974, 0.999891, -0.004784, 0.05, -0.225388, 0.007811, 0.974238, 0.0, 0.0, 0.0, 0.0, 1.0],
                [0.974169, -0.012536, 0.225473, 0.0, 0.013974, 0.999891, -0.004784, 0.05, -0.225388, 0.007811, 0.974238, 0.0, 0.0, 0.0, 0.0, 1.0],
                [0.974169, -0.012536, 0.225473, 0.0, 0.013974, 0.999891, -0.004784, 0.05, -0.225388, 0.007811, 0.974238, 0.0, 0.0, 0.0, 0.0, 1.0],
                [0.974169, -0.012536, 0.225473, 0.0, 0.013974, 0.999891, -0.004784, 0.05, -0.225388, 0.007811, 0.974238, 0.0, 0.0, 0.0, 0.0, 1.0],
                [0.974169, -0.012536, 0.225473, 0.0, 0.013974, 0.999891, -0.004784, 0.05, -0.225388, 0.007811, 0.974238, 0.0, 0.0, 0.0, 0.0, 1.0],
                [0.974169, -0.012536, 0.225473, 0.0, 0.013974, 0.999891, -0.004784, 0.05, -0.225388, 0.007811, 0.974238, 0.0, 0.0, 0.0, 0.0, 1.0],
                [0.974169, -0.012536, 0.225473, 0.0, 0.013974, 0.999891, -0.004784, 0.05, -0.225388, 0.007811, 0.974238, 0.0, 0.0, 0.0, 0.0, 1.0],
                [0.974169, -0.012536, 0.225473, 0.0, 0.013974, 0.999891, -0.004784, 0.05, -0.225388, 0.007811, 0.974238, 0.0, 0.0, 0.0, 0.0, 1.0],
                [0.974169, -0.012536, 0.225473, 0.0, 0.013974, 0.999891, -0.004784, 0.05, -0.225388, 0.007811, 0.974238, 0.0, 0.0, 0.0, 0.0, 1.0],
                [0.974169, -0.012536, 0.225473, 0.0, 0.013974, 0.999891, -0.004784, 0.05, -0.225388, 0.007811, 0.974238, 0.0, 0.0, 0.0, 0.0, 1.0],
                [0.974169, -0.012536, 0.225473, 0.0, 0.013974, 0.999891, -0.004784, 0.05, -0.225388, 0.007811, 0.974238, 0.0, 0.0, 0.0, 0.0, 1.0],
                [0.974169, -0.012536, 0.225473, 0.0, 0.013974, 0.999891, -0.004784, 0.05, -0.225388, 0.007811, 0.974238, 0.0, 0.0, 0.0, 0.0, 1.0],
                [0.974169, -0.012536, 0.225473, 0.0, 0.013974, 0.999891, -0.004784, 0.05, -0.225388, 0.007811, 0.974238, 0.0, 0.0, 0.0, 0.0, 1.0],
                [0.974169, -0.012536, 0.225473, 0.0, 0.013974, 0.999891, -0.004784, 0.05, -0.225388, 0.007811, 0.974238, 0.0, 0.0, 0.0, 0.0, 1.0],
                [0.974169, -0.012536, 0.225473, 0.0, 0.013974, 0.999891, -0.004784, 0.05, -0.225388, 0.007811, 0.974238, 0.0, 0.0, 0.0, 0.0, 1.0],
                [0.974169, -0.012536, 0.225473, 0.0, 0.013974, 0.999891, -0.004784, 0.05, -0.225388, 0.007811, 0.974238, 0.0, 0.0, 0.0, 0.0, 1.0],
                [0.974169, -0.012536, 0.225473, 0.0, 0.013974, 0.999891, -0.004784, 0.05, -0.225388, 0.007811, 0.974238, 0.0, 0.0, 0.0, 0.0, 1.0],
                [0.974169, -0.012536, 0.225473, 0.0, 0.013974, 0.999891, -0.004784, 0.05, -0.225388, 0.007811, 0.974238, 0.0, 0.0, 0.0, 0.0, 1.0],
                [0.974169, -0.012536, 0.225473, 0.0, 0.013974, 0.999891, -0.004784, 0.05, -0.225388, 0.007811, 0.974238, 0.0, 0.0, 0.0, 0.0, 1.0],
                [0.974169, -0.012536, 0.225473, 0.0, 0.013974, 0.999891, -0.004784, 0.05, -0.225388, 0.007811, 0.974238, 0.0, 0.0, 0.0, 0.0, 1.0],
                [0.974169, -0.012536, 0.225473, 0.0, 0.013974, 0.999891, -0.004784, 0.05, -0.225388, 0.007811, 0.974238, 0.0, 0.0, 0.0, 0.0, 1.0],
                [0.974169, -0.012536, 0.225473, 0.0, 0.013974, 0.999891, -0.004784, 0.05, -0.225388, 0.007811, 0.974238, 0.0, 0.0, 0.0, 0.0, 1.0],
                [0.974169, -0.012536, 0.225473, 0.0, 0.013974, 0.999891, -0.004784, 0.05, -0.225388, 0.007811, 0.974238, 0.0, 0.0, 0.0, 0.0, 1.0],
                [0.974169, -0.012536, 0.225473, 0.0, 0.013974, 0.999891, -0.004784, 0.05, -0.225388, 0.007811, 0.974238, 0.0, 0.0, 0.0, 0.0, 1.0],
                [0.974169, -0.012536, 0.225473, 0.0, 0.013974, 0.999891, -0.004784, 0.05, -0.225388, 0.007811, 0.974238, 0.0, 0.0, 0.0, 0.0, 1.0],
                [0.974169, -0.012536, 0.225473, 0.0, 0.013974, 0.999891, -0.004784, 0.05, -0.225388, 0.007811, 0.974238, 0.0, 0.0, 0.0, 0.0, 1.0]
            ]
        },
        {
            "name": "Chest",
            "time": [0.0, 0.0333, 0.0667, 0.1, 0.1333, 0.1667, 0.2, 0.2333, 0.2667, 0.3, 0.3333, 0.3667, 0.4, 0.4333, 0.4667, 0.5, 0.5333, 0.5667, 0.6, 0.6333, 0.6667, 0.7, 0.7333, 0.7667, 0.8, 0.8333, 0.8667, 0.9, 0.9333, 0.9667, 1.0, 1.0333, 1.0667, 1.1, 1.1333, 1.1667, 1.2, 1.2333, 1.2667, 1.3, 1.3333, 1.3667, 1.4, 1.4333, 1.4667, 1.5, 1.5333, 1.5667, 1.6],
            "transform": [
                [0.999926, 0.004141, 0.011442, 0.0, -0.004139, 0.999991, -0.000269, 0.3, -0.011443, 0.000222, 0.999934, 0.0, 0.0, 0.0, 0.0, 1.0],
                [0.999926, 0.004141, 0.011442, 0.0, -0.004139, 0.999991, -0.000269, 0.3, -0.011443, 0.000222, 0.999934, 0.0, 0.0, 0.0, 0.0, 1.0],
                [0.999926, 0.004141, 0.011442, 0.0, -0.004139, 0.999991, -0.000269, 0.3, -0.011443, 0.000222, 0.999934, 0.0, 0.0, 0.0, 0.0, 1.0],
                [0.999926, 0.004141, 0.011442, 0.0, -0.004139, 0.999991, -0.000269, 0.3, -0.011443, 0.000222, 0.999934, 0.0, 0.0, 0.0, 0.0, 1.0],
                [0.999926, 0.004141, 0.011441, -0.0, -0.004139, 0.999991, -0.000269, 0.3, -0.011443, 0.000222, 0.999934, 0.0, 0.0, 0.0, 0.0, 1.0],
                [0.999926, 0.004141, 0.011442, -0.0, -0.004139, 0.999991, -0.000269, 0.3, -0.011443, 0.000222, 0.999934, -0.0, 0.0, 0.0, 0.0, 1.0],
                [0.999926, 0.004141, 0.011441, 0.0, -0.004139, 0.999991, -0.000269, 0.3, -0.011442, 0.000222, 0.999934, -0.0, 0.0, 0.0, 0.0, 1.0],
                [0.999926, 0.004141, 0.011441, 0.0, -0.004139, 0.999991, -0.000269, 0.3, -0.011443, 0.000222, 0.999935, -0.0, 0.0, 0.0, 0.0, 1.0],
                [0.999926, 0.004141, 0.011442, 0.0, -0.004139, 0.999991, -0.000269, 0.3, -0.011443, 0.000222, 0.999934, 0.0, 0.0, 0.0, 0.0, 1.0],
                [0.999926, 0.004141, 0.011442, 0.0, -0.004139, 0.999991, -0.000269, 0.3, -0.011443, 0.000222, 0.999934, -0.0, 0.0, 0.0, 0.0, 1.0],
                [0.999926, 0.004141, 0.011442, 0.0, -0.004139, 0.999991, -0.000269, 0.3, -0.011443, 0.000222, 0.999935, 0.0, 0.0, 0.0, 0.0, 1.0],
                [0.999926, 0.004141, 0.011442, 0.0, -0.004139, 0.999991, -0.000269, 0.3, -0.011443, 0.000222, 0.999934, 0.0, 0.0, 0.0, 0.0, 1.0],
                [0.999926, 0.004141, 0.011442, 0.0, -0.004139, 0.999991, -0.000269, 0.3, -0.011443, 0.000222, 0.999934, 0.0, 0.0, 0.0, 0.0, 1.0],
                [0.999926, 0.004141, 0.011442, 0.0, -0.004139, 0.999991, -0.000269, 0.3, -0.011443, 0.000222, 0.999934, 0.0, 0.0, 0.0, 0.0, 1.0],
                [0.999926, 0.004141, 0.011442, 0.0, -0.004139, 0.999991, -0.000269, 0.3, -0.011443, 0.000222, 0.999934, 0.0, 0.0, 0.0, 0.0, 1.0],
