{
    "animation": [
        {
            "name": "Root",
            "time": [0.0, 0.0028, 0.0056, 0.0083, 0.0111, 0.0139, 0.0167, 0.0194, 0.0222, 0.025, 0.0278, 0.0306, 0.0333, 0.0361, 0.0389, 0.0417, 0.0444, 0.0472, 0.05, 0.0528, 0.0556, 0.0583, 0.0611, 0.0639, 0.0667, 0.0694, 0.0722, 0.075, 0.0778, 0.0806, 0.0833, 0.0861, 0.0889, 0.0917, 0.0944, 0.0972, 0.1, 0.1028, 0.1056, 0.1083, 0.1111, 0.1139, 0.1167, 0.1194, 0.1222, 0.125, 0.1278, 0.1306, 0.1333, 0.1361, 0.1389, 0.1417, 0.1444, 0.1472, 0.15, 0.1528, 0.1556, 0.1583, 0.1611, 0.1639, 0.1667, 0.1694, 0.1722, 0.175, 0.1778, 0.1806, 0.1833, 0.1861, 0.1889, 0.1917, 0.1944, 0.1972, 0.2, 0.2028, 0.2056, 0.2083, 0.2111, 0.2139, 0.2167, 0.2194, 0.2222, 0.225, 0.2278, 0.2306, 0.2333, 0.2361, 0.2389, 0.2417, 0.2444, 0.2472, 0.25, 0.2528, 0.2556, 0.2583, 0.2611, 0.2639, 0.2667, 0.2694, 0.2722, 0.275, 0.2778, 0.2806, 0.2833, 0.2861, 0.2889, 0.2917, 0.2944, 0.2972, 0.3, 0.3028, 0.3056, 0.3083, 0.3111, 0.3139, 0.3167, 0.3194, 0.3222, 0.325, 0.3278, 0.3306, 0.3333, 0.3361, 0.3389, 0.3417, 0.3444, 0.3472, 0.35, 0.3528, 0.3556, 0.3583, 0.3611, 0.3639, 0.3667, 0.3694, 0.3722, 0.375, 0.3778, 0.3806, 0.3833, 0.3861, 0.3889, 0.3917, 0.3944, 0.3972, 0.4, 0.4028, 0.4056, 0.4083, 0.4111, 0.4139, 0.4167, 0.4194, 0.4222, 0.425, 0.4278, 0.4306, 0.4333, 0.4361, 0.4389, 0.4417, 0.4444, 0.4472, 0.45, 0.4528, 0.4556, 0.4583, 0.4611, 0.4639, 0.4667, 0.4694, 0.4722, 0.475, 0.4778, 0.4806, 0.4833, 0.4861, 0.4889, 0.4917, 0.4944, 0.4972, 0.5, 0.5028, 0.5056, 0.5083, 0.5111, 0.5139, 0.5167, 0.5194, 0.5222, 0.525, 0.5278, 0.5306, 0.5333, 0.5361, 0.5389, 0.5417, 0.5444, 0.5472, 0.55, 0.5528, 0.5556, 0.5583, 0.5611, 0.5639, 0.5667, 0.5694, 0.5722, 0.575, 0.5778, 0.5806, 0.5833, 0.5861, 0.5889, 0.5917, 0.5944, 0.5972, 0.6, 0.6028, 0.6056, 0.6083, 0.6111, 0.6139, 0.6167, 0.6194, 0.6222, 0.625, 0.6278, 0.6306, 0.6333, 0.6361, 0.6389, 0.6417, 0.6444, 0.6472, 0.65, 0.6528, 0.6556, 0.6583, 0.6611, 0.6639, 0.6667, 0.6694, 0.6722, 0.675, 0.6778, 0.6806, 0.6833, 0.6861, 0.6889, 0.6917, 0.6944, 0.6972, 0.7, 0.7028, 0.7056, 0.7083, 0.7111, 0.7139, 0.7167, 0.7194, 0.7222, 0.725, 0.7278, 0.7306, 0.7333, 0.7361, 0.7389, 0.7417, 0.7444, 0.7472, 0.75, 0.7528, 0.7556, 0.7583, 0.7611, 0.7639, 0.7667, 0.7694, 0.7722, 0.775, 0.7778, 0.7806, 0.7833, 0.7861, 0.7889, 0.7917, 0.7944, 0.7972, 0.8, 0.8028, 0.8056, 0.8083, 0.8111, 0.8139, 0.8167, 0.8194, 0.8222, 0.825, 0.8278, 0.8306, 0.8333, 0.8361, 0.8389, 0.8417, 0.8444, 0.8472, 0.85, 0.8528, 0.8556, 0.8583, 0.8611, 0.8639, 0.8667, 0.8694, 0.8722, 0.875, 0.8778, 0.8806, 0.8833, 0.8861, 0.8889, 0.8917, 0.8944, 0.8972, 0.9, 0.9028, 0.9056, 0.9083, 0.9111, 0.9139, 0.9167, 0.9194, 0.9222, 0.925, 0.9278, 0.9306, 0.9333, 0.9361, 0.9389, 0.9417, 0.9444, 0.9472, 0.95, 0.9528, 0.9556, 0.9583, 0.9611, 0.9639, 0.9667, 0.9694, 0.9722, 0.975, 0.9778, 0.9806, 0.9833, 0.9861, 0.9889, 0.9917, 0.9944, 0.9972, 1.0, 1.0028, 1.0056, 1.0083, 1.0111, 1.0139, 1.0167, 1.0194, 1.0222, 1.025, 1.0278, 1.0306, 1.0333, 1.0361, 1.0389, 1.0417, 1.0444, 1.0472, 1.05, 1.0528, 1.0556],
            "transform": [
                [0.847017, 0.499007, 0.18318, -1.13518, 0.483094, -0.578858, -0.65692, -2.43087, -0.221772, 0.644915, -0.73137, 2.869998, 0.0, 0.0, 0.0, 1.0],
                [0.845849, 0.500113, 0.185543, -1.134528, 0.485398, -0.577394, -0.65651, -2.43123, -0.221198, 0.645371, -0.731142, 2.870851, 0.0, 0.0, 0.0, 1.0],
                [0.842391, 0.503324, 0.192466, -1.132605, 0.492131, -0.573091, -0.655266, -2.432287, -0.219511, 0.646709, -0.730467, 2.873331, 0.0, 0.0, 0.0, 1.0],
                [0.836645, 0.508454, 0.203713, -1.129467, 0.503026, -0.566043, -0.653115, -2.434003, -0.216769, 0.648899, -0.729343, 2.877317, 0.0, 0.0, 0.0, 1.0],
                [0.828545, 0.515293, 0.219059, -1.125166, 0.517812, -0.556305, -0.649919, -2.436343, -0.213035, 0.651918, -0.727749, 2.882692, 0.0, 0.0, 0.0, 1.0],
                [0.817965, 0.523599, 0.23828, -1.119755, 0.536202, -0.543903, -0.64549, -2.43927, -0.208377, 0.655754, -0.725648, 2.889333, 0.0, 0.0, 0.0, 1.0],
                [0.804739, 0.533105, 0.261141, -1.113287, 0.557888, -0.528844, -0.639597, -2.442747, -0.20287, 0.660396, -0.722994, 2.897122, 0.0, 0.0, 0.0, 1.0],
                [0.788673, 0.543512, 0.287383, -1.105817, 0.582533, -0.511133, -0.63198, -2.446739, -0.196598, 0.665836, -0.719731, 2.90594, 0.0, 0.0, 0.0, 1.0],
                [0.769563, 0.554495, 0.316715, -1.097398, 0.609757, -0.490783, -0.622358, -2.451209, -0.189656, 0.672063, -0.715795, 2.915665, 0.0, 0.0, 0.0, 1.0],
                [0.747211, 0.565699, 0.348798, -1.088082, 0.639138, -0.467827, -0.610443, -2.456121, -0.18215, 0.67906, -0.711125, 2.926179, 0.0, 0.0, 0.0, 1.0],
                [0.721444, 0.576752, 0.383244, -1.077924, 0.670204, -0.442333, -0.59596, -2.461438, -0.174199, 0.686803, -0.70566, 2.937362, 0.0, 0.0, 0.0, 1.0],
                [0.692136, 0.587263, 0.419607, -1.066976, 0.702435, -0.414416, -0.578658, -2.467124, -0.165932, 0.695256, -0.699347, 2.949095, 0.0, 0.0, 0.0, 1.0],
                [0.659227, 0.596842, 0.457384, -1.055292, 0.735267, -0.384248, -0.558334, -2.473143, -0.157488, 0.704367, -0.692144, 2.961257, 0.0, 0.0, 0.0, 1.0],
                [0.622743, 0.605108, 0.49602, -1.042925, 0.768106, -0.352063, -0.53485, -2.479458, -0.149011, 0.71407, -0.684032, 2.973728, 0.0, 0.0, 0.0, 1.0],
                [0.582814, 0.611708, 0.534922, -1.029928, 0.800341, -0.318168, -0.508156, -2.486033, -0.140648, 0.724281, -0.675007, 2.986389, 0.0, 0.0, 0.0, 1.0],
                [0.539684, 0.616336, 0.573473, -1.016356, 0.831369, -0.282936, -0.478302, -2.492832, -0.132539, 0.734899, -0.665099, 2.999121, 0.0, 0.0, 0.0, 1.0],
                [0.49372, 0.618752, 0.611053, -1.002261, 0.860617, -0.246804, -0.44545, -2.499818, -0.124813, 0.74581, -0.654361, 3.011803, 0.0, 0.0, 0.0, 1.0],
                [0.445408, 0.618798, 0.647071, -0.987696, 0.887573, -0.210259, -0.409884, -2.506954, -0.117582, 0.756889, -0.64288, 3.024317, 0.0, 0.0, 0.0, 1.0],
                [0.395338, 0.616409, 0.68099, -0.972716, 0.911812, -0.173825, -0.371999, -2.514206, -0.110931, 0.768, -0.630769, 3.036541, 0.0, 0.0, 0.0, 1.0],
                [0.344194, 0.611627, 0.712351, -0.957372, 0.933019, -0.138036, -0.332298, -2.521535, -0.104912, 0.779011, -0.61817, 3.048357, 0.0, 0.0, 0.0, 1.0],
                [0.292716, 0.604593, 0.7408, -0.94172, 0.951004, -0.103423, -0.291368, -2.528907, -0.099543, 0.789792, -0.605244, 3.059644, 0.0, 0.0, 0.0, 1.0],
                [0.241974, 0.594724, 0.76665, -0.925802, 0.965734, -0.071201, -0.249576, -2.536284, -0.093842, 0.800771, -0.591574, 3.070305, 0.0, 0.0, 0.0, 1.0],
                [0.192588, 0.581641, 0.790319, -0.909624, 0.977413, -0.042271, -0.207069, -2.543628, -0.087032, 0.812347, -0.576644, 3.080328, 0.0, 0.0, 0.0, 1.0],
                [0.144614, 0.565857, 0.811722, -0.893183, 0.986297, -0.016604, -0.164141, -2.550904, -0.079402, 0.824336, -0.560504, 3.089722, 0.0, 0.0, 0.0, 1.0],
                [0.098068, 0.547857, 0.830805, -0.876476, 0.992628, 0.005898, -0.121059, -2.558072, -0.071223, 0.836551, -0.543239, 3.098499, 0.0, 0.0, 0.0, 1.0],
                [0.052932, 0.52809, 0.847537, -0.859498, 0.996625, 0.025394, -0.078067, -2.565097, -0.062749, 0.848808, -0.524964, 3.106666, 0.0, 0.0, 0.0, 1.0],
                [0.009165, 0.506973, 0.861913, -0.842246, 0.998487, 0.042091, -0.035375, -2.571939, -0.054213, 0.860934, -0.505821, 3.114235, 0.0, 0.0, 0.0, 1.0],
                [-0.033297, 0.484884, 0.873945, -0.824716, 0.998394, 0.056234, 0.006838, -2.578562, -0.04583, 0.872769, -0.485977, 3.121216, 0.0, 0.0, 0.0, 1.0],
                [-0.074528, 0.462163, 0.883658, -0.806905, 0.996502, 0.068103, 0.048427, -2.584929, -0.037799, 0.884176, -0.465622, 3.127617, 0.0, 0.0, 0.0, 1.0],
                [-0.114614, 0.439114, 0.891091, -0.788809, 0.992948, 0.077999, 0.089278, -2.591001, -0.030301, 0.895039, -0.444957, 3.13345, 0.0, 0.0, 0.0, 1.0],
                [-0.153647, 0.416004, 0.896289, -0.770424, 0.987847, 0.086239, 0.129315, -2.596742, -0.0235, 0.905264, -0.424198, 3.138723, 0.0, 0.0, 0.0, 1.0],
                [-0.19172, 0.393065, 0.899302, -0.751748, 0.981293, 0.093154, 0.168484, -2.602114, -0.017549, 0.91478, -0.403571, 3.143448, 0.0, 0.0, 0.0, 1.0],
                [-0.228934, 0.370493, 0.90018, -0.732775, 0.973361, 0.099078, 0.206767, -2.607079, -0.012582, 0.923536, -0.383306, 3.147633, 0.0, 0.0, 0.0, 1.0],
                [-0.265384, 0.348454, 0.898972, -0.713504, 0.964103, 0.104347, 0.244165, -2.611601, -0.008725, 0.9315, -0.363638, 3.151289, 0.0, 0.0, 0.0, 1.0],
                [-0.30117, 0.32708, 0.89572, -0.693929, 0.953551, 0.109298, 0.280703, -2.615641, -0.006088, 0.938655, -0.344805, 3.154425, 0.0, 0.0, 0.0, 1.0],
                [-0.336388, 0.306473, 0.890459, -0.674048, 0.941711, 0.114266, 0.316423, -2.619162, -0.004774, 0.944996, -0.327047, 3.157051, 0.0, 0.0, 0.0, 1.0],
                [-0.371132, 0.286706, 0.88321, -0.653857, 0.928567, 0.119578, 0.351374, -2.622127, -0.004872, 0.950527, -0.310605, 3.159178, 0.0, 0.0, 0.0, 1.0],
                [-0.405493, 0.267822, 0.873983, -0.633351, 0.914075, 0.12556, 0.385618, -2.624498, -0.00646, 0.955252, -0.295724, 3.160815, 0.0, 0.0, 0.0, 1.0],
                [-0.439558, 0.249838, 0.862769, -0.612529, 0.898163, 0.132532, 0.419212, -2.626239, -0.009609, 0.959175, -0.282651, 3.161972, 0.0, 0.0, 0.0, 1.0],
                [-0.473406, 0.23274, 0.84954, -0.591385, 0.880727, 0.140808, 0.452209, -2.62731, -0.014375, 0.962292, -0.27164, 3.162659, 0.0, 0.0, 0.0, 1.0],
                [-0.50711, 0.216486, 0.834251, -0.569917, 0.861631, 0.150698, 0.484648, -2.627676, -0.0208, 0.964585, -0.262951, 3.162886, 0.0, 0.0, 0.0, 1.0],
                [-0.540641, 0.200527, 0.817004, -0.548123, 0.840774, 0.161569, 0.516715, -2.627607, -0.028387, 0.966273, -0.255949, 3.162878, 0.0, 0.0, 0.0, 1.0],
                [-0.573851, 0.184332, 0.797945, -0.526016, 0.818143, 0.172525, 0.548522, -2.627396, -0.036556, 0.967604, -0.249814, 3.162854, 0.0, 0.0, 0.0, 1.0],
                [-0.606617, 0.167866, 0.777069, -0.50361, 0.793707, 0.183476, 0.57997, -2.627033, -0.045216, 0.968585, -0.244536, 3.162818, 0.0, 0.0, 0.0, 1.0],
                [-0.638811, 0.151106, 0.754378, -0.48092, 0.767446, 0.19433, 0.610952, -2.626509, -0.05428, 0.969228, -0.240106, 3.162769, 0.0, 0.0, 0.0, 1.0],
                [-0.670304, 0.134036, 0.729881, -0.45796, 0.739351, 0.204995, 0.641356, -2.625816, -0.063657, 0.969542, -0.236509, 3.16271, 0.0, 0.0, 0.0, 1.0],
                [-0.70096, 0.116653, 0.703596, -0.434746, 0.709428, 0.215379, 0.671061, -2.624945, -0.073259, 0.969538, -0.233729, 3.162643, 0.0, 0.0, 0.0, 1.0],
                [-0.730642, 0.09896, 0.675551, -0.411292, 0.677698, 0.225389, 0.699947, -2.623886, -0.082995, 0.96923, -0.231744, 3.162569, 0.0, 0.0, 0.0, 1.0],
                [-0.759215, 0.080975, 0.645783, -0.387613, 0.644194, 0.234934, 0.727888, -2.622632, -0.092776, 0.968633, -0.230529, 3.16249, 0.0, 0.0, 0.0, 1.0],
                [-0.786543, 0.06272, 0.614343, -0.363724, 0.608968, 0.243926, 0.754758, -2.621173, -0.102516, 0.967764, -0.230053, 3.162407, 0.0, 0.0, 0.0, 1.0],
                [-0.812494, 0.044233, 0.58129, -0.339638, 0.572086, 0.252277, 0.780432, -2.6195, -0.112125, 0.966643, -0.230279, 3.162323, 0.0, 0.0, 0.0, 1.0],
                [-0.83694, 0.025558, 0.546698, -0.315372, 0.533633, 0.259906, 0.804789, -2.617606, -0.121521, 0.965296, -0.231164, 3.162239, 0.0, 0.0, 0.0, 1.0],
                [-0.859762, 0.006751, 0.51065, -0.290939, 0.493708, 0.266732, 0.827711, -2.615479, -0.130619, 0.963747, -0.232659, 3.162156, 0.0, 0.0, 0.0, 1.0],
                [-0.880848, -0.012126, 0.473244, -0.266355, 0.452427, 0.272685, 0.84909, -2.613113, -0.139342, 0.962027, -0.234708, 3.162077, 0.0, 0.0, 0.0, 1.0],
                [-0.900098, -0.030998, 0.434583, -0.241633, 0.409919, 0.277696, 0.868822, -2.610498, -0.147614, 0.960169, -0.237247, 3.162003, 0.0, 0.0, 0.0, 1.0],
                [-0.917423, -0.049786, 0.394786, -0.21679, 0.366328, 0.281709, 0.886817, -2.607625, -0.155366, 0.958207, -0.240208, 3.161936, 0.0, 0.0, 0.0, 1.0],
                [-0.93275, -0.068401, 0.353975, -0.191839, 0.321808, 0.284671, 0.902996, -2.604486, -0.162532, 0.956182, -0.243515, 3.161877, 0.0, 0.0, 0.0, 1.0],
                [-0.94602, -0.086749, 0.312282, -0.166796, 0.276524, 0.28654, 0.917295, -2.601071, -0.169056, 0.954133, -0.247084, 3.161828, 0.0, 0.0, 0.0, 1.0],
                [-0.957192, -0.104731, 0.269845, -0.141674, 0.230651, 0.287283, 0.929661, -2.597373, -0.174886, 0.952103, -0.250829, 3.161792, 0.0, 0.0, 0.0, 1.0],
                [-0.966238, -0.122242, 0.226804, -0.11649, 0.184365, 0.286877, 0.940059, -2.59338, -0.179979, 0.950136, -0.254655, 3.161768, 0.0, 0.0, 0.0, 1.0],
                [-0.973155, -0.139173, 0.183303, -0.091256, 0.13785, 0.285308, 0.948471, -2.589087, -0.184299, 0.948277, -0.258464, 3.16176, 0.0, 0.0, 0.0, 1.0],
                [-0.977954, -0.155431, 0.139454, -0.066009, 0.091289, 0.282402, 0.954943, -2.584489, -0.187809, 0.946621, -0.261987, 3.161833, 0.0, 0.0, 0.0, 1.0],
                [-0.980654, -0.170951, 0.095362, -0.040857, 0.044833, 0.278063, 0.959516, -2.579611, -0.190547, 0.945228, -0.265019, 3.162042, 0.0, 0.0, 0.0, 1.0],
                [-0.981277, -0.185681, 0.051162, -0.01593, -0.001379, 0.272403, 0.962182, -2.574486, -0.192595, 0.944097, -0.267559, 3.162375, 0.0, 0.0, 0.0, 1.0],
                [-0.979859, -0.199571, 0.006995, 0.008641, -0.047208, 0.265537, 0.962944, -2.569145, -0.194033, 0.943219, -0.26961, 3.162817, 0.0, 0.0, 0.0, 1.0],
                [-0.976443, -0.212583, -0.036994, 0.032728, -0.092518, 0.25758, 0.961818, -2.563618, -0.194937, 0.942582, -0.27118, 3.163355, 0.0, 0.0, 0.0, 1.0],
                [-0.971087, -0.224688, -0.080659, 0.0562, -0.137173, 0.248652, 0.95883, -2.557938, -0.195382, 0.942172, -0.272284, 3.163976, 0.0, 0.0, 0.0, 1.0],
                [-0.963862, -0.235864, -0.123851, 0.078928, -0.181041, 0.238872, 0.954025, -2.552135, -0.195436, 0.941971, -0.27294, 3.164666, 0.0, 0.0, 0.0, 1.0],
                [-0.954849, -0.246101, -0.166425, 0.100782, -0.223995, 0.228361, 0.947459, -2.546242, -0.195165, 0.941958, -0.273175, 3.165412, 0.0, 0.0, 0.0, 1.0],
                [-0.944145, -0.255398, -0.208237, 0.121634, -0.265912, 0.21724, 0.939201, -2.540289, -0.194633, 0.942114, -0.273019, 3.166199, 0.0, 0.0, 0.0, 1.0],
                [-0.931855, -0.263766, -0.249147, 0.141352, -0.306677, 0.205628, 0.929336, -2.534308, -0.193896, 0.942414, -0.272506, 3.167016, 0.0, 0.0, 0.0, 1.0],
                [-0.918098, -0.271224, -0.289022, 0.159807, -0.346186, 0.193643, 0.917964, -2.528331, -0.193006, 0.942836, -0.271677, 3.167847, 0.0, 0.0, 0.0, 1.0],
                [-0.903003, -0.277802, -0.327738, 0.17687, -0.38434, 0.181402, 0.905194, -2.522388, -0.192012, 0.943356, -0.270577, 3.168679, 0.0, 0.0, 0.0, 1.0],
                [-0.886707, -0.28354, -0.365179, 0.192412, -0.421054, 0.169015, 0.891149, -2.516512, -0.190956, 0.943949, -0.269253, 3.1695, 0.0, 0.0, 0.0, 1.0],
                [-0.869356, -0.288489, -0.401241, 0.206301, -0.456255, 0.156592, 0.875963, -2.510733, -0.189874, 0.944592, -0.267758, 3.170295, 0.0, 0.0, 0.0, 1.0],
                [-0.851102, -0.292706, -0.435831, 0.21841, -0.489878, 0.144235, 0.859777, -2.505083, -0.1888, 0.945262, -0.266149, 3.171051, 0.0, 0.0, 0.0, 1.0],
                [-0.832102, -0.296258, -0.468868, 0.228607, -0.521874, 0.132041, 0.842741, -2.499594, -0.187759, 0.945937, -0.264481, 3.171755, 0.0, 0.0, 0.0, 1.0],
                [-0.812517, -0.29922, -0.500285, 0.236765, -0.552207, 0.120103, 0.825011, -2.494297, -0.186774, 0.946595, -0.262817, 3.172392, 0.0, 0.0, 0.0, 1.0],
                [-0.792508, -0.301671, -0.530025, 0.242752, -0.580851, 0.108505, 0.806746, -2.489223, -0.185861, 0.947218, -0.261217, 3.17295, 0.0, 0.0, 0.0, 1.0],
                [-0.772238, -0.303698, -0.558047, 0.246439, -0.607792, 0.097327, 0.788109, -2.484404, -0.185034, 0.947784, -0.259745, 3.173415, 0.0, 0.0, 0.0, 1.0],
                [-0.751868, -0.30539, -0.584321, 0.247697, -0.633031, 0.086641, 0.769263, -2.479871, -0.184299, 0.948278, -0.258464, 3.173773, 0.0, 0.0, 0.0, 1.0],
                [-0.731397, -0.306852, -0.609016, 0.247373, -0.656756, 0.076429, 0.75022, -2.475603, -0.18366, 0.948684, -0.257426, 3.174022, 0.0, 0.0, 0.0, 1.0],
                [-0.71012, -0.30821, -0.633038, 0.245901, -0.679852, 0.06632, 0.730344, -2.471374, -0.183116, 0.949004, -0.256632, 3.1742, 0.0, 0.0, 0.0, 1.0],
                [-0.687039, -0.309546, -0.657388, 0.242537, -0.703286, 0.055848, 0.70871, -2.466903, -0.182664, 0.949243, -0.256069, 3.17436, 0.0, 0.0, 0.0, 1.0],
                [-0.661008, -0.31088, -0.682951, 0.236533, -0.727896, 0.044527, 0.684241, -2.461912, -0.182307, 0.949406, -0.255721, 3.17455, 0.0, 0.0, 0.0, 1.0],
                [-0.630723, -0.31216, -0.710453, 0.227143, -0.754352, 0.031863, 0.655696, -2.45612, -0.182044, 0.949495, -0.255575, 3.17482, 0.0, 0.0, 0.0, 1.0],
                [-0.594698, -0.313241, -0.740415, 0.213621, -0.783106, 0.017351, 0.621647, -2.44925, -0.181878, 0.949515, -0.255619, 3.175222, 0.0, 0.0, 0.0, 1.0],
                [-0.551245, -0.313861, -0.773059, 0.19522, -0.814295, 0.000485, 0.580452, -2.44102, -0.181806, 0.949469, -0.255843, 3.175805, 0.0, 0.0, 0.0, 1.0],
                [-0.498475, -0.313604, -0.808192, 0.171194, -0.847622, -0.019221, 0.530253, -2.431151, -0.181823, 0.949359, -0.256237, 3.17662, 0.0, 0.0, 0.0, 1.0],
                [-0.434333, -0.311866, -0.845041, 0.140796, -0.88219, -0.042196, 0.468999, -2.419364, -0.181922, 0.949189, -0.256798, 3.177717, 0.0, 0.0, 0.0, 1.0],
                [-0.356717, -0.307811, -0.882046, 0.10328, -0.916296, -0.068747, 0.394559, -2.405381, -0.182087, 0.948961, -0.257523, 3.179146, 0.0, 0.0, 0.0, 1.0],
                [-0.267217, -0.300689, -0.915523, 0.059989, -0.946229, -0.097892, 0.30833, -2.389372, -0.182334, 0.948685, -0.258362, 3.181905, 0.0, 0.0, 0.0, 1.0],
                [-0.178946, -0.291224, -0.93977, 0.018814, -0.966732, -0.125403, 0.222942, -2.372903, -0.182776, 0.9484, -0.259096, 3.18598, 0.0, 0.0, 0.0, 1.0],
                [-0.095907, -0.279978, -0.955204, -0.017516, -0.978362, -0.150226, 0.142265, -2.356343, -0.183328, 0.948179, -0.259512, 3.191339, 0.0, 0.0, 0.0, 1.0],
                [-0.018609, -0.267196, -0.963462, -0.048085, -0.982775, -0.172322, 0.066772, -2.339645, -0.183867, 0.948109, -0.259386, 3.198359, 0.0, 0.0, 0.0, 1.0],
                [0.052634, -0.25307, -0.966015, -0.071979, -0.98146, -0.19164, -0.003271, -2.322767, -0.1843, 0.948277, -0.258464, 3.207416, 0.0, 0.0, 0.0, 1.0],
                [0.117981, -0.238239, -0.964014, -0.088838, -0.975624, -0.208707, -0.067823, -2.30568, -0.185039, 0.948516, -0.257055, 3.218801, 0.0, 0.0, 0.0, 1.0],
                [0.178512, -0.223194, -0.958289, -0.10054, -0.966132, -0.224206, -0.127753, -2.28842, -0.18634, 0.948639, -0.255658, 3.232447, 0.0, 0.0, 0.0, 1.0],
                [0.235334, -0.207839, -0.949432, -0.10952, -0.953579, -0.23823, -0.184211, -2.271044, -0.187897, 0.948709, -0.254254, 3.2482, 0.0, 0.0, 0.0, 1.0],
                [0.289269, -0.192109, -0.937773, -0.117808, -0.938313, -0.250794, -0.238058, -2.253598, -0.189454, 0.948787, -0.252805, 3.26591, 0.0, 0.0, 0.0, 1.0],
                [0.340367, -0.176117, -0.923652, -0.125812, -0.920697, -0.261921, -0.289336, -2.236117, -0.190966, 0.948884, -0.2513, 3.285443, 0.0, 0.0, 0.0, 1.0],
                [0.38855, -0.160009, -0.907429, -0.133536, -0.901109, -0.271659, -0.337941, -2.218629, -0.192438, 0.948999, -0.249739, 3.306669, 0.0, 0.0, 0.0, 1.0],
                [0.43378, -0.143915, -0.889451, -0.140982, -0.879913, -0.280071, -0.383813, -2.201164, -0.193873, 0.94913, -0.248122, 3.329458, 0.0, 0.0, 0.0, 1.0],
                [0.476067, -0.127952, -0.870051, -0.148154, -0.857454, -0.287229, -0.426933, -2.18375, -0.195277, 0.949277, -0.246453, 3.35368, 0.0, 0.0, 0.0, 1.0],
                [0.51545, -0.112221, -0.84954, -0.155054, -0.83405, -0.293212, -0.46732, -2.166417, -0.196652, 0.949438, -0.244734, 3.379204, 0.0, 0.0, 0.0, 1.0],
                [0.552002, -0.096808, -0.828204, -0.161687, -0.809993, -0.298104, -0.50502, -2.149192, -0.198001, 0.949612, -0.242968, 3.405902, 0.0, 0.0, 0.0, 1.0],
                [0.585816, -0.081785, -0.806307, -0.168056, -0.78555, -0.301993, -0.540104, -2.132106, -0.199327, 0.949796, -0.241158, 3.433642, 0.0, 0.0, 0.0, 1.0],
                [0.617004, -0.06721, -0.784084, -0.174162, -0.760955, -0.304966, -0.572663, -2.115186, -0.200631, 0.949989, -0.23931, 3.462295, 0.0, 0.0, 0.0, 1.0],
                [0.645689, -0.053133, -0.76175, -0.180011, -0.736421, -0.307112, -0.602798, -2.098462, -0.201914, 0.950189, -0.237427, 3.491731, 0.0, 0.0, 0.0, 1.0],
                [0.672004, -0.039589, -0.739489, -0.185605, -0.712131, -0.308514, -0.630626, -2.081964, -0.203177, 0.950396, -0.235515, 3.521819, 0.0, 0.0, 0.0, 1.0],
                [0.696085, -0.026606, -0.717466, -0.190946, -0.688243, -0.309255, -0.656264, -2.065719, -0.20442, 0.950607, -0.233579, 3.552429, 0.0, 0.0, 0.0, 1.0],
                [0.718072, -0.014203, -0.695824, -0.19604, -0.664894, -0.309414, -0.679837, -2.049757, -0.205642, 0.950821, -0.231625, 3.583433, 0.0, 0.0, 0.0, 1.0],
                [0.738103, -0.002393, -0.674684, -0.200887, -0.6422, -0.309065, -0.701469, -2.034106, -0.206842, 0.951038, -0.229658, 3.614698, 0.0, 0.0, 0.0, 1.0],
                [0.756313, 0.008817, -0.65415, -0.205493, -0.620257, -0.308278, -0.721281, -2.018797, -0.20802, 0.951256, -0.227685, 3.646096, 0.0, 0.0, 0.0, 1.0],
                [0.772834, 0.019427, -0.634311, -0.209859, -0.599145, -0.307119, -0.739394, -2.003856, -0.209173, 0.951473, -0.225712, 3.677496, 0.0, 0.0, 0.0, 1.0],
                [0.787793, 0.029438, -0.615237, -0.21399, -0.578928, -0.305648, -0.755925, -1.989315, -0.210299, 0.951689, -0.223745, 3.708769, 0.0, 0.0, 0.0, 1.0],
                [0.801308, 0.038856, -0.596989, -0.217888, -0.559658, -0.303924, -0.770982, -1.9752, -0.211396, 0.951904, -0.221791, 3.739784, 0.0, 0.0, 0.0, 1.0],
                [0.813494, 0.047688, -0.579615, -0.221556, -0.541376, -0.301998, -0.784671, -1.961542, -0.212462, 0.952115, -0.219857, 3.770411, 0.0, 0.0, 0.0, 1.0],
                [0.824456, 0.055945, -0.563154, -0.224998, -0.524111, -0.299919, -0.797092, -1.948369, -0.213494, 0.952323, -0.217949, 3.80052, 0.0, 0.0, 0.0, 1.0],
                [0.834295, 0.063638, -0.547633, -0.228217, -0.507884, -0.297732, -0.808338, -1.93571, -0.214489, 0.952526, -0.216075, 3.829981, 0.0, 0.0, 0.0, 1.0],
                [0.843102, 0.070779, -0.533075, -0.231216, -0.49271, -0.295477, -0.818493, -1.923594, -0.215444, 0.952724, -0.214244, 3.858664, 0.0, 0.0, 0.0, 1.0],
                [0.850962, 0.077381, -0.519496, -0.233999, -0.478596, -0.293193, -0.827637, -1.91205, -0.216356, 0.952917, -0.212462, 3.886439, 0.0, 0.0, 0.0, 1.0],
                [0.857953, 0.083457, -0.506905, -0.236568, -0.465545, -0.290913, -0.835845, -1.901107, -0.217222, 0.953103, -0.210737, 3.913176, 0.0, 0.0, 0.0, 1.0],
                [0.864146, 0.089019, -0.495306, -0.238927, -0.453554, -0.28867, -0.843184, -1.890794, -0.218039, 0.953281, -0.209078, 3.938745, 0.0, 0.0, 0.0, 1.0],
                [0.869606, 0.09408, -0.4847, -0.241079, -0.442617, -0.286492, -0.849713, -1.88114, -0.218804, 0.953452, -0.207494, 3.963016, 0.0, 0.0, 0.0, 1.0],
                [0.874393, 0.098653, -0.475084, -0.243026, -0.432725, -0.284406, -0.855489, -1.872174, -0.219514, 0.953614, -0.205993, 3.985858, 0.0, 0.0, 0.0, 1.0],
                [0.878558, 0.102749, -0.466453, -0.244774, -0.423866, -0.282437, -0.860562, -1.863924, -0.220165, 0.953767, -0.204585, 4.007143, 0.0, 0.0, 0.0, 1.0],
                [0.88215, 0.106379, -0.458796, -0.246323, -0.416026, -0.280606, -0.864976, -1.85642, -0.220756, 0.95391, -0.20328, 4.026739, 0.0, 0.0, 0.0, 1.0],
                [0.885212, 0.109553, -0.452104, -0.247679, -0.409187, -0.278934, -0.868771, -1.84969, -0.221284, 0.954041, -0.202088, 4.044517, 0.0, 0.0, 0.0, 1.0],
                [0.88778, 0.112281, -0.446363, -0.248843, -0.403331, -0.277438, -0.871982, -1.843764, -0.221746, 0.95416, -0.201018, 4.060346, 0.0, 0.0, 0.0, 1.0],
                [0.889888, 0.114572, -0.441558, -0.249819, -0.398439, -0.276137, -0.87464, -1.83867, -0.22214, 0.954265, -0.200081, 4.074097, 0.0, 0.0, 0.0, 1.0],
                [0.891565, 0.116432, -0.437671, -0.250611, -0.39449, -0.275045, -0.876771, -1.834437, -0.222464, 0.954355, -0.199289, 4.085639, 0.0, 0.0, 0.0, 1.0],
                [0.892835, 0.11787, -0.434686, -0.251221, -0.391461, -0.274176, -0.878399, -1.831095, -0.222718, 0.954429, -0.198653, 4.094843, 0.0, 0.0, 0.0, 1.0],
                [0.893722, 0.118891, -0.432581, -0.251653, -0.389329, -0.273543, -0.879544, -1.828672, -0.222899, 0.954484, -0.198183, 4.101578, 0.0, 0.0, 0.0, 1.0],
                [0.894243, 0.1195, -0.431335, -0.25191, -0.388069, -0.273156, -0.880221, -1.827196, -0.223008, 0.954519, -0.197893, 4.105714, 0.0, 0.0, 0.0, 1.0],
                [0.894413, 0.119702, -0.430925, -0.251995, -0.387655, -0.273025, -0.880444, -1.826698, -0.223044, 0.954531, -0.197794, 4.107122, 0.0, 0.0, 0.0, 1.0],
                [0.894413, 0.119702, -0.430925, -0.251995, -0.387655, -0.273025, -0.880444, -1.826698, -0.223044, 0.954531, -0.197794, 4.107122, 0.0, 0.0, 0.0, 1.0],
                [0.894413, 0.119702, -0.430925, -0.251995, -0.387655, -0.273025, -0.880444, -1.826698, -0.223044, 0.954531, -0.197794, 4.107122, 0.0, 0.0, 0.0, 1.0],
                [0.894413, 0.119702, -0.430925, -0.251995, -0.387655, -0.273025, -0.880444, -1.826698, -0.223044, 0.954531, -0.197794, 4.107122, 0.0, 0.0, 0.0, 1.0],
                [0.894413, 0.119702, -0.430925, -0.251995, -0.387655, -0.273025, -0.880444, -1.826698, -0.223044, 0.954531, -0.197794, 4.107122, 0.0, 0.0, 0.0, 1.0],
                [0.894413, 0.119702, -0.430925, -0.251995, -0.387655, -0.273025, -0.880444, -1.826698, -0.223044, 0.954531, -0.197794, 4.107122, 0.0, 0.0, 0.0, 1.0],
                [0.894413, 0.119702, -0.430925, -0.251995, -0.387655, -0.273025, -0.880444, -1.826698, -0.223044, 0.954531, -0.197794, 4.107122, 0.0, 0.0, 0.0, 1.0],
                [0.894413, 0.119702, -0.430925, -0.251995, -0.387655, -0.273025, -0.880444, -1.826698, -0.223044, 0.954531, -0.197794, 4.107122, 0.0, 0.0, 0.0, 1.0],
                [0.894413, 0.119702, -0.430925, -0.251995, -0.387655, -0.273025, -0.880444, -1.826698, -0.223044, 0.954531, -0.197794, 4.107122, 0.0, 0.0, 0.0, 1.0],
                [0.894413, 0.119702, -0.430925, -0.251995, -0.387655, -0.273025, -0.880444, -1.826698, -0.223044, 0.954531, -0.197794, 4.107122, 0.0, 0.0, 0.0, 1.0],
                [0.894413, 0.119702, -0.430925, -0.251995, -0.387655, -0.273025, -0.880444, -1.826698, -0.223044, 0.954531, -0.197794, 4.107122, 0.0, 0.0, 0.0, 1.0],
                [0.894413, 0.119702, -0.430925, -0.251995, -0.387655, -0.273025, -0.880444, -1.826698, -0.223044, 0.954531, -0.197794, 4.107122, 0.0, 0.0, 0.0, 1.0],
                [0.894413, 0.119702, -0.430925, -0.251995, -0.387655, -0.273025, -0.880444, -1.826698, -0.223044, 0.954531, -0.197794, 4.107122, 0.0, 0.0, 0.0, 1.0],
                [0.894413, 0.119702, -0.430925, -0.251995, -0.387655, -0.273025, -0.880444, -1.826698, -0.223044, 0.954531, -0.197794, 4.107122, 0.0, 0.0, 0.0, 1.0],
                [0.894413, 0.119702, -0.430925, -0.251995, -0.387655, -0.273025, -0.880444, -1.826698, -0.223044, 0.954531, -0.197794, 4.107122, 0.0, 0.0, 0.0, 1.0],
                [0.894413, 0.119702, -0.430925, -0.251995, -0.387655, -0.273025, -0.880444, -1.826698, -0.223044, 0.954531, -0.197794, 4.107122, 0.0, 0.0, 0.0, 1.0],
                [0.894413, 0.119702, -0.430925, -0.251995, -0.387655, -0.273025, -0.880444, -1.826698, -0.223044, 0.954531, -0.197794, 4.107122, 0.0, 0.0, 0.0, 1.0],
                [0.894413, 0.119702, -0.430925, -0.251995, -0.387655, -0.273025, -0.880444, -1.826698, -0.223044, 0.954531, -0.197794, 4.107122, 0.0, 0.0, 0.0, 1.0],
                [0.894413, 0.119702, -0.430925, -0.251995, -0.387655, -0.273025, -0.880444, -1.826698, -0.223044, 0.954531, -0.197794, 4.107122, 0.0, 0.0, 0.0, 1.0],
                [0.894413, 0.119702, -0.430925, -0.251995, -0.387655, -0.273025, -0.880444, -1.826698, -0.223044, 0.954531, -0.197794, 4.107122, 0.0, 0.0, 0.0, 1.0],
                [0.894413, 0.119702, -0.430925, -0.251995, -0.387655, -0.273025, -0.880444, -1.826698, -0.223044, 0.954531, -0.197794, 4.107122, 0.0, 0.0, 0.0, 1.0],
                [0.894413, 0.119702, -0.430925, -0.251995, -0.387655, -0.273025, -0.880444, -1.826698, -0.223044, 0.954531, -0.197794, 4.107122, 0.0, 0.0, 0.0, 1.0],
                [0.894413, 0.119702, -0.430925, -0.251995, -0.387655, -0.273025, -0.880444, -1.826698, -0.223044, 0.954531, -0.197794, 4.107122, 0.0, 0.0, 0.0, 1.0],
                [0.894413, 0.119702, -0.430925, -0.251995, -0.387655, -0.273025, -0.880444, -1.826698, -0.223044, 0.954531, -0.197794, 4.107122, 0.0, 0.0, 0.0, 1.0],
                [0.894413, 0.119702, -0.430925, -0.251995, -0.387655, -0.273025, -0.880444, -1.826698, -0.223044, 0.954531, -0.197794, 4.107122, 0.0, 0.0, 0.0, 1.0],
                [0.894413, 0.119702, -0.430925, -0.251995, -0.387655, -0.273025, -0.880444, -1.826698, -0.223044, 0.954531, -0.197794, 4.107122, 0.0, 0.0, 0.0, 1.0],
                [0.894413, 0.119702, -0.430925, -0.251995, -0.387655, -0.273025, -0.880444, -1.826698, -0.223044, 0.954531, -0.197794, 4.107122, 0.0, 0.0, 0.0, 1.0],
                [0.894413, 0.119702, -0.430925, -0.251995, -0.387655, -0.273025, -0.880444, -1.826698, -0.223044, 0.954531, -0.197794, 4.107122, 0.0, 0.0, 0.0, 1.0],
                [0.894413, 0.119702, -0.430925, -0.251995, -0.387655, -0.273025, -0.880444, -1.826698, -0.223044, 0.954531, -0.197794, 4.107122, 0.0, 0.0, 0.0, 1.0],
                [0.894413, 0.119702, -0.430925, -0.251995, -0.387655, -0.273025, -0.880444, -1.826698, -0.223044, 0.954531, -0.197794, 4.107122, 0.0, 0.0, 0.0, 1.0],
                [0.894413, 0.119702, -0.430925, -0.251995, -0.387655, -0.273025, -0.880444, -1.826698, -0.223044, 0.954531, -0.197794, 4.107122, 0.0, 0.0, 0.0, 1.0],
                [0.894413, 0.119702, -0.430925, -0.251995, -0.387655, -0.273025, -0.880444, -1.826698, -0.223044, 0.954531, -0.197794, 4.107122, 0.0, 0.0, 0.0, 1.0],
                [0.894413, 0.119702, -0.430925, -0.251995, -0.387655, -0.273025, -0.880444, -1.826698, -0.223044, 0.954531, -0.197794, 4.107122, 0.0, 0.0, 0.0, 1.0],
                [0.894413, 0.119702, -0.430925, -0.251995, -0.387655, -0.273025, -0.880444, -1.826698, -0.223044, 0.954531, -0.197794, 4.107122, 0.0, 0.0, 0.0, 1.0],
                [0.894413, 0.119702, -0.430925, -0.251995, -0.387655, -0.273025, -0.880444, -1.826698, -0.223044, 0.954531, -0.197794, 4.107122, 0.0, 0.0, 0.0, 1.0],
                [0.894413, 0.119702, -0.430925, -0.251995, -0.387655, -0.273025, -0.880444, -1.826698, -0.223044, 0.954531, -0.197794, 4.107122, 0.0, 0.0, 0.0, 1.0],
                [0.894413, 0.119702, -0.430925, -0.251995, -0.387655, -0.273025, -0.880444, -1.826698, -0.223044, 0.954531, -0.197794, 4.107122, 0.0, 0.0, 0.0, 1.0],
                [0.894413, 0.119702, -0.430925, -0.251995, -0.387655, -0.273025, -0.880444, -1.826698, -0.223044, 0.954531, -0.197794, 4.107122, 0.0, 0.0, 0.0, 1.0],
                [0.894413, 0.119702, -0.430925, -0.251995, -0.387655, -0.273025, -0.880444, -1.826698, -0.223044, 0.954531, -0.197794, 4.107122, 0.0, 0.0, 0.0, 1.0],
                [0.894413, 0.119702, -0.430925, -0.251995, -0.387655, -0.273025, -0.880444, -1.826698, -0.223044, 0.954531, -0.197794, 4.107122, 0.0, 0.0, 0.0, 1.0],
                [0.894413, 0.119702, -0.430925, -0.251995, -0.387655, -0.273025, -0.880444, -1.826698, -0.223044, 0.954531, -0.197794, 4.107122, 0.0, 0.0, 0.0, 1.0],
                [0.894413, 0.119702, -0.430925, -0.251995, -0.387655, -0.273025, -0.880444, -1.826698, -0.223044, 0.954531, -0.197794, 4.107122, 0.0, 0.0, 0.0, 1.0],
                [0.894413, 0.119702, -0.430925, -0.251995, -0.387655, -0.273025, -0.880444, -1.826698, -0.223044, 0.954531, -0.197794, 4.107122, 0.0, 0.0, 0.0, 1.0],
                [0.894413, 0.119702, -0.430925, -0.251995, -0.387655, -0.273025, -0.880444, -1.826698, -0.223044, 0.954531, -0.197794, 4.107122, 0.0, 0.0, 0.0, 1.0],
                [0.894413, 0.119702, -0.430925, -0.251995, -0.387655, -0.273025, -0.880444, -1.826698, -0.223044, 0.954531, -0.197794, 4.107122, 0.0, 0.0, 0.0, 1.0],
                [0.894413, 0.119702, -0.430925, -0.251995, -0.387655, -0.273025, -0.880444, -1.826698, -0.223044, 0.954531, -0.197794, 4.107122, 0.0, 0.0, 0.0, 1.0],
                [0.894413, 0.119702, -0.430925, -0.251995, -0.387655, -0.273025, -0.880444, -1.826698, -0.223044, 0.954531, -0.197794, 4.107122, 0.0, 0.0, 0.0, 1.0],
                [0.894413, 0.119702, -0.430925, -0.251995, -0.387655, -0.273025, -0.880444, -1.826698, -0.223044, 0.954531, -0.197794, 4.107122, 0.0, 0.0, 0.0, 1.0],
                [0.894413, 0.119702, -0.430925, -0.251995, -0.387655, -0.273025, -0.880444, -1.826698, -0.223044, 0.954531, -0.197794, 4.107122, 0.0, 0.0, 0.0, 1.0],
                [0.894413, 0.119702, -0.430925, -0.251995, -0.387655, -0.273025, -0.880444, -1.826698, -0.223044, 0.954531, -0.197794, 4.107122, 0.0, 0.0, 0.0, 1.0],
                [0.894413, 0.119702, -0.430925, -0.251995, -0.387655, -0.273025, -0.880444, -1.826698, -0.223044, 0.954531, -0.197794, 4.107122, 0.0, 0.0, 0.0, 1.0],
                [0.894413, 0.119702, -0.430925, -0.251995, -0.387655, -0.273025, -0.880444, -1.826698, -0.223044, 0.954531, -0.197794, 4.107122, 0.0, 0.0, 0.0, 1.0],
                [0.894413, 0.119702, -0.430925, -0.251995, -0.387655, -0.273025, -0.880444, -1.826698, -0.223044, 0.954531, -0.197794, 4.107122, 0.0, 0.0, 0.0, 1.0],
                [0.894413, 0.119702, -0.430925, -0.251995, -0.387655, -0.273025, -0.880444, -1.826698, -0.223044, 0.954531, -0.197794, 4.107122, 0.0, 0.0, 0.0, 1.0],
                [0.894413, 0.119702, -0.430925, -0.251995, -0.387655, -0.273025, -0.880444, -1.826698, -0.223044, 0.954531, -0.197794, 4.107122, 0.0, 0.0, 0.0, 1.0],
                [0.894413, 0.119702, -0.430925, -0.251995, -0.387655, -0.273025, -0.880444, -1.826698, -0.223044, 0.954531, -0.197794, 4.107122, 0.0, 0.0, 0.0, 1.0],
                [0.894413, 0.119702, -0.430925, -0.251995, -0.387655, -0.273025, -0.880444, -1.826698, -0.223044, 0.954531, -0.197794, 4.107122, 0.0, 0.0, 0.0, 1.0],
                [0.894413, 0.119702, -0.430925, -0.251995, -0.387655, -0.273025, -0.880444, -1.826698, -0.223044, 0.954531, -0.197794, 4.107122, 0.0, 0.0, 0.0, 1.0],
                [0.894413, 0.119702, -0.430925, -0.251889, -0.387655, -0.273025, -0.880444, -1.826657, -0.223044, 0.954531, -0.197794, 4.106749, 0.0, 0.0, 0.0, 1.0],
                [0.894413, 0.119702, -0.430925, -0.251576, -0.387655, -0.273025, -0.880444, -1.826528, -0.223044, 0.954531, -0.197794, 4.105637, 0.0, 0.0, 0.0, 1.0],
                [0.894413, 0.119702, -0.430925, -0.251064, -0.387655, -0.273025, -0.880444, -1.826299, -0.223044, 0.954531, -0.197794, 4.103798, 0.0, 0.0, 0.0, 1.0],
                [0.894413, 0.119702, -0.430925, -0.250359, -0.387655, -0.273025, -0.880444, -1.825963, -0.223044, 0.954531, -0.197794, 4.101245, 0.0, 0.0, 0.0, 1.0],
                [0.894413, 0.119702, -0.430925, -0.24947, -0.387655, -0.273025, -0.880444, -1.825508, -0.223044, 0.954531, -0.197794, 4.097991, 0.0, 0.0, 0.0, 1.0],
                [0.894413, 0.119702, -0.430925, -0.248404, -0.387655, -0.273025, -0.880444, -1.824924, -0.223044, 0.954531, -0.197794, 4.094047, 0.0, 0.0, 0.0, 1.0],
                [0.894413, 0.119702, -0.430925, -0.247167, -0.387655, -0.273025, -0.880444, -1.824203, -0.223044, 0.954531, -0.197794, 4.089425, 0.0, 0.0, 0.0, 1.0],
                [0.894413, 0.119702, -0.430925, -0.245768, -0.387655, -0.273025, -0.880444, -1.823333, -0.223044, 0.954531, -0.197794, 4.084138, 0.0, 0.0, 0.0, 1.0],
                [0.894413, 0.119702, -0.430925, -0.244214, -0.387655, -0.273025, -0.880444, -1.822306, -0.223044, 0.954531, -0.197794, 4.078199, 0.0, 0.0, 0.0, 1.0],
                [0.894413, 0.119702, -0.430925, -0.242511, -0.387655, -0.273025, -0.880444, -1.82111, -0.223044, 0.954531, -0.197794, 4.071619, 0.0, 0.0, 0.0, 1.0],
                [0.894413, 0.119702, -0.430925, -0.240669, -0.387655, -0.273025, -0.880444, -1.819737, -0.223044, 0.954531, -0.197794, 4.064411, 0.0, 0.0, 0.0, 1.0],
                [0.894413, 0.119702, -0.430925, -0.238693, -0.387655, -0.273025, -0.880444, -1.818175, -0.223044, 0.954531, -0.197794, 4.056587, 0.0, 0.0, 0.0, 1.0],
                [0.894413, 0.119702, -0.430925, -0.236592, -0.387655, -0.273025, -0.880444, -1.816417, -0.223044, 0.954531, -0.197794, 4.04816, 0.0, 0.0, 0.0, 1.0],
                [0.894413, 0.119702, -0.430925, -0.234373, -0.387655, -0.273025, -0.880444, -1.81445, -0.223044, 0.954531, -0.197794, 4.039141, 0.0, 0.0, 0.0, 1.0],
                [0.894413, 0.119702, -0.430925, -0.232043, -0.387655, -0.273025, -0.880444, -1.812266, -0.223044, 0.954531, -0.197794, 4.029542, 0.0, 0.0, 0.0, 1.0],
                [0.894413, 0.119702, -0.430925, -0.229609, -0.387655, -0.273025, -0.880444, -1.809855, -0.223044, 0.954531, -0.197794, 4.019378, 0.0, 0.0, 0.0, 1.0],
                [0.894413, 0.119702, -0.430925, -0.227079, -0.387655, -0.273025, -0.880444, -1.807206, -0.223044, 0.954531, -0.197794, 4.008658, 0.0, 0.0, 0.0, 1.0],
                [0.894413, 0.119702, -0.430925, -0.224461, -0.387655, -0.273025, -0.880444, -1.804311, -0.223044, 0.954531, -0.197794, 3.997396, 0.0, 0.0, 0.0, 1.0],
                [0.894413, 0.119702, -0.430925, -0.221761, -0.387655, -0.273025, -0.880444, -1.801157, -0.223044, 0.954531, -0.197794, 3.985604, 0.0, 0.0, 0.0, 1.0],
                [0.894413, 0.119702, -0.430925, -0.218987, -0.387655, -0.273025, -0.880444, -1.797737, -0.223044, 0.954531, -0.197794, 3.973294, 0.0, 0.0, 0.0, 1.0],
                [0.894413, 0.119702, -0.430925, -0.216147, -0.387655, -0.273025, -0.880444, -1.79404, -0.223044, 0.954531, -0.197794, 3.960479, 0.0, 0.0, 0.0, 1.0],
                [0.894413, 0.119702, -0.430925, -0.213248, -0.387655, -0.273025, -0.880444, -1.790056, -0.223044, 0.954531, -0.197794, 3.947171, 0.0, 0.0, 0.0, 1.0],
                [0.894413, 0.119702, -0.430925, -0.210297, -0.387655, -0.273025, -0.880444, -1.785776, -0.223044, 0.954531, -0.197794, 3.933382, 0.0, 0.0, 0.0, 1.0],
                [0.894413, 0.119702, -0.430925, -0.207302, -0.387655, -0.273025, -0.880444, -1.781188, -0.223044, 0.954531, -0.197794, 3.919124, 0.0, 0.0, 0.0, 1.0],
                [0.894413, 0.119702, -0.430925, -0.204269, -0.387655, -0.273025, -0.880444, -1.776284, -0.223044, 0.954531, -0.197794, 3.90441, 0.0, 0.0, 0.0, 1.0],
                [0.894413, 0.119702, -0.430925, -0.201208, -0.387655, -0.273025, -0.880444, -1.771054, -0.223044, 0.954531, -0.197794, 3.889251, 0.0, 0.0, 0.0, 1.0],
                [0.894413, 0.119702, -0.430925, -0.198124, -0.387655, -0.273025, -0.880444, -1.765487, -0.223044, 0.954531, -0.197794, 3.873661, 0.0, 0.0, 0.0, 1.0],
                [0.894413, 0.119702, -0.430925, -0.195025, -0.387655, -0.273025, -0.880444, -1.759574, -0.223044, 0.954531, -0.197794, 3.857651, 0.0, 0.0, 0.0, 1.0],
                [0.894413, 0.119702, -0.430925, -0.191919, -0.387655, -0.273025, -0.880444, -1.753304, -0.223044, 0.954531, -0.197794, 3.841234, 0.0, 0.0, 0.0, 1.0],
                [0.894413, 0.119702, -0.430925, -0.188813, -0.387655, -0.273025, -0.880444, -1.746668, -0.223044, 0.954531, -0.197794, 3.824422, 0.0, 0.0, 0.0, 1.0],
                [0.894413, 0.119702, -0.430925, -0.185714, -0.387655, -0.273025, -0.880444, -1.739656, -0.223044, 0.954531, -0.197794, 3.807227, 0.0, 0.0, 0.0, 1.0],
