{
    "animation": [
        {
            "name": "Root",
            "time": [0.0, 0.025, 0.05, 0.075, 0.1, 0.125, 0.15, 0.175, 0.2, 0.225, 0.25, 0.275, 0.3, 0.325, 0.35, 0.375, 0.4, 0.425, 0.45, 0.475, 0.5, 0.525, 0.55, 0.575, 0.6, 0.625, 0.65, 0.675, 0.7, 0.725, 0.75, 0.775, 0.8, 0.825, 0.85, 0.875, 0.9, 0.925, 0.95, 0.975, 1.0, 1.025, 1.05, 1.075, 1.1, 1.125, 1.15, 1.175, 1.2, 1.225, 1.25, 1.275, 1.3, 1.325, 1.35, 1.375, 1.4, 1.425, 1.45, 1.475, 1.5, 1.525, 1.55, 1.575, 1.6, 1.625, 1.65, 1.675, 1.7, 1.725, 1.75, 1.775, 1.8, 1.825, 1.85, 1.875, 1.9, 1.925, 1.95, 1.975, 2.0, 2.025, 2.05, 2.075, 2.1, 2.125, 2.15, 2.175, 2.2, 2.225, 2.25, 2.275, 2.3, 2.325, 2.35, 2.375, 2.4, 2.425, 2.45, 2.475, 2.5, 2.525, 2.55, 2.575, 2.6, 2.625, 2.65, 2.675, 2.7, 2.725, 2.75, 2.775, 2.8, 2.825, 2.85, 2.875, 2.9, 2.925, 2.95, 2.975, 3.0, 3.025, 3.05, 3.075, 3.1, 3.125, 3.15, 3.175, 3.2, 3.225, 3.25, 3.275, 3.3, 3.325, 3.35, 3.375, 3.4, 3.425, 3.45, 3.475, 3.5, 3.525, 3.55, 3.575, 3.6, 3.625, 3.65, 3.675, 3.7, 3.725, 3.75, 3.775, 3.8, 3.825, 3.85, 3.875, 3.9, 3.925, 3.95, 3.975, 4.0, 4.025, 4.05, 4.075, 4.1, 4.125, 4.15, 4.175, 4.2, 4.225, 4.25, 4.275, 4.3, 4.325, 4.35, 4.375, 4.4, 4.425, 4.45, 4.475, 4.5],
            "transform": [
                [0.846484, 0.267824, -0.460147, -0.024791, -0.392438, -0.270202, -0.879195, 0.06476, -0.359802, 0.924803, -0.123617, 0.650412, 0.0, 0.0, 0.0, 1.0],
                [0.846484, 0.267824, -0.460147, -0.024791, -0.392438, -0.270202, -0.879195, 0.06476, -0.359802, 0.924803, -0.123617, 0.650534, 0.0, 0.0, 0.0, 1.0],
                [0.846484, 0.267824, -0.460147, -0.024791, -0.392438, -0.270202, -0.879195, 0.06476, -0.359802, 0.924803, -0.123617, 0.650895, 0.0, 0.0, 0.0, 1.0],
                [0.846484, 0.267824, -0.460147, -0.024791, -0.392438, -0.270202, -0.879195, 0.06476, -0.359802, 0.924803, -0.123617, 0.65149, 0.0, 0.0, 0.0, 1.0],
                [0.846484, 0.267824, -0.460147, -0.024791, -0.392438, -0.270202, -0.879195, 0.06476, -0.359802, 0.924803, -0.123617, 0.652315, 0.0, 0.0, 0.0, 1.0],
                [0.846484, 0.267824, -0.460147, -0.024791, -0.392438, -0.270202, -0.879195, 0.06476, -0.359802, 0.924803, -0.123617, 0.653362, 0.0, 0.0, 0.0, 1.0],
                [0.846484, 0.267824, -0.460147, -0.024791, -0.392438, -0.270202, -0.879195, 0.06476, -0.359802, 0.924803, -0.123617, 0.654627, 0.0, 0.0, 0.0, 1.0],
                [0.846484, 0.267824, -0.460147, -0.024791, -0.392438, -0.270202, -0.879195, 0.06476, -0.359802, 0.924803, -0.123617, 0.656105, 0.0, 0.0, 0.0, 1.0],
                [0.846484, 0.267824, -0.460147, -0.024791, -0.392438, -0.270202, -0.879195, 0.06476, -0.359802, 0.924803, -0.123617, 0.657789, 0.0, 0.0, 0.0, 1.0],
                [0.846484, 0.267824, -0.460147, -0.024791, -0.392438, -0.270202, -0.879195, 0.06476, -0.359802, 0.924803, -0.123617, 0.659675, 0.0, 0.0, 0.0, 1.0],
                [0.846484, 0.267824, -0.460147, -0.024791, -0.392438, -0.270202, -0.879195, 0.06476, -0.359802, 0.924803, -0.123617, 0.661758, 0.0, 0.0, 0.0, 1.0],
                [0.846484, 0.267824, -0.460147, -0.024791, -0.392438, -0.270202, -0.879195, 0.06476, -0.359802, 0.924803, -0.123617, 0.66403, 0.0, 0.0, 0.0, 1.0],
                [0.846484, 0.267824, -0.460147, -0.024791, -0.392438, -0.270202, -0.879195, 0.06476, -0.359802, 0.924803, -0.123617, 0.666488, 0.0, 0.0, 0.0, 1.0],
                [0.846484, 0.267824, -0.460147, -0.024791, -0.392438, -0.270202, -0.879195, 0.06476, -0.359802, 0.924803, -0.123617, 0.669126, 0.0, 0.0, 0.0, 1.0],
                [0.846484, 0.267824, -0.460147, -0.024791, -0.392438, -0.270202, -0.879195, 0.06476, -0.359802, 0.924803, -0.123617, 0.671938, 0.0, 0.0, 0.0, 1.0],
                [0.846484, 0.267824, -0.460147, -0.024791, -0.392438, -0.270202, -0.879195, 0.06476, -0.359802, 0.924803, -0.123617, 0.674918, 0.0, 0.0, 0.0, 1.0],
                [0.846484, 0.267824, -0.460147, -0.024791, -0.392438, -0.270202, -0.879195, 0.06476, -0.359802, 0.924803, -0.123617, 0.678062, 0.0, 0.0, 0.0, 1.0],
                [0.846484, 0.267824, -0.460147, -0.024791, -0.392438, -0.270202, -0.879195, 0.06476, -0.359802, 0.924803, -0.123617, 0.681364, 0.0, 0.0, 0.0, 1.0],
                [0.846484, 0.267824, -0.460147, -0.024791, -0.392438, -0.270202, -0.879195, 0.06476, -0.359802, 0.924803, -0.123617, 0.684819, 0.0, 0.0, 0.0, 1.0],
                [0.846484, 0.267824, -0.460147, -0.024791, -0.392438, -0.270202, -0.879195, 0.06476, -0.359802, 0.924803, -0.123617, 0.68842, 0.0, 0.0, 0.0, 1.0],
                [0.846484, 0.267824, -0.460147, -0.024791, -0.392438, -0.270202, -0.879195, 0.06476, -0.359802, 0.924803, -0.123617, 0.692163, 0.0, 0.0, 0.0, 1.0],
                [0.846484, 0.267824, -0.460147, -0.024791, -0.392438, -0.270202, -0.879195, 0.06476, -0.359802, 0.924803, -0.123617, 0.696043, 0.0, 0.0, 0.0, 1.0],
                [0.846484, 0.267824, -0.460147, -0.024791, -0.392438, -0.270202, -0.879195, 0.06476, -0.359802, 0.924803, -0.123617, 0.700053, 0.0, 0.0, 0.0, 1.0],
                [0.846484, 0.267824, -0.460147, -0.024791, -0.392438, -0.270202, -0.879195, 0.06476, -0.359802, 0.924803, -0.123617, 0.704188, 0.0, 0.0, 0.0, 1.0],
                [0.846484, 0.267824, -0.460147, -0.024791, -0.392438, -0.270202, -0.879195, 0.06476, -0.359802, 0.924803, -0.123617, 0.708443, 0.0, 0.0, 0.0, 1.0],
                [0.846484, 0.267824, -0.460147, -0.024791, -0.392438, -0.270202, -0.879195, 0.06476, -0.359802, 0.924803, -0.123617, 0.712812, 0.0, 0.0, 0.0, 1.0],
                [0.846484, 0.267824, -0.460147, -0.024791, -0.392438, -0.270202, -0.879195, 0.06476, -0.359802, 0.924803, -0.123617, 0.71729, 0.0, 0.0, 0.0, 1.0],
                [0.846484, 0.267824, -0.460147, -0.024791, -0.392438, -0.270202, -0.879195, 0.06476, -0.359802, 0.924803, -0.123617, 0.721872, 0.0, 0.0, 0.0, 1.0],
                [0.846484, 0.267824, -0.460147, -0.024791, -0.392438, -0.270202, -0.879195, 0.06476, -0.359802, 0.924803, -0.123617, 0.726552, 0.0, 0.0, 0.0, 1.0],
                [0.846484, 0.267824, -0.460147, -0.024791, -0.392438, -0.270202, -0.879195, 0.06476, -0.359802, 0.924803, -0.123617, 0.731324, 0.0, 0.0, 0.0, 1.0],
                [0.846484, 0.267824, -0.460147, -0.024791, -0.392438, -0.270202, -0.879195, 0.06476, -0.359802, 0.924803, -0.123617, 0.736184, 0.0, 0.0, 0.0, 1.0],
                [0.846484, 0.267824, -0.460147, -0.024791, -0.392438, -0.270202, -0.879195, 0.06476, -0.359802, 0.924803, -0.123617, 0.741125, 0.0, 0.0, 0.0, 1.0],
                [0.846484, 0.267824, -0.460147, -0.024791, -0.392438, -0.270202, -0.879195, 0.06476, -0.359802, 0.924803, -0.123617, 0.746142, 0.0, 0.0, 0.0, 1.0],
                [0.846484, 0.267824, -0.460147, -0.024791, -0.392438, -0.270202, -0.879195, 0.06476, -0.359802, 0.924803, -0.123617, 0.751231, 0.0, 0.0, 0.0, 1.0],
                [0.846484, 0.267824, -0.460147, -0.024791, -0.392438, -0.270202, -0.879195, 0.06476, -0.359802, 0.924803, -0.123617, 0.756384, 0.0, 0.0, 0.0, 1.0],
                [0.846484, 0.267824, -0.460147, -0.024791, -0.392438, -0.270202, -0.879195, 0.06476, -0.359802, 0.924803, -0.123617, 0.761598, 0.0, 0.0, 0.0, 1.0],
                [0.846484, 0.267824, -0.460147, -0.024791, -0.392438, -0.270202, -0.879195, 0.06476, -0.359802, 0.924803, -0.123617, 0.766866, 0.0, 0.0, 0.0, 1.0],
                [0.846484, 0.267824, -0.460147, -0.024791, -0.392438, -0.270202, -0.879195, 0.06476, -0.359802, 0.924803, -0.123617, 0.772182, 0.0, 0.0, 0.0, 1.0],
                [0.846484, 0.267824, -0.460147, -0.024791, -0.392438, -0.270202, -0.879195, 0.06476, -0.359802, 0.924803, -0.123617, 0.777543, 0.0, 0.0, 0.0, 1.0],
                [0.846484, 0.267824, -0.460147, -0.024791, -0.392438, -0.270202, -0.879195, 0.06476, -0.359802, 0.924803, -0.123617, 0.782942, 0.0, 0.0, 0.0, 1.0],
                [0.846484, 0.267824, -0.460147, -0.024791, -0.392438, -0.270202, -0.879195, 0.06476, -0.359802, 0.924803, -0.123617, 0.788373, 0.0, 0.0, 0.0, 1.0],
                [0.846484, 0.267824, -0.460147, -0.024791, -0.392438, -0.270202, -0.879195, 0.06476, -0.359802, 0.924803, -0.123617, 0.793831, 0.0, 0.0, 0.0, 1.0],
                [0.846484, 0.267824, -0.460147, -0.024791, -0.392438, -0.270202, -0.879195, 0.06476, -0.359802, 0.924803, -0.123617, 0.799312, 0.0, 0.0, 0.0, 1.0],
                [0.846484, 0.267824, -0.460147, -0.024791, -0.392438, -0.270202, -0.879195, 0.06476, -0.359802, 0.924803, -0.123617, 0.804808, 0.0, 0.0, 0.0, 1.0],
                [0.846484, 0.267824, -0.460147, -0.024791, -0.392438, -0.270202, -0.879195, 0.06476, -0.359802, 0.924803, -0.123617, 0.810316, 0.0, 0.0, 0.0, 1.0],
                [0.846484, 0.267824, -0.460147, -0.024791, -0.392438, -0.270202, -0.879195, 0.06476, -0.359802, 0.924803, -0.123617, 0.815829, 0.0, 0.0, 0.0, 1.0],
                [0.846484, 0.267824, -0.460147, -0.024791, -0.392438, -0.270202, -0.879195, 0.06476, -0.359802, 0.924803, -0.123617, 0.821342, 0.0, 0.0, 0.0, 1.0],
                [0.846484, 0.267824, -0.460147, -0.024791, -0.392438, -0.270202, -0.879195, 0.06476, -0.359802, 0.924803, -0.123617, 0.826849, 0.0, 0.0, 0.0, 1.0],
                [0.846484, 0.267824, -0.460147, -0.024791, -0.392438, -0.270202, -0.879195, 0.06476, -0.359802, 0.924803, -0.123617, 0.832346, 0.0, 0.0, 0.0, 1.0],
                [0.846484, 0.267824, -0.460147, -0.024791, -0.392438, -0.270202, -0.879195, 0.06476, -0.359802, 0.924803, -0.123617, 0.837826, 0.0, 0.0, 0.0, 1.0],
                [0.846484, 0.267824, -0.460147, -0.024791, -0.392438, -0.270202, -0.879195, 0.06476, -0.359802, 0.924803, -0.123617, 0.843285, 0.0, 0.0, 0.0, 1.0],
                [0.846484, 0.267824, -0.460147, -0.024791, -0.392438, -0.270202, -0.879195, 0.06476, -0.359802, 0.924803, -0.123617, 0.848716, 0.0, 0.0, 0.0, 1.0],
                [0.846484, 0.267824, -0.460147, -0.024791, -0.392438, -0.270202, -0.879195, 0.06476, -0.359802, 0.924803, -0.123617, 0.854115, 0.0, 0.0, 0.0, 1.0],
                [0.846484, 0.267824, -0.460147, -0.024791, -0.392438, -0.270202, -0.879195, 0.06476, -0.359802, 0.924803, -0.123617, 0.859475, 0.0, 0.0, 0.0, 1.0],
                [0.846484, 0.267824, -0.460147, -0.024791, -0.392438, -0.270202, -0.879195, 0.06476, -0.359802, 0.924803, -0.123617, 0.864792, 0.0, 0.0, 0.0, 1.0],
                [0.846484, 0.267824, -0.460147, -0.024791, -0.392438, -0.270202, -0.879195, 0.06476, -0.359802, 0.924803, -0.123617, 0.87006, 0.0, 0.0, 0.0, 1.0],
                [0.846484, 0.267824, -0.460147, -0.024791, -0.392438, -0.270202, -0.879195, 0.06476, -0.359802, 0.924803, -0.123617, 0.875274, 0.0, 0.0, 0.0, 1.0],
                [0.846484, 0.267824, -0.460147, -0.024791, -0.392438, -0.270202, -0.879195, 0.06476, -0.359802, 0.924803, -0.123617, 0.880427, 0.0, 0.0, 0.0, 1.0],
                [0.846484, 0.267824, -0.460147, -0.024791, -0.392438, -0.270202, -0.879195, 0.06476, -0.359802, 0.924803, -0.123617, 0.885515, 0.0, 0.0, 0.0, 1.0],
                [0.846484, 0.267824, -0.460147, -0.024791, -0.392438, -0.270202, -0.879195, 0.06476, -0.359802, 0.924803, -0.123617, 0.890533, 0.0, 0.0, 0.0, 1.0],
                [0.846484, 0.267824, -0.460147, -0.024791, -0.392438, -0.270202, -0.879195, 0.06476, -0.359802, 0.924803, -0.123617, 0.895474, 0.0, 0.0, 0.0, 1.0],
                [0.846484, 0.267824, -0.460147, -0.024791, -0.392438, -0.270202, -0.879195, 0.06476, -0.359802, 0.924803, -0.123617, 0.900333, 0.0, 0.0, 0.0, 1.0],
                [0.846484, 0.267824, -0.460147, -0.024791, -0.392438, -0.270202, -0.879195, 0.06476, -0.359802, 0.924803, -0.123617, 0.905106, 0.0, 0.0, 0.0, 1.0],
                [0.846484, 0.267824, -0.460147, -0.024791, -0.392438, -0.270202, -0.879195, 0.06476, -0.359802, 0.924803, -0.123617, 0.909786, 0.0, 0.0, 0.0, 1.0],
                [0.846484, 0.267824, -0.460147, -0.024791, -0.392438, -0.270202, -0.879195, 0.06476, -0.359802, 0.924803, -0.123617, 0.914367, 0.0, 0.0, 0.0, 1.0],
                [0.846484, 0.267824, -0.460147, -0.024791, -0.392438, -0.270202, -0.879195, 0.06476, -0.359802, 0.924803, -0.123617, 0.918846, 0.0, 0.0, 0.0, 1.0],
                [0.846484, 0.267824, -0.460147, -0.024791, -0.392438, -0.270202, -0.879195, 0.06476, -0.359802, 0.924803, -0.123617, 0.923215, 0.0, 0.0, 0.0, 1.0],
                [0.846484, 0.267824, -0.460147, -0.024791, -0.392438, -0.270202, -0.879195, 0.06476, -0.359802, 0.924803, -0.123617, 0.92747, 0.0, 0.0, 0.0, 1.0],
                [0.846484, 0.267824, -0.460147, -0.024791, -0.392438, -0.270202, -0.879195, 0.06476, -0.359802, 0.924803, -0.123617, 0.931605, 0.0, 0.0, 0.0, 1.0],
                [0.846484, 0.267824, -0.460147, -0.024791, -0.392438, -0.270202, -0.879195, 0.06476, -0.359802, 0.924803, -0.123617, 0.935615, 0.0, 0.0, 0.0, 1.0],
                [0.846484, 0.267824, -0.460147, -0.024791, -0.392438, -0.270202, -0.879195, 0.06476, -0.359802, 0.924803, -0.123617, 0.939494, 0.0, 0.0, 0.0, 1.0],
                [0.846484, 0.267824, -0.460147, -0.024791, -0.392438, -0.270202, -0.879195, 0.06476, -0.359802, 0.924803, -0.123617, 0.943237, 0.0, 0.0, 0.0, 1.0],
                [0.846484, 0.267824, -0.460147, -0.024791, -0.392438, -0.270202, -0.879195, 0.06476, -0.359802, 0.924803, -0.123617, 0.946839, 0.0, 0.0, 0.0, 1.0],
                [0.846484, 0.267824, -0.460147, -0.024791, -0.392438, -0.270202, -0.879195, 0.06476, -0.359802, 0.924803, -0.123617, 0.950293, 0.0, 0.0, 0.0, 1.0],
                [0.846484, 0.267824, -0.460147, -0.024791, -0.392438, -0.270202, -0.879195, 0.06476, -0.359802, 0.924803, -0.123617, 0.953595, 0.0, 0.0, 0.0, 1.0],
                [0.846484, 0.267824, -0.460147, -0.024791, -0.392438, -0.270202, -0.879195, 0.06476, -0.359802, 0.924803, -0.123617, 0.956739, 0.0, 0.0, 0.0, 1.0],
                [0.846484, 0.267824, -0.460147, -0.024791, -0.392438, -0.270202, -0.879195, 0.06476, -0.359802, 0.924803, -0.123617, 0.95972, 0.0, 0.0, 0.0, 1.0],
                [0.846484, 0.267824, -0.460147, -0.024791, -0.392438, -0.270202, -0.879195, 0.06476, -0.359802, 0.924803, -0.123617, 0.962532, 0.0, 0.0, 0.0, 1.0],
                [0.846484, 0.267824, -0.460147, -0.024791, -0.392438, -0.270202, -0.879195, 0.06476, -0.359802, 0.924803, -0.123617, 0.96517, 0.0, 0.0, 0.0, 1.0],
                [0.846484, 0.267824, -0.460147, -0.024791, -0.392438, -0.270202, -0.879195, 0.06476, -0.359802, 0.924803, -0.123617, 0.967627, 0.0, 0.0, 0.0, 1.0],
                [0.846484, 0.267824, -0.460147, -0.024791, -0.392438, -0.270202, -0.879195, 0.06476, -0.359802, 0.924803, -0.123617, 0.9699, 0.0, 0.0, 0.0, 1.0],
                [0.846484, 0.267824, -0.460147, -0.024791, -0.392438, -0.270202, -0.879195, 0.06476, -0.359802, 0.924803, -0.123617, 0.971982, 0.0, 0.0, 0.0, 1.0],
                [0.846484, 0.267824, -0.460147, -0.024791, -0.392438, -0.270202, -0.879195, 0.06476, -0.359802, 0.924803, -0.123617, 0.973868, 0.0, 0.0, 0.0, 1.0],
                [0.846484, 0.267824, -0.460147, -0.024791, -0.392438, -0.270202, -0.879195, 0.06476, -0.359802, 0.924803, -0.123617, 0.975553, 0.0, 0.0, 0.0, 1.0],
                [0.846484, 0.267824, -0.460147, -0.024791, -0.392438, -0.270202, -0.879195, 0.06476, -0.359802, 0.924803, -0.123617, 0.97703, 0.0, 0.0, 0.0, 1.0],
                [0.846484, 0.267824, -0.460147, -0.024791, -0.392438, -0.270202, -0.879195, 0.06476, -0.359802, 0.924803, -0.123617, 0.978296, 0.0, 0.0, 0.0, 1.0],
                [0.846484, 0.267824, -0.460147, -0.024791, -0.392438, -0.270202, -0.879195, 0.06476, -0.359802, 0.924803, -0.123617, 0.979343, 0.0, 0.0, 0.0, 1.0],
                [0.846484, 0.267824, -0.460147, -0.024791, -0.392438, -0.270202, -0.879195, 0.06476, -0.359802, 0.924803, -0.123617, 0.980167, 0.0, 0.0, 0.0, 1.0],
                [0.846484, 0.267824, -0.460147, -0.024791, -0.392438, -0.270202, -0.879195, 0.06476, -0.359802, 0.924803, -0.123617, 0.980763, 0.0, 0.0, 0.0, 1.0],
                [0.846484, 0.267824, -0.460147, -0.024791, -0.392438, -0.270202, -0.879195, 0.06476, -0.359802, 0.924803, -0.123617, 0.981124, 0.0, 0.0, 0.0, 1.0],
                [0.846484, 0.267824, -0.460147, -0.024791, -0.392438, -0.270202, -0.879195, 0.06476, -0.359802, 0.924803, -0.123617, 0.981246, 0.0, 0.0, 0.0, 1.0],
                [0.846484, 0.267824, -0.460147, -0.024791, -0.392438, -0.270202, -0.879195, 0.06476, -0.359802, 0.924803, -0.123617, 0.981124, 0.0, 0.0, 0.0, 1.0],
                [0.846484, 0.267824, -0.460147, -0.024791, -0.392438, -0.270202, -0.879195, 0.06476, -0.359802, 0.924803, -0.123617, 0.980763, 0.0, 0.0, 0.0, 1.0],
                [0.846484, 0.267824, -0.460147, -0.024791, -0.392438, -0.270202, -0.879195, 0.06476, -0.359802, 0.924803, -0.123617, 0.980167, 0.0, 0.0, 0.0, 1.0],
                [0.846484, 0.267824, -0.460147, -0.024791, -0.392438, -0.270202, -0.879195, 0.06476, -0.359802, 0.924803, -0.123617, 0.979343, 0.0, 0.0, 0.0, 1.0],
                [0.846484, 0.267824, -0.460147, -0.024791, -0.392438, -0.270202, -0.879195, 0.06476, -0.359802, 0.924803, -0.123617, 0.978296, 0.0, 0.0, 0.0, 1.0],
                [0.846484, 0.267824, -0.460147, -0.024791, -0.392438, -0.270202, -0.879195, 0.06476, -0.359802, 0.924803, -0.123617, 0.977031, 0.0, 0.0, 0.0, 1.0],
                [0.846484, 0.267824, -0.460147, -0.024791, -0.392438, -0.270202, -0.879195, 0.06476, -0.359802, 0.924803, -0.123617, 0.975553, 0.0, 0.0, 0.0, 1.0],
                [0.846484, 0.267824, -0.460147, -0.024791, -0.392438, -0.270202, -0.879195, 0.06476, -0.359802, 0.924803, -0.123617, 0.973868, 0.0, 0.0, 0.0, 1.0],
                [0.846484, 0.267824, -0.460147, -0.024791, -0.392438, -0.270202, -0.879195, 0.06476, -0.359802, 0.924803, -0.123617, 0.971982, 0.0, 0.0, 0.0, 1.0],
                [0.846484, 0.267824, -0.460147, -0.024791, -0.392438, -0.270202, -0.879195, 0.06476, -0.359802, 0.924803, -0.123617, 0.9699, 0.0, 0.0, 0.0, 1.0],
                [0.846484, 0.267824, -0.460147, -0.024791, -0.392438, -0.270202, -0.879195, 0.06476, -0.359802, 0.924803, -0.123617, 0.967627, 0.0, 0.0, 0.0, 1.0],
                [0.846484, 0.267824, -0.460147, -0.024791, -0.392438, -0.270202, -0.879195, 0.06476, -0.359802, 0.924803, -0.123617, 0.965169, 0.0, 0.0, 0.0, 1.0],
                [0.846484, 0.267824, -0.460147, -0.024791, -0.392438, -0.270202, -0.879195, 0.06476, -0.359802, 0.924803, -0.123617, 0.962532, 0.0, 0.0, 0.0, 1.0],
                [0.846484, 0.267824, -0.460147, -0.024791, -0.392438, -0.270202, -0.879195, 0.06476, -0.359802, 0.924803, -0.123617, 0.95972, 0.0, 0.0, 0.0, 1.0],
                [0.846484, 0.267824, -0.460147, -0.024791, -0.392438, -0.270202, -0.879195, 0.06476, -0.359802, 0.924803, -0.123617, 0.956739, 0.0, 0.0, 0.0, 1.0],
                [0.846484, 0.267824, -0.460147, -0.024791, -0.392438, -0.270202, -0.879195, 0.06476, -0.359802, 0.924803, -0.123617, 0.953595, 0.0, 0.0, 0.0, 1.0],
                [0.846484, 0.267824, -0.460147, -0.024791, -0.392438, -0.270202, -0.879195, 0.06476, -0.359802, 0.924803, -0.123617, 0.950293, 0.0, 0.0, 0.0, 1.0],
                [0.846484, 0.267824, -0.460147, -0.024791, -0.392438, -0.270202, -0.879195, 0.06476, -0.359802, 0.924803, -0.123617, 0.946839, 0.0, 0.0, 0.0, 1.0],
                [0.846484, 0.267824, -0.460147, -0.024791, -0.392438, -0.270202, -0.879195, 0.06476, -0.359802, 0.924803, -0.123617, 0.943237, 0.0, 0.0, 0.0, 1.0],
                [0.846484, 0.267824, -0.460147, -0.024791, -0.392438, -0.270202, -0.879195, 0.06476, -0.359802, 0.924803, -0.123617, 0.939494, 0.0, 0.0, 0.0, 1.0],
                [0.846484, 0.267824, -0.460147, -0.024791, -0.392438, -0.270202, -0.879195, 0.06476, -0.359802, 0.924803, -0.123617, 0.935615, 0.0, 0.0, 0.0, 1.0],
                [0.846484, 0.267824, -0.460147, -0.024791, -0.392438, -0.270202, -0.879195, 0.06476, -0.359802, 0.924803, -0.123617, 0.931605, 0.0, 0.0, 0.0, 1.0],
                [0.846484, 0.267824, -0.460147, -0.024791, -0.392438, -0.270202, -0.879195, 0.06476, -0.359802, 0.924803, -0.123617, 0.92747, 0.0, 0.0, 0.0, 1.0],
                [0.846484, 0.267824, -0.460147, -0.024791, -0.392438, -0.270202, -0.879195, 0.06476, -0.359802, 0.924803, -0.123617, 0.923215, 0.0, 0.0, 0.0, 1.0],
                [0.846484, 0.267824, -0.460147, -0.024791, -0.392438, -0.270202, -0.879195, 0.06476, -0.359802, 0.924803, -0.123617, 0.918846, 0.0, 0.0, 0.0, 1.0],
                [0.846484, 0.267824, -0.460147, -0.024791, -0.392438, -0.270202, -0.879195, 0.06476, -0.359802, 0.924803, -0.123617, 0.914367, 0.0, 0.0, 0.0, 1.0],
                [0.846484, 0.267824, -0.460147, -0.024791, -0.392438, -0.270202, -0.879195, 0.06476, -0.359802, 0.924803, -0.123617, 0.909786, 0.0, 0.0, 0.0, 1.0],
                [0.846484, 0.267824, -0.460147, -0.024791, -0.392438, -0.270202, -0.879195, 0.06476, -0.359802, 0.924803, -0.123617, 0.905106, 0.0, 0.0, 0.0, 1.0],
                [0.846484, 0.267824, -0.460147, -0.024791, -0.392438, -0.270202, -0.879195, 0.06476, -0.359802, 0.924803, -0.123617, 0.900333, 0.0, 0.0, 0.0, 1.0],
                [0.846484, 0.267824, -0.460147, -0.024791, -0.392438, -0.270202, -0.879195, 0.06476, -0.359802, 0.924803, -0.123617, 0.895474, 0.0, 0.0, 0.0, 1.0],
                [0.846484, 0.267824, -0.460147, -0.024791, -0.392438, -0.270202, -0.879195, 0.06476, -0.359802, 0.924803, -0.123617, 0.890533, 0.0, 0.0, 0.0, 1.0],
                [0.846484, 0.267824, -0.460147, -0.024791, -0.392438, -0.270202, -0.879195, 0.06476, -0.359802, 0.924803, -0.123617, 0.885515, 0.0, 0.0, 0.0, 1.0],
                [0.846484, 0.267824, -0.460147, -0.024791, -0.392438, -0.270202, -0.879195, 0.06476, -0.359802, 0.924803, -0.123617, 0.880427, 0.0, 0.0, 0.0, 1.0],
                [0.846484, 0.267824, -0.460147, -0.024791, -0.392438, -0.270202, -0.879195, 0.06476, -0.359802, 0.924803, -0.123617, 0.875274, 0.0, 0.0, 0.0, 1.0],
                [0.846484, 0.267824, -0.460147, -0.024791, -0.392438, -0.270202, -0.879195, 0.06476, -0.359802, 0.924803, -0.123617, 0.87006, 0.0, 0.0, 0.0, 1.0],
                [0.846484, 0.267824, -0.460147, -0.024791, -0.392438, -0.270202, -0.879195, 0.06476, -0.359802, 0.924803, -0.123617, 0.864792, 0.0, 0.0, 0.0, 1.0],
                [0.846484, 0.267824, -0.460147, -0.024791, -0.392438, -0.270202, -0.879195, 0.06476, -0.359802, 0.924803, -0.123617, 0.859475, 0.0, 0.0, 0.0, 1.0],
                [0.846484, 0.267824, -0.460147, -0.024791, -0.392438, -0.270202, -0.879195, 0.06476, -0.359802, 0.924803, -0.123617, 0.854115, 0.0, 0.0, 0.0, 1.0],
                [0.846484, 0.267824, -0.460147, -0.024791, -0.392438, -0.270202, -0.879195, 0.06476, -0.359802, 0.924803, -0.123617, 0.848716, 0.0, 0.0, 0.0, 1.0],
                [0.846484, 0.267824, -0.460147, -0.024791, -0.392438, -0.270202, -0.879195, 0.06476, -0.359802, 0.924803, -0.123617, 0.843285, 0.0, 0.0, 0.0, 1.0],
                [0.846484, 0.267824, -0.460147, -0.024791, -0.392438, -0.270202, -0.879195, 0.06476, -0.359802, 0.924803, -0.123617, 0.837826, 0.0, 0.0, 0.0, 1.0],
                [0.846484, 0.267824, -0.460147, -0.024791, -0.392438, -0.270202, -0.879195, 0.06476, -0.359802, 0.924803, -0.123617, 0.832346, 0.0, 0.0, 0.0, 1.0],
                [0.846484, 0.267824, -0.460147, -0.024791, -0.392438, -0.270202, -0.879195, 0.06476, -0.359802, 0.924803, -0.123617, 0.826849, 0.0, 0.0, 0.0, 1.0],
                [0.846484, 0.267824, -0.460147, -0.024791, -0.392438, -0.270202, -0.879195, 0.06476, -0.359802, 0.924803, -0.123617, 0.821342, 0.0, 0.0, 0.0, 1.0],
                [0.846484, 0.267824, -0.460147, -0.024791, -0.392438, -0.270202, -0.879195, 0.06476, -0.359802, 0.924803, -0.123617, 0.815829, 0.0, 0.0, 0.0, 1.0],
                [0.846484, 0.267824, -0.460147, -0.024791, -0.392438, -0.270202, -0.879195, 0.06476, -0.359802, 0.924803, -0.123617, 0.810316, 0.0, 0.0, 0.0, 1.0],
                [0.846484, 0.267824, -0.460147, -0.024791, -0.392438, -0.270202, -0.879195, 0.06476, -0.359802, 0.924803, -0.123617, 0.804808, 0.0, 0.0, 0.0, 1.0],
                [0.846484, 0.267824, -0.460147, -0.024791, -0.392438, -0.270202, -0.879195, 0.06476, -0.359802, 0.924803, -0.123617, 0.799312, 0.0, 0.0, 0.0, 1.0],
                [0.846484, 0.267824, -0.460147, -0.024791, -0.392438, -0.270202, -0.879195, 0.06476, -0.359802, 0.924803, -0.123617, 0.793831, 0.0, 0.0, 0.0, 1.0],
                [0.846484, 0.267824, -0.460147, -0.024791, -0.392438, -0.270202, -0.879195, 0.06476, -0.359802, 0.924803, -0.123617, 0.788373, 0.0, 0.0, 0.0, 1.0],
                [0.846484, 0.267824, -0.460147, -0.024791, -0.392438, -0.270202, -0.879195, 0.06476, -0.359802, 0.924803, -0.123617, 0.782942, 0.0, 0.0, 0.0, 1.0],
                [0.846484, 0.267824, -0.460147, -0.024791, -0.392438, -0.270202, -0.879195, 0.06476, -0.359802, 0.924803, -0.123617, 0.777543, 0.0, 0.0, 0.0, 1.0],
                [0.846484, 0.267824, -0.460147, -0.024791, -0.392438, -0.270202, -0.879195, 0.06476, -0.359802, 0.924803, -0.123617, 0.772182, 0.0, 0.0, 0.0, 1.0],
                [0.846484, 0.267824, -0.460147, -0.024791, -0.392438, -0.270202, -0.879195, 0.06476, -0.359802, 0.924803, -0.123617, 0.766865, 0.0, 0.0, 0.0, 1.0],
                [0.846484, 0.267824, -0.460147, -0.024791, -0.392438, -0.270202, -0.879195, 0.06476, -0.359802, 0.924803, -0.123617, 0.761598, 0.0, 0.0, 0.0, 1.0],
                [0.846484, 0.267824, -0.460147, -0.024791, -0.392438, -0.270202, -0.879195, 0.06476, -0.359802, 0.924803, -0.123617, 0.756384, 0.0, 0.0, 0.0, 1.0],
                [0.846484, 0.267824, -0.460147, -0.024791, -0.392438, -0.270202, -0.879195, 0.06476, -0.359802, 0.924803, -0.123617, 0.751231, 0.0, 0.0, 0.0, 1.0],
                [0.846484, 0.267824, -0.460147, -0.024791, -0.392438, -0.270202, -0.879195, 0.06476, -0.359802, 0.924803, -0.123617, 0.746142, 0.0, 0.0, 0.0, 1.0],
                [0.846484, 0.267824, -0.460147, -0.024791, -0.392438, -0.270202, -0.879195, 0.06476, -0.359802, 0.924803, -0.123617, 0.741125, 0.0, 0.0, 0.0, 1.0],
                [0.846484, 0.267824, -0.460147, -0.024791, -0.392438, -0.270202, -0.879195, 0.06476, -0.359802, 0.924803, -0.123617, 0.736184, 0.0, 0.0, 0.0, 1.0],
                [0.846484, 0.267824, -0.460147, -0.024791, -0.392438, -0.270202, -0.879195, 0.06476, -0.359802, 0.924803, -0.123617, 0.731324, 0.0, 0.0, 0.0, 1.0],
                [0.846484, 0.267824, -0.460147, -0.024791, -0.392438, -0.270202, -0.879195, 0.06476, -0.359802, 0.924803, -0.123617, 0.726552, 0.0, 0.0, 0.0, 1.0],
                [0.846484, 0.267824, -0.460147, -0.024791, -0.392438, -0.270202, -0.879195, 0.06476, -0.359802, 0.924803, -0.123617, 0.721872, 0.0, 0.0, 0.0, 1.0],
                [0.846484, 0.267824, -0.460147, -0.024791, -0.392438, -0.270202, -0.879195, 0.06476, -0.359802, 0.924803, -0.123617, 0.71729, 0.0, 0.0, 0.0, 1.0],
                [0.846484, 0.267824, -0.460147, -0.024791, -0.392438, -0.270202, -0.879195, 0.06476, -0.359802, 0.924803, -0.123617, 0.712812, 0.0, 0.0, 0.0, 1.0],
                [0.846484, 0.267824, -0.460147, -0.024791, -0.392438, -0.270202, -0.879195, 0.06476, -0.359802, 0.924803, -0.123617, 0.708443, 0.0, 0.0, 0.0, 1.0],
                [0.846484, 0.267824, -0.460147, -0.024791, -0.392438, -0.270202, -0.879195, 0.06476, -0.359802, 0.924803, -0.123617, 0.704188, 0.0, 0.0, 0.0, 1.0],
                [0.846484, 0.267824, -0.460147, -0.024791, -0.392438, -0.270202, -0.879195, 0.06476, -0.359802, 0.924803, -0.123617, 0.700053, 0.0, 0.0, 0.0, 1.0],
                [0.846484, 0.267824, -0.460147, -0.024791, -0.392438, -0.270202, -0.879195, 0.06476, -0.359802, 0.924803, -0.123617, 0.696043, 0.0, 0.0, 0.0, 1.0],
                [0.846484, 0.267824, -0.460147, -0.024791, -0.392438, -0.270202, -0.879195, 0.06476, -0.359802, 0.924803, -0.123617, 0.692163, 0.0, 0.0, 0.0, 1.0],
                [0.846484, 0.267824, -0.460147, -0.024791, -0.392438, -0.270202, -0.879195, 0.06476, -0.359802, 0.924803, -0.123617, 0.68842, 0.0, 0.0, 0.0, 1.0],
                [0.846484, 0.267824, -0.460147, -0.024791, -0.392438, -0.270202, -0.879195, 0.06476, -0.359802, 0.924803, -0.123617, 0.684819, 0.0, 0.0, 0.0, 1.0],
                [0.846484, 0.267824, -0.460147, -0.024791, -0.392438, -0.270202, -0.879195, 0.06476, -0.359802, 0.924803, -0.123617, 0.681364, 0.0, 0.0, 0.0, 1.0],
                [0.846484, 0.267824, -0.460147, -0.024791, -0.392438, -0.270202, -0.879195, 0.06476, -0.359802, 0.924803, -0.123617, 0.678062, 0.0, 0.0, 0.0, 1.0],
                [0.846484, 0.267824, -0.460147, -0.024791, -0.392438, -0.270202, -0.879195, 0.06476, -0.359802, 0.924803, -0.123617, 0.674918, 0.0, 0.0, 0.0, 1.0],
                [0.846484, 0.267824, -0.460147, -0.024791, -0.392438, -0.270202, -0.879195, 0.06476, -0.359802, 0.924803, -0.123617, 0.671938, 0.0, 0.0, 0.0, 1.0],
                [0.846484, 0.267824, -0.460147, -0.024791, -0.392438, -0.270202, -0.879195, 0.06476, -0.359802, 0.924803, -0.123617, 0.669126, 0.0, 0.0, 0.0, 1.0],
                [0.846484, 0.267824, -0.460147, -0.024791, -0.392438, -0.270202, -0.879195, 0.06476, -0.359802, 0.924803, -0.123617, 0.666488, 0.0, 0.0, 0.0, 1.0],
                [0.846484, 0.267824, -0.460147, -0.024791, -0.392438, -0.270202, -0.879195, 0.06476, -0.359802, 0.924803, -0.123617, 0.66403, 0.0, 0.0, 0.0, 1.0],
                [0.846484, 0.267824, -0.460147, -0.024791, -0.392438, -0.270202, -0.879195, 0.06476, -0.359802, 0.924803, -0.123617, 0.661758, 0.0, 0.0, 0.0, 1.0],
                [0.846484, 0.267824, -0.460147, -0.024791, -0.392438, -0.270202, -0.879195, 0.06476, -0.359802, 0.924803, -0.123617, 0.659675, 0.0, 0.0, 0.0, 1.0],
                [0.846484, 0.267824, -0.460147, -0.024791, -0.392438, -0.270202, -0.879195, 0.06476, -0.359802, 0.924803, -0.123617, 0.657789, 0.0, 0.0, 0.0, 1.0],
                [0.846484, 0.267824, -0.460147, -0.024791, -0.392438, -0.270202, -0.879195, 0.06476, -0.359802, 0.924803, -0.123617, 0.656105, 0.0, 0.0, 0.0, 1.0],
                [0.846484, 0.267824, -0.460147, -0.024791, -0.392438, -0.270202, -0.879195, 0.06476, -0.359802, 0.924803, -0.123617, 0.654627, 0.0, 0.0, 0.0, 1.0],
                [0.846484, 0.267824, -0.460147, -0.024791, -0.392438, -0.270202, -0.879195, 0.06476, -0.359802, 0.924803, -0.123617, 0.653362, 0.0, 0.0, 0.0, 1.0],
                [0.846484, 0.267824, -0.460147, -0.024791, -0.392438, -0.270202, -0.879195, 0.06476, -0.359802, 0.924803, -0.123617, 0.652315, 0.0, 0.0, 0.0, 1.0],
                [0.846484, 0.267824, -0.460147, -0.024791, -0.392438, -0.270202, -0.879195, 0.06476, -0.359802, 0.924803, -0.123617, 0.65149, 0.0, 0.0, 0.0, 1.0],
                [0.846484, 0.267824, -0.460147, -0.024791, -0.392438, -0.270202, -0.879195, 0.06476, -0.359802, 0.924803, -0.123617, 0.650895, 0.0, 0.0, 0.0, 1.0],
                [0.846484, 0.267824, -0.460147, -0.024791, -0.392438, -0.270202, -0.879195, 0.06476, -0.359802, 0.924803, -0.123617, 0.650534, 0.0, 0.0, 0.0, 1.0],
                [0.846484, 0.267824, -0.460147, -0.024791, -0.392438, -0.270202, -0.879195, 0.06476, -0.359802, 0.924803, -0.123617, 0.650412, 0.0, 0.0, 0.0, 1.0]
            ]
        },
        {
            "name": "Thigh_R",
            "time": [0.0, 0.025, 0.05, 0.075, 0.1, 0.125, 0.15, 0.175, 0.2, 0.225, 0.25, 0.275, 0.3, 0.325, 0.35, 0.375, 0.4, 0.425, 0.45, 0.475, 0.5, 0.525, 0.55, 0.575, 0.6, 0.625, 0.65, 0.675, 0.7, 0.725, 0.75, 0.775, 0.8, 0.825, 0.85, 0.875, 0.9, 0.925, 0.95, 0.975, 1.0, 1.025, 1.05, 1.075, 1.1, 1.125, 1.15, 1.175, 1.2, 1.225, 1.25, 1.275, 1.3, 1.325, 1.35, 1.375, 1.4, 1.425, 1.45, 1.475, 1.5, 1.525, 1.55, 1.575, 1.6, 1.625, 1.65, 1.675, 1.7, 1.725, 1.75, 1.775, 1.8, 1.825, 1.85, 1.875, 1.9, 1.925, 1.95, 1.975, 2.0, 2.025, 2.05, 2.075, 2.1, 2.125, 2.15, 2.175, 2.2, 2.225, 2.25, 2.275, 2.3, 2.325, 2.35, 2.375, 2.4, 2.425, 2.45, 2.475, 2.5, 2.525, 2.55, 2.575, 2.6, 2.625, 2.65, 2.675, 2.7, 2.725, 2.75, 2.775, 2.8, 2.825, 2.85, 2.875, 2.9, 2.925, 2.95, 2.975, 3.0, 3.025, 3.05, 3.075, 3.1, 3.125, 3.15, 3.175, 3.2, 3.225, 3.25, 3.275, 3.3, 3.325, 3.35, 3.375, 3.4, 3.425, 3.45, 3.475, 3.5, 3.525, 3.55, 3.575, 3.6, 3.625, 3.65, 3.675, 3.7, 3.725, 3.75, 3.775, 3.8, 3.825, 3.85, 3.875, 3.9, 3.925, 3.95, 3.975, 4.0, 4.025, 4.05, 4.075, 4.1, 4.125, 4.15, 4.175, 4.2, 4.225, 4.25, 4.275, 4.3, 4.325, 4.35, 4.375, 4.4, 4.425, 4.45, 4.475, 4.5],
            "transform": [
                [0.907805, 0.394653, -0.141909, 0.10957, 0.406002, -0.9118, 0.061484, 0.0376, -0.105128, -0.113431, -0.987969, -0.066693, 0.0, 0.0, 0.0, 1.0],
                [0.907805, 0.394655, -0.141904, 0.10957, 0.406002, -0.911801, 0.061473, 0.0376, -0.105127, -0.113419, -0.98797, -0.066693, 0.0, 0.0, 0.0, 1.0],
                [0.907806, 0.39466, -0.141887, 0.10957, 0.406002, -0.911803, 0.061439, 0.0376, -0.105126, -0.113381, -0.987974, -0.066693, 0.0, 0.0, 0.0, 1.0],
                [0.907806, 0.394668, -0.141862, 0.10957, 0.406001, -0.911807, 0.061384, 0.0376, -0.105124, -0.11332, -0.987981, -0.066693, 0.0, 0.0, 0.0, 1.0],
                [0.907807, 0.39468, -0.141825, 0.10957, 0.406001, -0.911813, 0.061306, 0.0376, -0.105122, -0.113234, -0.987992, -0.066693, 0.0, 0.0, 0.0, 1.0],
                [0.907807, 0.394695, -0.141777, 0.10957, 0.406, -0.91182, 0.061205, 0.0376, -0.105118, -0.113124, -0.988004, -0.066693, 0.0, 0.0, 0.0, 1.0],
                [0.907808, 0.394713, -0.141723, 0.10957, 0.405999, -0.911828, 0.061089, 0.0376, -0.105114, -0.112996, -0.98802, -0.066693, 0.0, 0.0, 0.0, 1.0],
                [0.907809, 0.394734, -0.141657, 0.10957, 0.405998, -0.911838, 0.060949, 0.0376, -0.105109, -0.112842, -0.988038, -0.066693, 0.0, 0.0, 0.0, 1.0],
                [0.907811, 0.394758, -0.141581, 0.10957, 0.405996, -0.911849, 0.060789, 0.0376, -0.105104, -0.112666, -0.988058, -0.066693, 0.0, 0.0, 0.0, 1.0],
                [0.907812, 0.394785, -0.141497, 0.10957, 0.405995, -0.911862, 0.060609, 0.0376, -0.105098, -0.112468, -0.988081, -0.066693, 0.0, 0.0, 0.0, 1.0],
                [0.907814, 0.394815, -0.141405, 0.10957, 0.405993, -0.911876, 0.060413, 0.0376, -0.105092, -0.112253, -0.988107, -0.066693, 0.0, 0.0, 0.0, 1.0],
                [0.907815, 0.394847, -0.141303, 0.10957, 0.405991, -0.911891, 0.060198, 0.0376, -0.105084, -0.112016, -0.988134, -0.066693, 0.0, 0.0, 0.0, 1.0],
                [0.907817, 0.394882, -0.141193, 0.10957, 0.405989, -0.911907, 0.059964, 0.0376, -0.105077, -0.111759, -0.988164, -0.066693, 0.0, 0.0, 0.0, 1.0],
                [0.907819, 0.39492, -0.141075, 0.10957, 0.405987, -0.911924, 0.059712, 0.0376, -0.105068, -0.111482, -0.988196, -0.066693, 0.0, 0.0, 0.0, 1.0],
                [0.907821, 0.39496, -0.140949, 0.10957, 0.405985, -0.911943, 0.059445, 0.0376, -0.10506, -0.111189, -0.988231, -0.066693, 0.0, 0.0, 0.0, 1.0],
                [0.907823, 0.395003, -0.140816, 0.10957, 0.405982, -0.911962, 0.059163, 0.0376, -0.10505, -0.110878, -0.988266, -0.066693, 0.0, 0.0, 0.0, 1.0],
                [0.907826, 0.395048, -0.140674, 0.10957, 0.40598, -0.911983, 0.058861, 0.0376, -0.10504, -0.110547, -0.988305, -0.066693, 0.0, 0.0, 0.0, 1.0],
                [0.907828, 0.395095, -0.140526, 0.10957, 0.405977, -0.912004, 0.058546, 0.0376, -0.10503, -0.1102, -0.988344, -0.066693, 0.0, 0.0, 0.0, 1.0],
                [0.90783, 0.395145, -0.14037, 0.10957, 0.405974, -0.912027, 0.058213, 0.0376, -0.105019, -0.109834, -0.988386, -0.066693, 0.0, 0.0, 0.0, 1.0],
                [0.907833, 0.395196, -0.140207, 0.10957, 0.405971, -0.91205, 0.057868, 0.0376, -0.105007, -0.109454, -0.98843, -0.066693, 0.0, 0.0, 0.0, 1.0],
                [0.907836, 0.39525, -0.140038, 0.10957, 0.405968, -0.912075, 0.057509, 0.0376, -0.104995, -0.109059, -0.988475, -0.066693, 0.0, 0.0, 0.0, 1.0],
                [0.907839, 0.395306, -0.139862, 0.10957, 0.405965, -0.912099, 0.057134, 0.0376, -0.104983, -0.108647, -0.988521, -0.066693, 0.0, 0.0, 0.0, 1.0],
                [0.907841, 0.395364, -0.13968, 0.10957, 0.405962, -0.912125, 0.056746, 0.037601, -0.10497, -0.108221, -0.988569, -0.066693, 0.0, 0.0, 0.0, 1.0],
                [0.907844, 0.395423, -0.139492, 0.10957, 0.405958, -0.912151, 0.056346, 0.0376, -0.104957, -0.107781, -0.988619, -0.066693, 0.0, 0.0, 0.0, 1.0],
                [0.907848, 0.395485, -0.139297, 0.10957, 0.405955, -0.912178, 0.055933, 0.0376, -0.104944, -0.107327, -0.98867, -0.066693, 0.0, 0.0, 0.0, 1.0],
                [0.907851, 0.395548, -0.139098, 0.10957, 0.405951, -0.912206, 0.055508, 0.0376, -0.10493, -0.10686, -0.988722, -0.066693, 0.0, 0.0, 0.0, 1.0],
                [0.907854, 0.395612, -0.138893, 0.10957, 0.405948, -0.912234, 0.055071, 0.0376, -0.104916, -0.10638, -0.988775, -0.066693, 0.0, 0.0, 0.0, 1.0],
                [0.907857, 0.395678, -0.138682, 0.10957, 0.405944, -0.912262, 0.054623, 0.0376, -0.104901, -0.105886, -0.988829, -0.066693, 0.0, 0.0, 0.0, 1.0],
                [0.907861, 0.395746, -0.138466, 0.10957, 0.40594, -0.912292, 0.054163, 0.0376, -0.104887, -0.105381, -0.988885, -0.066693, 0.0, 0.0, 0.0, 1.0],
                [0.907864, 0.395815, -0.138246, 0.10957, 0.405936, -0.912321, 0.053695, 0.0376, -0.104871, -0.104867, -0.988941, -0.066693, 0.0, 0.0, 0.0, 1.0],
                [0.907868, 0.395886, -0.138021, 0.10957, 0.405932, -0.912351, 0.053216, 0.0376, -0.104856, -0.10434, -0.988999, -0.066693, 0.0, 0.0, 0.0, 1.0],
                [0.907871, 0.395957, -0.137791, 0.10957, 0.405928, -0.912381, 0.052727, 0.0376, -0.10484, -0.103803, -0.989057, -0.066693, 0.0, 0.0, 0.0, 1.0],
                [0.907875, 0.39603, -0.137557, 0.10957, 0.405924, -0.912411, 0.05223, 0.0376, -0.104825, -0.103256, -0.989116, -0.066693, 0.0, 0.0, 0.0, 1.0],
                [0.907879, 0.396104, -0.137319, 0.10957, 0.40592, -0.912442, 0.051723, 0.0376, -0.104809, -0.102699, -0.989175, -0.066693, 0.0, 0.0, 0.0, 1.0],
                [0.907883, 0.396179, -0.137079, 0.10957, 0.405916, -0.912473, 0.05121, 0.0376, -0.104792, -0.102135, -0.989236, -0.066693, 0.0, 0.0, 0.0, 1.0],
                [0.907886, 0.396255, -0.136834, 0.10957, 0.405912, -0.912504, 0.050689, 0.0376, -0.104776, -0.101562, -0.989296, -0.066693, 0.0, 0.0, 0.0, 1.0],
                [0.90789, 0.396332, -0.136585, 0.10957, 0.405907, -0.912535, 0.05016, 0.0376, -0.104759, -0.10098, -0.989358, -0.066693, 0.0, 0.0, 0.0, 1.0],
                [0.907894, 0.39641, -0.136334, 0.10957, 0.405903, -0.912566, 0.049625, 0.0376, -0.104742, -0.100392, -0.989419, -0.066693, 0.0, 0.0, 0.0, 1.0],
                [0.907898, 0.396488, -0.13608, 0.10957, 0.405899, -0.912597, 0.049084, 0.0376, -0.104725, -0.099798, -0.989481, -0.066693, 0.0, 0.0, 0.0, 1.0],
                [0.907902, 0.396567, -0.135823, 0.10957, 0.405894, -0.912629, 0.048536, 0.0376, -0.104708, -0.099196, -0.989543, -0.066693, 0.0, 0.0, 0.0, 1.0],
                [0.907906, 0.396647, -0.135564, 0.10957, 0.40589, -0.91266, 0.047984, 0.0376, -0.104692, -0.098589, -0.989606, -0.066693, 0.0, 0.0, 0.0, 1.0],
                [0.90791, 0.396727, -0.135303, 0.10957, 0.405886, -0.912691, 0.047428, 0.0376, -0.104674, -0.097978, -0.989668, -0.066693, 0.0, 0.0, 0.0, 1.0],
                [0.907914, 0.396807, -0.13504, 0.10957, 0.405881, -0.912722, 0.046868, 0.0376, -0.104657, -0.097362, -0.989731, -0.066693, 0.0, 0.0, 0.0, 1.0],
                [0.907918, 0.396888, -0.134776, 0.10957, 0.405877, -0.912752, 0.046303, 0.0376, -0.10464, -0.096741, -0.989794, -0.066693, 0.0, 0.0, 0.0, 1.0],
                [0.907922, 0.396969, -0.134509, 0.10957, 0.405872, -0.912783, 0.045735, 0.0376, -0.104622, -0.096117, -0.989856, -0.066693, 0.0, 0.0, 0.0, 1.0],
                [0.907925, 0.397051, -0.134242, 0.10957, 0.405868, -0.912813, 0.045167, 0.0376, -0.104604, -0.095493, -0.989918, -0.066693, 0.0, 0.0, 0.0, 1.0],
                [0.90793, 0.397132, -0.133974, 0.10957, 0.405863, -0.912844, 0.044595, 0.0376, -0.104588, -0.094865, -0.989981, -0.066693, 0.0, 0.0, 0.0, 1.0],
                [0.907934, 0.397213, -0.133706, 0.10957, 0.405859, -0.912873, 0.044024, 0.0376, -0.10457, -0.094236, -0.990043, -0.066693, 0.0, 0.0, 0.0, 1.0],
                [0.907937, 0.397294, -0.133437, 0.10957, 0.405854, -0.912903, 0.04345, 0.0376, -0.104553, -0.093606, -0.990104, -0.066693, 0.0, 0.0, 0.0, 1.0],
