{
    "animation": [
        {
            "name": "Root",
            "time": [0.0, 0.0167, 0.0333, 0.05, 0.0667, 0.0833, 0.1, 0.1167, 0.1333, 0.15, 0.1667, 0.1833, 0.2, 0.2167, 0.2333, 0.25, 0.2667, 0.2833, 0.3, 0.3167, 0.3333, 0.35, 0.3667, 0.3833, 0.4, 0.4167, 0.4333, 0.45, 0.4667, 0.4833, 0.5, 0.5167, 0.5333, 0.55, 0.5667, 0.5833, 0.6, 0.6167, 0.6333, 0.65, 0.6667, 0.6833, 0.7, 0.7167, 0.7333, 0.75, 0.7667, 0.7833, 0.8, 0.8167, 0.8333, 0.85, 0.8667, 0.8833, 0.9, 0.9167, 0.9333, 0.95, 0.9667, 0.9833, 1.0, 1.0167, 1.0333, 1.05, 1.0667, 1.0833, 1.1, 1.1167, 1.1333, 1.15, 1.1667, 1.1833, 1.2, 1.2167, 1.2333, 1.25, 1.2667, 1.2833, 1.3, 1.3167, 1.3333, 1.35, 1.3667, 1.3833, 1.4, 1.4167, 1.4333, 1.45, 1.4667, 1.4833, 1.5, 1.5167, 1.5333, 1.55, 1.5667, 1.5833, 1.6, 1.6167, 1.6333, 1.65, 1.6667, 1.6833, 1.7, 1.7167, 1.7333, 1.75, 1.7667, 1.7833, 1.8, 1.8167, 1.8333, 1.85, 1.8667, 1.8833, 1.9, 1.9167, 1.9333, 1.95, 1.9667, 1.9833, 2.0, 2.0167, 2.0333, 2.05, 2.0667, 2.0833, 2.1, 2.1167, 2.1333, 2.15, 2.1667, 2.1833, 2.2, 2.2167, 2.2333, 2.25, 2.2667, 2.2833, 2.3, 2.3167, 2.3333, 2.35, 2.3667, 2.3833, 2.4, 2.4167, 2.4333, 2.45, 2.4667, 2.4833, 2.5, 2.5167, 2.5333, 2.55, 2.5667, 2.5833, 2.6, 2.6167, 2.6333, 2.65, 2.6667, 2.6833, 2.7, 2.7167, 2.7333, 2.75, 2.7667, 2.7833, 2.8, 2.8167, 2.8333, 2.85, 2.8667, 2.8833, 2.9, 2.9167, 2.9333, 2.95, 2.9667, 2.9833, 3.0, 3.0167, 3.0333, 3.05, 3.0667, 3.0833, 3.1, 3.1167, 3.1333, 3.15, 3.1667, 3.1833, 3.2, 3.2167, 3.2333, 3.25, 3.2667, 3.2833, 3.3, 3.3167, 3.3333, 3.35, 3.3667, 3.3833, 3.4, 3.4167, 3.4333, 3.45, 3.4667, 3.4833, 3.5, 3.5167, 3.5333, 3.55, 3.5667, 3.5833, 3.6, 3.6167, 3.6333, 3.65, 3.6667, 3.6833, 3.7, 3.7167, 3.7333, 3.75, 3.7667, 3.7833, 3.8, 3.8167, 3.8333, 3.85, 3.8667, 3.8833, 3.9, 3.9167, 3.9333, 3.95, 3.9667, 3.9833, 4.0, 4.0167, 4.0333, 4.05, 4.0667, 4.0833, 4.1, 4.1167, 4.1333, 4.15, 4.1667, 4.1833, 4.2, 4.2167, 4.2333, 4.25, 4.2667, 4.2833, 4.3, 4.3167, 4.3333, 4.35, 4.3667, 4.3833, 4.4, 4.4167, 4.4333, 4.45, 4.4667, 4.4833, 4.5, 4.5167, 4.5333, 4.55, 4.5667, 4.5833, 4.6, 4.6167, 4.6333, 4.65, 4.6667],
            "transform": [
                [0.853629, -0.093307, -0.512457, 1.144181, -0.505612, -0.384898, -0.772146, 0.046485, -0.125197, 0.918231, -0.375737, 1.484399, 0.0, 0.0, 0.0, 1.0],
                [0.854742, -0.095756, -0.510145, 1.143928, -0.505226, -0.37883, -0.775393, 0.058639, -0.119009, 0.920499, -0.37218, 1.488199, 0.0, 0.0, 0.0, 1.0],
                [0.858016, -0.102905, -0.503209, 1.142154, -0.503548, -0.361633, -0.784641, 0.09284, -0.101234, 0.926624, -0.362104, 1.499475, 0.0, 0.0, 0.0, 1.0],
                [0.863212, -0.114583, -0.491666, 1.137341, -0.499531, -0.334746, -0.799008, 0.145695, -0.073031, 0.935316, -0.346195, 1.518046, 0.0, 0.0, 0.0, 1.0],
                [0.869927, -0.130734, -0.475536, 1.127967, -0.491892, -0.299625, -0.817476, 0.213814, -0.035611, 0.945057, -0.324959, 1.543729, 0.0, 0.0, 0.0, 1.0],
                [0.877616, -0.151351, -0.454845, 1.112513, -0.479267, -0.257868, -0.838932, 0.293804, 0.009683, 0.954252, -0.298847, 1.576343, 0.0, 0.0, 0.0, 1.0],
                [0.885615, -0.176403, -0.429613, 1.089459, -0.460354, -0.211306, -0.86222, 0.382274, 0.061318, 0.96137, -0.268344, 1.615705, 0.0, 0.0, 0.0, 1.0],
                [0.893182, -0.205771, -0.399856, 1.057284, -0.434058, -0.162044, -0.886191, 0.475831, 0.117558, 0.965091, -0.234051, 1.661632, 0.0, 0.0, 0.0, 1.0],
                [0.899526, -0.239195, -0.365566, 1.014469, -0.399623, -0.112442, -0.909757, 0.571085, 0.176504, 0.964439, -0.196733, 1.713943, 0.0, 0.0, 0.0, 1.0],
                [0.903863, -0.27623, -0.326694, 0.959493, -0.356723, -0.065048, -0.931943, 0.664642, 0.23618, 0.958888, -0.157332, 1.772456, 0.0, 0.0, 0.0, 1.0],
                [0.905452, -0.316221, -0.283127, 0.890837, -0.305508, -0.022478, -0.951924, 0.753111, 0.294655, 0.948419, -0.116961, 1.836988, 0.0, 0.0, 0.0, 1.0],
                [0.903638, -0.358295, -0.234655, 0.80698, -0.246597, 0.01271, -0.969035, 0.833102, 0.350182, 0.933522, -0.076869, 1.907357, 0.0, 0.0, 0.0, 1.0],
                [0.897871, -0.40135, -0.180956, 0.706402, -0.181011, 0.038143, -0.982741, 0.90122, 0.401326, 0.91513, -0.038402, 1.983381, 0.0, 0.0, 0.0, 1.0],
                [0.88771, -0.444056, -0.121591, 0.587584, -0.110076, 0.051734, -0.992576, 0.954076, 0.44705, 0.894504, -0.002955, 2.064878, 0.0, 0.0, 0.0, 1.0],
                [0.872814, -0.484828, -0.056012, 0.449005, -0.035306, 0.051742, -0.998036, 0.988277, 0.486775, 0.873077, 0.028044, 2.151665, 0.0, 0.0, 0.0, 1.0],
                [0.852917, -0.521789, 0.016379, 0.289145, 0.041691, 0.036808, -0.998452, 1.000431, 0.520379, 0.85228, 0.053149, 2.24356, 0.0, 0.0, 0.0, 1.0],
                [0.826636, -0.554386, 0.096582, 0.084808, 0.118699, 0.004009, -0.992922, 0.994515, 0.550075, 0.83225, 0.069119, 2.34005, 0.0, 0.0, 0.0, 1.0],
                [0.792282, -0.581771, 0.183936, -0.176263, 0.193321, -0.046579, -0.980029, 0.976055, 0.57872, 0.812018, 0.075565, 2.439292, 0.0, 0.0, 0.0, 1.0],
                [0.749742, -0.601457, 0.275926, -0.479178, 0.263372, -0.111305, -0.958252, 0.943987, 0.607059, 0.791113, 0.074957, 2.539116, 0.0, 0.0, 0.0, 1.0],
                [0.699851, -0.611449, 0.36924, -0.809049, 0.326453, -0.185983, -0.926736, 0.897243, 0.635324, 0.769116, 0.069449, 2.637348, 0.0, 0.0, 0.0, 1.0],
                [0.644542, -0.610729, 0.459973, -1.150986, 0.380303, -0.265816, -0.88584, 0.834757, 0.663276, 0.74589, 0.060932, 2.731816, 0.0, 0.0, 0.0, 1.0],
                [0.58681, -0.599701, 0.544071, -1.4901, 0.423255, -0.345644, -0.837488, 0.755464, 0.690297, 0.721727, 0.050999, 2.820348, 0.0, 0.0, 0.0, 1.0],
                [0.530448, -0.580395, 0.617872, -1.811502, 0.454621, -0.420422, -0.785217, 0.658296, 0.715503, 0.697414, 0.040848, 2.90077, 0.0, 0.0, 0.0, 1.0],
                [0.479605, -0.556353, 0.678565, -2.100303, 0.474858, -0.485732, -0.733876, 0.542188, 0.737895, 0.674193, 0.031229, 2.97091, 0.0, 0.0, 0.0, 1.0],
                [0.437368, -0.531502, 0.725407, -2.345037, 0.48579, -0.539189, -0.687956, 0.406284, 0.756781, 0.653285, 0.022375, 3.029428, 0.0, 0.0, 0.0, 1.0],
                [0.402441, -0.507013, 0.76222, -2.547931, 0.490822, -0.583328, -0.647164, 0.250568, 0.772745, 0.63456, 0.014098, 3.078313, 0.0, 0.0, 0.0, 1.0],
                [0.371846, -0.482227, 0.793214, -2.714634, 0.492838, -0.621564, -0.608909, 0.075235, 0.786665, 0.617346, 0.006533, 3.120387, 0.0, 0.0, 0.0, 1.0],
                [0.342187, -0.455529, 0.821828, -2.850797, 0.493875, -0.656878, -0.569736, -0.11952, 0.799372, 0.600837, 0.000199, 3.158471, 0.0, 0.0, 0.0, 1.0],
                [0.309827, -0.424569, 0.850734, -2.962068, 0.495243, -0.691737, -0.52558, -0.333501, 0.811629, 0.584159, -0.004054, 3.195386, 0.0, 0.0, 0.0, 1.0],
                [0.27095, -0.386328, 0.881667, -3.054097, 0.497469, -0.727933, -0.471845, -0.566514, 0.824082, 0.566448, -0.005047, 3.233954, 0.0, 0.0, 0.0, 1.0],
                [0.221601, -0.337121, 0.91501, -3.132535, 0.500058, -0.766281, -0.40343, -0.818364, 0.837159, 0.546958, -0.001229, 3.276997, 0.0, 0.0, 0.0, 1.0],
                [0.164342, -0.267227, 0.949516, -3.201638, 0.50636, -0.803238, -0.3137, -1.087209, 0.846517, 0.532352, 0.003308, 3.326381, 0.0, 0.0, 0.0, 1.0],
                [0.104214, -0.174866, 0.979061, -3.260094, 0.517433, -0.831168, -0.203528, -1.364618, 0.849354, 0.527809, 0.003862, 3.38016, 0.0, 0.0, 0.0, 1.0],
                [0.041664, -0.069129, 0.996737, -3.305198, 0.528846, -0.844872, -0.080703, -1.640513, 0.847695, 0.530483, 0.001358, 3.43543, 0.0, 0.0, 0.0, 1.0],
                [-0.021704, 0.039281, 0.998993, -3.334243, 0.537228, -0.842247, 0.04479, -1.904816, 0.843158, 0.537659, -0.002822, 3.48929, 0.0, 0.0, 0.0, 1.0],
                [-0.083331, 0.139292, 0.986739, -3.344527, 0.540718, -0.825422, 0.162184, -2.14745, 0.837067, 0.547062, -0.006534, 3.538837, 0.0, 0.0, 0.0, 1.0],
                [-0.140697, 0.222934, 0.964627, -3.335716, 0.53914, -0.799932, 0.263508, -2.360902, 0.83038, 0.557144, -0.007645, 3.581992, 0.0, 0.0, 0.0, 1.0],
                [-0.193051, 0.291341, 0.936938, -3.307327, 0.533259, -0.770409, 0.349434, -2.547926, 0.82363, 0.567089, -0.006632, 3.619966, 0.0, 0.0, 0.0, 1.0],
                [-0.240288, 0.348133, 0.906126, -3.256428, 0.523545, -0.739585, 0.422983, -2.713841, 0.817412, 0.576035, -0.00455, 3.654794, 0.0, 0.0, 0.0, 1.0],
                [-0.282382, 0.397009, 0.873295, -3.180087, 0.510043, -0.708877, 0.487186, -2.863966, 0.812476, 0.582991, -0.002317, 3.68851, 0.0, 0.0, 0.0, 1.0],
                [-0.319254, 0.441522, 0.838531, -3.07537, 0.492425, -0.678714, 0.544853, -3.003621, 0.809688, 0.58686, -0.000735, 3.723148, 0.0, 0.0, 0.0, 1.0],
                [-0.350649, 0.484991, 0.801142, -2.939343, 0.470051, -0.648753, 0.598474, -3.138124, 0.809998, 0.586432, -0.000486, 3.760741, 0.0, 0.0, 0.0, 1.0],
                [-0.376004, 0.530423, 0.759784, -2.769076, 0.442028, -0.617971, 0.650172, -3.272795, 0.814391, 0.580313, -0.002102, 3.803324, 0.0, 0.0, 0.0, 1.0],
                [-0.394283, 0.580402, 0.712513, -2.561633, 0.407295, -0.584654, 0.701635, -3.412953, 0.823804, 0.566845, -0.005876, 3.852931, 0.0, 0.0, 0.0, 1.0],
                [-0.40378, 0.636857, 0.656791, -2.314084, 0.364759, -0.546317, 0.753982, -3.563918, 0.838995, 0.544013, -0.011708, 3.911596, 0.0, 0.0, 0.0, 1.0],
                [-0.402439, 0.699686, 0.590324, -2.02644, 0.314256, -0.500073, 0.806952, -3.727761, 0.859818, 0.510261, -0.018632, 3.979806, 0.0, 0.0, 0.0, 1.0],
                [-0.389401, 0.764041, 0.514401, -1.710501, 0.258971, -0.445134, 0.857199, -3.893569, 0.883912, 0.467009, -0.024529, 4.051863, 0.0, 0.0, 0.0, 1.0],
                [-0.365147, 0.824388, 0.432495, -1.38101, 0.203207, -0.38279, 0.901209, -4.047181, 0.908501, 0.41696, -0.027747, 4.120521, 0.0, 0.0, 0.0, 1.0],
                [-0.33172, 0.876353, 0.34924, -1.052712, 0.151211, -0.316022, 0.936625, -4.174437, 0.931181, 0.363505, -0.027683, 4.178533, 0.0, 0.0, 0.0, 1.0],
                [-0.292608, 0.917365, 0.269854, -0.74035, 0.106631, -0.249143, 0.962579, -4.261175, 0.950268, 0.310433, -0.024919, 4.218654, 0.0, 0.0, 0.0, 1.0],
                [-0.252261, 0.946881, 0.199451, -0.458669, 0.072138, -0.187142, 0.979681, -4.293234, 0.964967, 0.261523, -0.021098, 4.233637, 0.0, 0.0, 0.0, 1.0],
                [-0.214781, 0.966333, 0.141667, -0.218964, 0.048779, -0.134257, 0.989745, -4.291413, 0.975443, 0.219488, -0.018301, 4.231026, 0.0, 0.0, 0.0, 1.0],
                [-0.181251, 0.978743, 0.095972, -0.018725, 0.034773, -0.091149, 0.99523, -4.286197, 0.982822, 0.183724, -0.017513, 4.223374, 0.0, 0.0, 0.0, 1.0],
                [-0.151408, 0.986608, 0.060667, 0.148005, 0.027963, -0.057074, 0.997979, -4.277955, 0.988076, 0.152799, -0.018947, 4.210958, 0.0, 0.0, 0.0, 1.0],
                [-0.124526, 0.991634, 0.033996, 0.287185, 0.026506, -0.030925, 0.99917, -4.267056, 0.991862, 0.125323, -0.022433, 4.194048, 0.0, 0.0, 0.0, 1.0],
                [-0.099617, 0.994924, 0.01425, 0.404772, 0.02882, -0.01143, 0.99952, -4.253872, 0.994609, 0.099979, -0.027535, 4.172922, 0.0, 0.0, 0.0, 1.0],
                [-0.075556, 0.997141, -0.000209, 0.506726, 0.033528, 0.002749, 0.999434, -4.23877, 0.996578, 0.075506, -0.03364, 4.147851, 0.0, 0.0, 0.0, 1.0],
                [-0.051156, 0.998631, -0.01095, 0.599005, 0.039394, 0.012974, 0.99914, -4.222123, 0.997913, 0.05068, -0.040003, 4.119112, 0.0, 0.0, 0.0, 1.0],
                [-0.025212, 0.999492, -0.019491, 0.687566, 0.04528, 0.020619, 0.998762, -4.204298, 0.998656, 0.024298, -0.045777, 4.086976, 0.0, 0.0, 0.0, 1.0],
                [0.003227, 0.999628, -0.027076, 0.777316, 0.050313, 0.026879, 0.998372, -4.185623, 0.998728, -0.004584, -0.050208, 4.051714, 0.0, 0.0, 0.0, 1.0],
                [0.034099, 0.998839, -0.034041, 0.868954, 0.054411, 0.032155, 0.998001, -4.16626, 0.997936, -0.035884, -0.053251, 4.013573, 0.0, 0.0, 0.0, 1.0],
                [0.067072, 0.996926, -0.040495, 0.962128, 0.05768, 0.036644, 0.997662, -4.146326, 0.99608, -0.069252, -0.055045, 3.972792, 0.0, 0.0, 0.0, 1.0],
                [0.101786, 0.993717, -0.04654, 1.056484, 0.060231, 0.040542, 0.997361, -4.125941, 0.992981, -0.104321, -0.055726, 3.929613, 0.0, 0.0, 0.0, 1.0],
                [0.137855, 0.989072, -0.052282, 1.15167, 0.062176, 0.04404, 0.997093, -4.105223, 0.988499, -0.140705, -0.055425, 3.884279, 0.0, 0.0, 0.0, 1.0],
                [0.174871, 0.982892, -0.057828, 1.247331, 0.063639, 0.047327, 0.99685, -4.084291, 0.982532, -0.178001, -0.054274, 3.837031, 0.0, 0.0, 0.0, 1.0],
                [0.212408, 0.975129, -0.063294, 1.343116, 0.06475, 0.050584, 0.996619, -4.063265, 0.975033, -0.215789, -0.052395, 3.788108, 0.0, 0.0, 0.0, 1.0],
                [0.250027, 0.965791, -0.068803, 1.438672, 0.065655, 0.053985, 0.996381, -4.042261, 0.96601, -0.253639, -0.049911, 3.737754, 0.0, 0.0, 0.0, 1.0],
                [0.287282, 0.954945, -0.074489, 1.533646, 0.066507, 0.057692, 0.996117, -4.021399, 0.955534, -0.291121, -0.046937, 3.686209, 0.0, 0.0, 0.0, 1.0],
                [0.323735, 0.942717, -0.080496, 1.627684, 0.067472, 0.061858, 0.995802, -4.000798, 0.943739, -0.327808, -0.043581, 3.633715, 0.0, 0.0, 0.0, 1.0],
                [0.358955, 0.929293, -0.086981, 1.720433, 0.068723, 0.066624, 0.995409, -3.980576, 0.930821, -0.363284, -0.039949, 3.580513, 0.0, 0.0, 0.0, 1.0],
                [0.392528, 0.914912, -0.094109, 1.811542, 0.07044, 0.072116, 0.994905, -3.960853, 0.917038, -0.397157, -0.036139, 3.526843, 0.0, 0.0, 0.0, 1.0],
                [0.424067, 0.899862, -0.102057, 1.900656, 0.072805, 0.078453, 0.994256, -3.941746, 0.9027, -0.429061, -0.032245, 3.472948, 0.0, 0.0, 0.0, 1.0],
                [0.453207, 0.884466, -0.11101, 1.987423, 0.076001, 0.085741, 0.993414, -3.923375, 0.888159, -0.458659, -0.028362, 3.419069, 0.0, 0.0, 0.0, 1.0],
                [0.479612, 0.869076, -0.121159, 2.07149, 0.080203, 0.094081, 0.992329, -3.905858, 0.873807, -0.48565, -0.02458, 3.365448, 0.0, 0.0, 0.0, 1.0],
                [0.502968, 0.854057, -0.132702, 2.152504, 0.085581, 0.103569, 0.990933, -3.889314, 0.860058, -0.509765, -0.020999, 3.312324, 0.0, 0.0, 0.0, 1.0],
                [0.522978, 0.839777, -0.145836, 2.230112, 0.092288, 0.114303, 0.98915, -3.873861, 0.847335, -0.530762, -0.017723, 3.259941, 0.0, 0.0, 0.0, 1.0],
                [0.539354, 0.826592, -0.16076, 2.303961, 0.10046, 0.126384, 0.986882, -3.859619, 0.836065, -0.548428, -0.014874, 3.208538, 0.0, 0.0, 0.0, 1.0],
                [0.551806, 0.814828, -0.177667, 2.373698, 0.110208, 0.139922, 0.984011, -3.846705, 0.826659, -0.562563, -0.012591, 3.158359, 0.0, 0.0, 0.0, 1.0],
                [0.560028, 0.804775, -0.196738, 2.43897, 0.121614, 0.155041, 0.980394, -3.835239, 0.819499, -0.572974, -0.011045, 3.109643, 0.0, 0.0, 0.0, 1.0],
                [0.563686, 0.796664, -0.218137, 2.499424, 0.134721, 0.171881, 0.975862, -3.82534, 0.814928, -0.579468, -0.01044, 3.062631, 0.0, 0.0, 0.0, 1.0],
                [0.562407, 0.790654, -0.242001, 2.554708, 0.149522, 0.190601, 0.970214, -3.817126, 0.813229, -0.58184, -0.011025, 3.017567, 0.0, 0.0, 0.0, 1.0],
                [0.553992, 0.786562, -0.272785, 2.604567, 0.17001, 0.213871, 0.961954, -3.810528, 0.814978, -0.579292, -0.01524, 2.974622, 0.0, 0.0, 0.0, 1.0],
                [0.536702, 0.783149, -0.314052, 2.649143, 0.199162, 0.244103, 0.949077, -3.80473, 0.81993, -0.571919, -0.024963, 2.9337, 0.0, 0.0, 0.0, 1.0],
                [0.510592, 0.778764, -0.364448, 2.688674, 0.235329, 0.281108, 0.930376, -3.798726, 0.826992, -0.560807, -0.039735, 2.894635, 0.0, 0.0, 0.0, 1.0],
                [0.475616, 0.771597, -0.422407, 2.723403, 0.276696, 0.324594, 0.904477, -3.791514, 0.835002, -0.547062, -0.059116, 2.857262, 0.0, 0.0, 0.0, 1.0],
                [0.431844, 0.75976, -0.486082, 2.753568, 0.321246, 0.374021, 0.870006, -3.782089, 0.8428, -0.531859, -0.082551, 2.821415, 0.0, 0.0, 0.0, 1.0],
                [0.379661, 0.741403, -0.553334, 2.77941, 0.366774, 0.428476, 0.825763, -3.769445, 0.849314, -0.516459, -0.109252, 2.786929, 0.0, 0.0, 0.0, 1.0],
                [0.319936, 0.714865, -0.621779, 2.801169, 0.410979, 0.486601, 0.770919, -3.75258, 0.853661, -0.502182, -0.138113, 2.753639, 0.0, 0.0, 0.0, 1.0],
                [0.253147, 0.679559, -0.688561, 2.819483, 0.451133, 0.546698, 0.705409, -3.730517, 0.855801, -0.489205, -0.168177, 2.721391, 0.0, 0.0, 0.0, 1.0],
                [0.18006, 0.635786, -0.750569, 2.834985, 0.484522, 0.606726, 0.630177, -3.702392, 0.856047, -0.477137, -0.198805, 2.690081, 0.0, 0.0, 0.0, 1.0],
                [0.102902, 0.583969, -0.805228, 2.84791, 0.509239, 0.664463, 0.54696, -3.66737, 0.854451, -0.466336, -0.229005, 2.659613, 0.0, 0.0, 0.0, 1.0],
                [0.024406, 0.525205, -0.850625, 2.858492, 0.52406, 0.717874, 0.458277, -3.624614, 0.851332, -0.456964, -0.257719, 2.629896, 0.0, 0.0, 0.0, 1.0],
                [-0.052452, 0.461178, -0.885756, 2.866965, 0.528594, 0.765351, 0.367186, -3.57329, 0.847252, -0.448946, -0.28392, 2.600834, 0.0, 0.0, 0.0, 1.0],
                [-0.124767, 0.393958, -0.910621, 2.873564, 0.523303, 0.805887, 0.276949, -3.512561, 0.842964, -0.441977, -0.306707, 2.572335, 0.0, 0.0, 0.0, 1.0],
                [-0.189967, 0.32577, -0.926168, 2.878523, 0.509378, 0.839151, 0.190684, -3.441591, 0.839313, -0.435546, -0.325351, 2.544304, 0.0, 0.0, 0.0, 1.0],
                [-0.245991, 0.258771, -0.934091, 2.882077, 0.488523, 0.865449, 0.111104, -3.359546, 0.837158, -0.428994, -0.339309, 2.516649, 0.0, 0.0, 0.0, 1.0],
                [-0.291334, 0.194893, -0.936559, 2.884459, 0.462684, 0.885604, 0.040363, -3.265589, 0.837286, -0.421571, -0.34818, 2.489276, 0.0, 0.0, 0.0, 1.0],
                [-0.324977, 0.135768, -0.935926, 2.885904, 0.433803, 0.900787, -0.019956, -3.158885, 0.840361, -0.412493, -0.351631, 2.46209, 0.0, 0.0, 0.0, 1.0],
                [-0.346251, 0.082748, -0.934485, 2.886645, 0.403614, 0.912342, -0.068762, -3.038598, 0.84688, -0.40098, -0.349298, 2.435, 0.0, 0.0, 0.0, 1.0],
                [-0.354656, 0.036989, -0.934265, 2.886919, 0.373503, 0.921634, -0.105297, -2.903892, 0.857155, -0.386295, -0.340678, 2.40791, 0.0, 0.0, 0.0, 1.0],
                [-0.349672, -0.000423, -0.936872, 2.886958, 0.344408, 0.92992, -0.128964, -2.753932, 0.871271, -0.367761, -0.325022, 2.380727, 0.0, 0.0, 0.0, 1.0],
                [-0.336664, -0.032815, -0.941053, 2.880281, 0.316407, 0.93734, -0.145881, -2.58832, 0.886873, -0.346869, -0.305185, 2.353399, 0.0, 0.0, 0.0, 1.0],
                [-0.321484, -0.064322, -0.944728, 2.860655, 0.289553, 0.943223, -0.162753, -2.408415, 0.901558, -0.325871, -0.284607, 2.32604, 0.0, 0.0, 0.0, 1.0],
                [-0.304242, -0.095062, -0.94784, 2.828687, 0.264346, 0.947504, -0.179879, -2.216011, 0.915182, -0.305285, -0.263141, 2.298805, 0.0, 0.0, 0.0, 1.0],
                [-0.285046, -0.125205, -0.950301, 2.784985, 0.241265, 0.950139, -0.197552, -2.012906, 0.927653, -0.285586, -0.240626, 2.271847, 0.0, 0.0, 0.0, 1.0],
                [-0.264001, -0.154973, -0.951991, 2.730157, 0.220767, 0.951097, -0.216049, -1.800896, 0.938917, -0.267205, -0.216877, 2.245324, 0.0, 0.0, 0.0, 1.0],
                [-0.241198, -0.184634, -0.952751, 2.664809, 0.203295, 0.950341, -0.235633, -1.581776, 0.948944, -0.250524, -0.191685, 2.219388, 0.0, 0.0, 0.0, 1.0],
                [-0.216718, -0.214499, -0.952378, 2.58955, 0.189289, 0.947815, -0.256545, -1.357343, 0.957707, -0.235873, -0.164806, 2.194196, 0.0, 0.0, 0.0, 1.0],
                [-0.190635, -0.244921, -0.950617, 2.504987, 0.179191, 0.943424, -0.279002, -1.129393, 0.965168, -0.22353, -0.135962, 2.169902, 0.0, 0.0, 0.0, 1.0],
                [-0.163022, -0.276288, -0.947148, 2.411727, 0.173463, 0.93701, -0.303187, -0.899721, 0.971254, -0.213721, -0.104827, 2.146661, 0.0, 0.0, 0.0, 1.0],
                [-0.133959, -0.309026, -0.941572, 2.310378, 0.172595, 0.928339, -0.329238, -0.670125, 0.975841, -0.206615, -0.071023, 2.124629, 0.0, 0.0, 0.0, 1.0],
                [-0.103556, -0.343586, -0.933395, 2.201548, 0.177121, 0.91707, -0.357227, -0.4424, 0.978726, -0.202316, -0.034112, 2.103959, 0.0, 0.0, 0.0, 1.0],
                [-0.071975, -0.380443, -0.921999, 2.085843, 0.187626, 0.90273, -0.387138, -0.218343, 0.9796, -0.200855, 0.006407, 2.084807, 0.0, 0.0, 0.0, 1.0],
                [-0.039464, -0.42008, -0.906629, 1.963871, 0.204752, 0.884682, -0.418824, 0.000252, 0.978018, -0.202162, 0.051099, 2.067328, 0.0, 0.0, 0.0, 1.0],
                [-0.006407, -0.462963, -0.886355, 1.83624, 0.229191, 0.862098, -0.45195, 0.211586, 0.97336, -0.20604, 0.100584, 2.051677, 0.0, 0.0, 0.0, 1.0],
                [0.026615, -0.5095, -0.860058, 1.703558, 0.261658, 0.833918, -0.485918, 0.413865, 0.964793, -0.212109, 0.15551, 2.038009, 0.0, 0.0, 0.0, 1.0],
                [0.05874, -0.559981, -0.82642, 1.566431, 0.302845, 0.798832, -0.519762, 0.605292, 0.951228, -0.219747, 0.216511, 2.026479, 0.0, 0.0, 0.0, 1.0],
                [0.088729, -0.614474, -0.783932, 1.425467, 0.353315, 0.755275, -0.552022, 0.78407, 0.931287, -0.227994, 0.284118, 2.017241, 0.0, 0.0, 0.0, 1.0],
                [0.114852, -0.672685, -0.730961, 1.281275, 0.413348, 0.701466, -0.580594, 0.948405, 0.903301, -0.235459, 0.358618, 2.01045, 0.0, 0.0, 0.0, 1.0],
                [0.134791, -0.733765, -0.665899, 1.13446, 0.482696, 0.635525, -0.602588, 1.0965, 0.865353, -0.240203, 0.439849, 2.006262, 0.0, 0.0, 0.0, 1.0],
                [0.145592, -0.796077, -0.587422, 0.985631, 0.560253, 0.555713, -0.614247, 1.226558, 0.815426, -0.239675, 0.526912, 2.004832, 0.0, 0.0, 0.0, 1.0],
                [0.147547, -0.856278, -0.494993, 0.835403, 0.644902, 0.46274, -0.608254, 1.337343, 0.749887, -0.229476, 0.620492, 2.009132, 0.0, 0.0, 0.0, 1.0],
                [0.140174, -0.910315, -0.389459, 0.684418, 0.733059, 0.35982, -0.577195, 1.429852, 0.665565, -0.204589, 0.717752, 2.020803, 0.0, 0.0, 0.0, 1.0],
                [0.11948, -0.954374, -0.27367, 0.533325, 0.81794, 0.25086, -0.517729, 1.505645, 0.56276, -0.161987, 0.810593, 2.038002, 0.0, 0.0, 0.0, 1.0],
                [0.082937, -0.984779, -0.152751, 0.382776, 0.891975, 0.141711, -0.429301, 1.566278, 0.444413, -0.100645, 0.89015, 2.058887, 0.0, 0.0, 0.0, 1.0],
                [0.030315, -0.998976, -0.033576, 0.23342, 0.9482, 0.039369, -0.315226, 1.613309, 0.316225, -0.02228, 0.948423, 2.081614, 0.0, 0.0, 0.0, 1.0],
                [-0.035945, -0.996418, 0.076543, 0.085907, 0.981922, -0.049457, -0.18271, 1.648296, 0.185841, 0.068592, 0.980183, 2.104342, 0.0, 0.0, 0.0, 1.0],
                [-0.110823, -0.979008, 0.171057, -0.059432, 0.991924, -0.119642, -0.042105, 1.672796, 0.061687, 0.16501, 0.984361, 2.125226, 0.0, 0.0, 0.0, 1.0],
                [-0.188541, -0.950561, 0.246751, -0.201788, 0.980793, -0.16947, 0.096566, 1.688368, -0.049975, 0.260218, 0.964256, 2.142426, 0.0, 0.0, 0.0, 1.0],
                [-0.266818, -0.913827, 0.306153, -0.337306, 0.952272, -0.20111, 0.229637, 1.696569, -0.148277, 0.352811, 0.923871, 2.154096, 0.0, 0.0, 0.0, 1.0],
                [-0.330511, -0.87975, 0.341763, -0.475051, 0.917166, -0.213965, 0.336192, 1.698957, -0.22264, 0.424569, 0.877595, 2.158396, 0.0, 0.0, 0.0, 1.0],
                [-0.37976, -0.852296, 0.359687, -0.625264, 0.88222, -0.216683, 0.418015, 1.689448, -0.278334, 0.476068, 0.8342, 2.157645, 0.0, 0.0, 0.0, 1.0],
                [-0.426139, -0.8258, 0.369405, -0.788225, 0.84405, -0.215987, 0.490845, 1.66174, -0.325553, 0.520964, 0.789057, 2.155497, 0.0, 0.0, 0.0, 1.0],
                [-0.469272, -0.800896, 0.371952, -0.961722, 0.803939, -0.213221, 0.555175, 1.617057, -0.365329, 0.559555, 0.743931, 2.152106, 0.0, 0.0, 0.0, 1.0],
                [-0.50904, -0.777981, 0.368272, -1.143545, 0.762798, -0.209523, 0.61175, 1.556622, -0.398769, 0.592323, 0.700098, 2.147629, 0.0, 0.0, 0.0, 1.0],
                [-0.545496, -0.757257, 0.359161, -1.331481, 0.721209, -0.205815, 0.661436, 1.481661, -0.426956, 0.61984, 0.658412, 2.142219, 0.0, 0.0, 0.0, 1.0],
                [-0.578803, -0.738777, 0.345248, -1.52332, 0.679473, -0.202827, 0.705109, 1.393398, -0.450892, 0.642705, 0.619376, 2.136033, 0.0, 0.0, 0.0, 1.0],
                [-0.609181, -0.722479, 0.32699, -1.716849, 0.637664, -0.201118, 0.743597, 1.293057, -0.47147, 0.661495, 0.583216, 2.129226, 0.0, 0.0, 0.0, 1.0],
                [-0.636866, -0.708214, 0.30469, -1.909857, 0.595679, -0.20111, 0.777639, 1.181864, -0.489458, 0.676748, 0.549948, 2.121953, 0.0, 0.0, 0.0, 1.0],
                [-0.662073, -0.695768, 0.278506, -2.100133, 0.553279, -0.203112, 0.807853, 1.061042, -0.505511, 0.68895, 0.519429, 2.114369, 0.0, 0.0, 0.0, 1.0],
                [-0.684981, -0.684877, 0.248484, -2.285466, 0.510123, -0.207346, 0.834735, 0.931816, -0.520169, 0.698535, 0.4914, 2.10663, 0.0, 0.0, 0.0, 1.0],
                [-0.705705, -0.675234, 0.214571, -2.463643, 0.465793, -0.21396, 0.858638, 0.795411, -0.533871, 0.70589, 0.465512, 2.098891, 0.0, 0.0, 0.0, 1.0],
                [-0.724282, -0.666493, 0.176644, -2.632454, 0.419816, -0.223045, 0.879775, 0.653051, -0.546964, 0.711364, 0.441352, 2.091307, 0.0, 0.0, 0.0, 1.0],
                [-0.740659, -0.658274, 0.134534, -2.789687, 0.371689, -0.234636, 0.898217, 0.505961, -0.559706, 0.715277, 0.418459, 2.084033, 0.0, 0.0, 0.0, 1.0],
                [-0.754674, -0.650165, 0.088052, -2.93313, 0.320897, -0.248713, 0.913875, 0.355365, -0.57227, 0.717933, 0.396333, 2.077226, 0.0, 0.0, 0.0, 1.0],
                [-0.766045, -0.64172, 0.037021, -3.060573, 0.266934, -0.265198, 0.926508, 0.202488, -0.584741, 0.719628, 0.37445, 2.07104, 0.0, 0.0, 0.0, 1.0],
                [-0.774359, -0.63247, -0.018686, -3.169803, 0.209336, -0.283945, 0.93571, 0.048554, -0.597115, 0.720664, 0.352274, 2.06563, 0.0, 0.0, 0.0, 1.0],
                [-0.77907, -0.621926, -0.079109, -3.258609, 0.147716, -0.304724, 0.940916, -0.105212, -0.609287, 0.721353, 0.32927, 2.061153, 0.0, 0.0, 0.0, 1.0],
                [-0.779493, -0.6096, -0.144147, -3.32478, 0.081806, -0.32721, 0.941404, -0.257586, -0.621046, 0.722026, 0.304927, 2.057762, 0.0, 0.0, 0.0, 1.0],
                [-0.774829, -0.595023, -0.213512, -3.366104, 0.011505, -0.350961, 0.936319, -0.407343, -0.632066, 0.723031, 0.278781, 2.055614, 0.0, 0.0, 0.0, 1.0],
                [-0.764191, -0.57778, -0.286676, -3.380371, -0.063057, -0.37541, 0.924711, -0.553259, -0.6419, 0.724733, 0.250452, 2.054863, 0.0, 0.0, 0.0, 1.0],
                [-0.745526, -0.558437, -0.363784, -3.377743, -0.141043, -0.401273, 0.905034, -0.694292, -0.651381, 0.726036, 0.220395, 2.06082, 0.0, 0.0, 0.0, 1.0],
                [-0.716779, -0.537347, -0.444396, -3.370038, -0.221004, -0.429388, 0.875662, -0.830139, -0.661352, 0.725868, 0.18902, 2.077868, 0.0, 0.0, 0.0, 1.0],
                [-0.677149, -0.513889, -0.526676, -3.357521, -0.301443, -0.459204, 0.835623, -0.960678, -0.671269, 0.724603, 0.156041, 2.104776, 0.0, 0.0, 0.0, 1.0],
                [-0.62611, -0.487556, -0.608503, -3.340459, -0.380553, -0.490069, 0.784227, -1.085788, -0.680563, 0.722579, 0.121296, 2.14031, 0.0, 0.0, 0.0, 1.0],
                [-0.563523, -0.457987, -0.687524, -3.319118, -0.456272, -0.52124, 0.721197, -1.205347, -0.688663, 0.720109, 0.084764, 2.183239, 0.0, 0.0, 0.0, 1.0],
                [-0.489753, -0.425006, -0.761257, -3.293764, -0.526388, -0.551903, 0.646775, -1.319235, -0.695023, 0.717477, 0.046578, 2.23233, 0.0, 0.0, 0.0, 1.0],
                [-0.405726, -0.388656, -0.827244, -3.264663, -0.588693, -0.581224, 0.561799, -1.427331, -0.699161, 0.71493, 0.007019, 2.286351, 0.0, 0.0, 0.0, 1.0],
                [-0.312949, -0.349206, -0.883243, -3.232081, -0.641158, -0.608405, 0.467718, -1.529513, -0.700699, 0.71267, -0.033496, 2.344069, 0.0, 0.0, 0.0, 1.0],
                [-0.213441, -0.307143, -0.927419, -3.196285, -0.682114, -0.632748, 0.366539, -1.62566, -0.699402, 0.71084, -0.074452, 2.404251, 0.0, 0.0, 0.0, 1.0],
                [-0.109606, -0.26313, -0.958514, -3.15754, -0.710414, -0.65372, 0.260694, -1.715652, -0.695197, 0.709515, -0.115279, 2.465666, 0.0, 0.0, 0.0, 1.0],
                [-0.004051, -0.217954, -0.975951, -3.116114, -0.725528, -0.671002, 0.152863, -1.799367, -0.688182, 0.708698, -0.155413, 2.527081, 0.0, 0.0, 0.0, 1.0],
                [0.100626, -0.17245, -0.979865, -3.072271, -0.727571, -0.684506, 0.045752, -1.876684, -0.678613, 0.708317, -0.194349, 2.587264, 0.0, 0.0, 0.0, 1.0],
                [0.202028, -0.127429, -0.971054, -3.026278, -0.717259, -0.69438, -0.058104, -1.947482, -0.666877, 0.708236, -0.231684, 2.644982, 0.0, 0.0, 0.0, 1.0],
                [0.298117, -0.083616, -0.95086, -2.978402, -0.695795, -0.700982, -0.156505, -2.01164, -0.653449, 0.70826, -0.267155, 2.699003, 0.0, 0.0, 0.0, 1.0],
                [0.387313, -0.041603, -0.921009, -2.928909, -0.664722, -0.704834, -0.247698, -2.069036, -0.638853, 0.708151, -0.300646, 2.748094, 0.0, 0.0, 0.0, 1.0],
                [0.468521, -0.001828, -0.883451, -2.878064, -0.625765, -0.706579, -0.3304, -2.119551, -0.623623, 0.707632, -0.332191, 2.791023, 0.0, 0.0, 0.0, 1.0],
                [0.541121, 0.035432, -0.840198, -2.826134, -0.580686, -0.706931, -0.403797, -2.163062, -0.608269, 0.706395, -0.36196, 2.826557, 0.0, 0.0, 0.0, 1.0],
                [0.604896, 0.070046, -0.793217, -2.773385, -0.531167, -0.706641, -0.467461, -2.199449, -0.593264, 0.704097, -0.390239, 2.853464, 0.0, 0.0, 0.0, 1.0],
                [0.659959, 0.102008, -0.744344, -2.720083, -0.478725, -0.70647, -0.52127, -2.22859, -0.57903, 0.700353, -0.417408, 2.870513, 0.0, 0.0, 0.0, 1.0],
                [0.706655, 0.131404, -0.695249, -2.666495, -0.424668, -0.707178, -0.565293, -2.250364, -0.565947, 0.694717, -0.443928, 2.876469, 0.0, 0.0, 0.0, 1.0],
                [0.746887, 0.159277, -0.645593, -2.612845, -0.36953, -0.707742, -0.60212, -2.267796, -0.552817, 0.688282, -0.469746, 2.876448, 0.0, 0.0, 0.0, 1.0],
                [0.78222, 0.186431, -0.594454, -2.559194, -0.313543, -0.706722, -0.634219, -2.284022, -0.538353, 0.682486, -0.494358, 2.876387, 0.0, 0.0, 0.0, 1.0],
                [0.812693, 0.212677, -0.542492, -2.505562, -0.257353, -0.704278, -0.661636, -2.299086, -0.52278, 0.677319, -0.517629, 2.876288, 0.0, 0.0, 0.0, 1.0],
                [0.838451, 0.237857, -0.490331, -2.451967, -0.201562, -0.700582, -0.684513, -2.313034, -0.506333, 0.672762, -0.539461, 2.876155, 0.0, 0.0, 0.0, 1.0],
                [0.859719, 0.261846, -0.438543, -2.398428, -0.14671, -0.695821, -0.703072, -2.32591, -0.489244, 0.668783, -0.559795, 2.87599, 0.0, 0.0, 0.0, 1.0],
                [0.876793, 0.284555, -0.387638, -2.344967, -0.093266, -0.690182, -0.7176, -2.337759, -0.471737, 0.66534, -0.578607, 2.875796, 0.0, 0.0, 0.0, 1.0],
                [0.890016, 0.305924, -0.338057, -2.291601, -0.041623, -0.683851, -0.728434, -2.348626, -0.454026, 0.662389, -0.595904, 2.875577, 0.0, 0.0, 0.0, 1.0],
                [0.899765, 0.325925, -0.290166, -2.23835, 0.0079, -0.677004, -0.735937, -2.358556, -0.436303, 0.659878, -0.611719, 2.875334, 0.0, 0.0, 0.0, 1.0],
                [0.906433, 0.34455, -0.244262, -2.185234, 0.055059, -0.669806, -0.740492, -2.367594, -0.418745, 0.657757, -0.626105, 2.875072, 0.0, 0.0, 0.0, 1.0],
                [0.910416, 0.361817, -0.200575, -2.132272, 0.099676, -0.662408, -0.742482, -2.375785, -0.401505, 0.655975, -0.639132, 2.874792, 0.0, 0.0, 0.0, 1.0],
                [0.912104, 0.377756, -0.15927, -2.079483, 0.141634, -0.654944, -0.742286, -2.383174, -0.384716, 0.654484, -0.65088, 2.874497, 0.0, 0.0, 0.0, 1.0],
                [0.911867, 0.392412, -0.12046, -2.026886, 0.180867, -0.647531, -0.740264, -2.389805, -0.36849, 0.653235, -0.661437, 2.874191, 0.0, 0.0, 0.0, 1.0],
                [0.910057, 0.405838, -0.084208, -1.974502, 0.217355, -0.64027, -0.736757, -2.395724, -0.35292, 0.652188, -0.670893, 2.873877, 0.0, 0.0, 0.0, 1.0],
                [0.906997, 0.418093, -0.050538, -1.922349, 0.251112, -0.633246, -0.732081, -2.400975, -0.338081, 0.651304, -0.679341, 2.873557, 0.0, 0.0, 0.0, 1.0],
                [0.902982, 0.429239, -0.019444, -1.870447, 0.282181, -0.62653, -0.726522, -2.405604, -0.324034, 0.650549, -0.686868, 2.873234, 0.0, 0.0, 0.0, 1.0],
                [0.898275, 0.439338, 0.00911, -1.818815, 0.310628, -0.620176, -0.720342, -2.409655, -0.310824, 0.649895, -0.693559, 2.87291, 0.0, 0.0, 0.0, 1.0],
                [0.893114, 0.448453, 0.035176, -1.767473, 0.336531, -0.614229, -0.713771, -2.413174, -0.298487, 0.649317, -0.699495, 2.87259, 0.0, 0.0, 0.0, 1.0],
                [0.887703, 0.456644, 0.058823, -1.716439, 0.359982, -0.608721, -0.707016, -2.416204, -0.287048, 0.648795, -0.704747, 2.872276, 0.0, 0.0, 0.0, 1.0],
                [0.882222, 0.463965, 0.080126, -1.665734, 0.381076, -0.603676, -0.700254, -2.418792, -0.276524, 0.648314, -0.709383, 2.87197, 0.0, 0.0, 0.0, 1.0],
                [0.876825, 0.470471, 0.09917, -1.615376, 0.399911, -0.599109, -0.693643, -2.420982, -0.266926, 0.647862, -0.71346, 2.871675, 0.0, 0.0, 0.0, 1.0],
                [0.871642, 0.476209, 0.116039, -1.565385, 0.416584, -0.595026, -0.687315, -2.422818, -0.258259, 0.647433, -0.71703, 2.871396, 0.0, 0.0, 0.0, 1.0],
                [0.866782, 0.481222, 0.130821, -1.515781, 0.431191, -0.591429, -0.681385, -2.424347, -0.250526, 0.647022, -0.720139, 2.871133, 0.0, 0.0, 0.0, 1.0],
                [0.862334, 0.48555, 0.1436, -1.466582, 0.443822, -0.588314, -0.67595, -2.425612, -0.243726, 0.646628, -0.722821, 2.87089, 0.0, 0.0, 0.0, 1.0],
                [0.858371, 0.489226, 0.154456, -1.417809, 0.45456, -0.585674, -0.67109, -2.426658, -0.237854, 0.646254, -0.725108, 2.870671, 0.0, 0.0, 0.0, 1.0],
                [0.854949, 0.492282, 0.163468, -1.36948, 0.463484, -0.583494, -0.666871, -2.427532, -0.232906, 0.645905, -0.727022, 2.870477, 0.0, 0.0, 0.0, 1.0],
                [0.852109, 0.494741, 0.170707, -1.321615, 0.470665, -0.581759, -0.663348, -2.428277, -0.228875, 0.645591, -0.72858, 2.870312, 0.0, 0.0, 0.0, 1.0],
                [0.849883, 0.496627, 0.17624, -1.274233, 0.476165, -0.580451, -0.660562, -2.428938, -0.225754, 0.64532, -0.729792, 2.870179, 0.0, 0.0, 0.0, 1.0],
                [0.848288, 0.497957, 0.180127, -1.227353, 0.48004, -0.579548, -0.658548, -2.429561, -0.223536, 0.645107, -0.730663, 2.87008, 0.0, 0.0, 0.0, 1.0],
                [0.847333, 0.498746, 0.182425, -1.180996, 0.482336, -0.579026, -0.657328, -2.43019, -0.222212, 0.644966, -0.731191, 2.870019, 0.0, 0.0, 0.0, 1.0],
                [0.847017, 0.499007, 0.18318, -1.13518, 0.483094, -0.578858, -0.65692, -2.43087, -0.221772, 0.644915, -0.73137, 2.869998, 0.0, 0.0, 0.0, 1.0],
                [0.847017, 0.499007, 0.18318, -1.089926, 0.483094, -0.578858, -0.65692, -2.431638, -0.221772, 0.644915, -0.73137, 2.870299, 0.0, 0.0, 0.0, 1.0],
                [0.847017, 0.499007, 0.18318, -1.045258, 0.483094, -0.578858, -0.65692, -2.432496, -0.221772, 0.644915, -0.73137, 2.871182, 0.0, 0.0, 0.0, 1.0],
                [0.847017, 0.499007, 0.18318, -1.001203, 0.483094, -0.578858, -0.65692, -2.433439, -0.221772, 0.644915, -0.73137, 2.872616, 0.0, 0.0, 0.0, 1.0],
                [0.847017, 0.499007, 0.18318, -0.957786, 0.483094, -0.578858, -0.65692, -2.434461, -0.221772, 0.644915, -0.73137, 2.87457, 0.0, 0.0, 0.0, 1.0],
                [0.847017, 0.499007, 0.18318, -0.915033, 0.483094, -0.578858, -0.65692, -2.435556, -0.221772, 0.644915, -0.73137, 2.877015, 0.0, 0.0, 0.0, 1.0],
                [0.847017, 0.499007, 0.18318, -0.87297, 0.483094, -0.578858, -0.65692, -2.436718, -0.221772, 0.644915, -0.73137, 2.879919, 0.0, 0.0, 0.0, 1.0],
                [0.847017, 0.499007, 0.18318, -0.831623, 0.483094, -0.578858, -0.65692, -2.437943, -0.221772, 0.644915, -0.73137, 2.883251, 0.0, 0.0, 0.0, 1.0],
                [0.847017, 0.499007, 0.18318, -0.791017, 0.483094, -0.578858, -0.65692, -2.439224, -0.221772, 0.644915, -0.73137, 2.886981, 0.0, 0.0, 0.0, 1.0],
                [0.847017, 0.499007, 0.18318, -0.751178, 0.483094, -0.578858, -0.65692, -2.440555, -0.221772, 0.644915, -0.73137, 2.891079, 0.0, 0.0, 0.0, 1.0],
                [0.847017, 0.499007, 0.18318, -0.712133, 0.483094, -0.578858, -0.65692, -2.441931, -0.221772, 0.644915, -0.73137, 2.895514, 0.0, 0.0, 0.0, 1.0],
                [0.847017, 0.499007, 0.18318, -0.673907, 0.483094, -0.578858, -0.65692, -2.443346, -0.221772, 0.644915, -0.73137, 2.900255, 0.0, 0.0, 0.0, 1.0],
                [0.847017, 0.499007, 0.18318, -0.636525, 0.483094, -0.578858, -0.65692, -2.444794, -0.221772, 0.644915, -0.73137, 2.905272, 0.0, 0.0, 0.0, 1.0],
                [0.847017, 0.499007, 0.18318, -0.600014, 0.483094, -0.578858, -0.65692, -2.44627, -0.221772, 0.644915, -0.73137, 2.910533, 0.0, 0.0, 0.0, 1.0],
                [0.847017, 0.499007, 0.18318, -0.5644, 0.483094, -0.578858, -0.65692, -2.447767, -0.221772, 0.644915, -0.73137, 2.916009, 0.0, 0.0, 0.0, 1.0],
                [0.847017, 0.499007, 0.18318, -0.529708, 0.483094, -0.578858, -0.65692, -2.449281, -0.221772, 0.644915, -0.73137, 2.921669, 0.0, 0.0, 0.0, 1.0],
                [0.847017, 0.499007, 0.18318, -0.495964, 0.483094, -0.578858, -0.65692, -2.450806, -0.221772, 0.644915, -0.73137, 2.927481, 0.0, 0.0, 0.0, 1.0],
                [0.847017, 0.499007, 0.18318, -0.463194, 0.483094, -0.578858, -0.65692, -2.452336, -0.221772, 0.644915, -0.73137, 2.933416, 0.0, 0.0, 0.0, 1.0],
                [0.847017, 0.499007, 0.18318, -0.431424, 0.483094, -0.578858, -0.65692, -2.453864, -0.221772, 0.644915, -0.73137, 2.939443, 0.0, 0.0, 0.0, 1.0],
                [0.847017, 0.499007, 0.18318, -0.400679, 0.483094, -0.578858, -0.65692, -2.455385, -0.221772, 0.644915, -0.73137, 2.945532, 0.0, 0.0, 0.0, 1.0],
                [0.847017, 0.499007, 0.18318, -0.370986, 0.483094, -0.578858, -0.65692, -2.456895, -0.221772, 0.644915, -0.73137, 2.951651, 0.0, 0.0, 0.0, 1.0],
                [0.847017, 0.499007, 0.18318, -0.34237, 0.483094, -0.578858, -0.65692, -2.458387, -0.221772, 0.644915, -0.73137, 2.957769, 0.0, 0.0, 0.0, 1.0],
                [0.847017, 0.499007, 0.18318, -0.314857, 0.483094, -0.578858, -0.65692, -2.459854, -0.221772, 0.644915, -0.73137, 2.963858, 0.0, 0.0, 0.0, 1.0],
                [0.847017, 0.499007, 0.18318, -0.288474, 0.483094, -0.578858, -0.65692, -2.461293, -0.221772, 0.644915, -0.73137, 2.969885, 0.0, 0.0, 0.0, 1.0],
                [0.847017, 0.499007, 0.18318, -0.263245, 0.483094, -0.578858, -0.65692, -2.462696, -0.221772, 0.644915, -0.73137, 2.97582, 0.0, 0.0, 0.0, 1.0],
                [0.847017, 0.499007, 0.18318, -0.239196, 0.483094, -0.578858, -0.65692, -2.464058, -0.221772, 0.644915, -0.73137, 2.981632, 0.0, 0.0, 0.0, 1.0],
                [0.847017, 0.499007, 0.18318, -0.216354, 0.483094, -0.578858, -0.65692, -2.465374, -0.221772, 0.644915, -0.73137, 2.987292, 0.0, 0.0, 0.0, 1.0],
                [0.847017, 0.499007, 0.18318, -0.194744, 0.483094, -0.578858, -0.65692, -2.466638, -0.221772, 0.644915, -0.73137, 2.992768, 0.0, 0.0, 0.0, 1.0],
                [0.847017, 0.499007, 0.18318, -0.174393, 0.483094, -0.578858, -0.65692, -2.467843, -0.221772, 0.644915, -0.73137, 2.998029, 0.0, 0.0, 0.0, 1.0],
                [0.847017, 0.499007, 0.18318, -0.155325, 0.483094, -0.578858, -0.65692, -2.468985, -0.221772, 0.644915, -0.73137, 3.003046, 0.0, 0.0, 0.0, 1.0],
                [0.847017, 0.499007, 0.18318, -0.137567, 0.483094, -0.578858, -0.65692, -2.470058, -0.221772, 0.644915, -0.73137, 3.007787, 0.0, 0.0, 0.0, 1.0],
                [0.847017, 0.499007, 0.18318, -0.121144, 0.483094, -0.578858, -0.65692, -2.471055, -0.221772, 0.644915, -0.73137, 3.012222, 0.0, 0.0, 0.0, 1.0],
                [0.847017, 0.499007, 0.18318, -0.106083, 0.483094, -0.578858, -0.65692, -2.471972, -0.221772, 0.644915, -0.73137, 3.01632, 0.0, 0.0, 0.0, 1.0],
