{
    "animation": [
        {
            "name": "Root",
            "time": [0.0, 0.025, 0.05, 0.075, 0.1, 0.125, 0.15, 0.175, 0.2, 0.225, 0.25, 0.275, 0.3, 0.325, 0.35, 0.375, 0.4, 0.425, 0.45, 0.475, 0.5, 0.525, 0.55, 0.575, 0.6, 0.625, 0.65, 0.675, 0.7, 0.725, 0.75, 0.775, 0.8, 0.825, 0.85, 0.875, 0.9, 0.925, 0.95, 0.975, 1.0, 1.025, 1.05, 1.075, 1.1, 1.125, 1.15, 1.175, 1.2, 1.225, 1.25, 1.275, 1.3, 1.325, 1.35, 1.375, 1.4, 1.425, 1.45, 1.475, 1.5, 1.525, 1.55, 1.575, 1.6, 1.625, 1.65, 1.675, 1.7, 1.725, 1.75, 1.775, 1.8, 1.825, 1.85, 1.875, 1.9, 1.925, 1.95, 1.975, 2.0, 2.025, 2.05, 2.075, 2.1, 2.125, 2.15, 2.175, 2.2, 2.225, 2.25, 2.275, 2.3, 2.325, 2.35, 2.375, 2.4, 2.425, 2.45, 2.475, 2.5],
            "transform": [
                [0.846484, 0.267824, -0.460147, -0.024791, -0.392438, -0.270202, -0.879195, 0.06476, -0.359802, 0.924803, -0.123617, 1.307434, 0.0, 0.0, 0.0, 1.0],
                [0.984546, -0.032505, 0.172085, -0.007394, 0.173262, 0.037705, -0.984154, 0.023169, 0.025501, 0.99876, 0.042754, 1.303185, 0.0, 0.0, 0.0, 1.0],
                [0.984977, -0.002639, 0.172665, -0.00629, 0.172093, -0.067764, -0.982747, 0.02335, 0.014294, 0.997698, -0.066292, 1.294518, 0.0, 0.0, 0.0, 1.0],
                [0.985015, 0.005511, 0.172379, -0.006132, 0.171941, -0.109344, -0.97902, 0.024612, 0.013453, 0.993989, -0.108654, 1.281183, 0.0, 0.0, 0.0, 1.0],
                [0.984944, 0.024142, 0.171178, -0.006449, 0.172442, -0.207029, -0.963017, 0.028476, 0.012189, 0.978037, -0.208075, 1.262194, 0.0, 0.0, 0.0, 1.0],
                [0.984679, 0.051427, 0.166619, -0.007232, 0.174116, -0.342026, -0.923418, 0.034472, 0.0095, 0.938282, -0.345741, 1.240902, 0.0, 0.0, 0.0, 1.0],
                [0.984302, 0.076661, 0.158975, -0.008232, 0.176369, -0.461085, -0.869652, 0.040699, 0.006632, 0.884038, -0.467367, 1.221739, 0.0, 0.0, 0.0, 1.0],
                [0.984006, 0.090391, 0.1535, -0.009196, 0.178082, -0.520542, -0.835059, 0.045255, 0.004422, 0.849038, -0.528313, 1.209138, 0.0, 0.0, 0.0, 1.0],
                [0.984078, 0.093377, 0.151234, -0.009917, 0.177707, -0.533037, -0.827219, 0.047004, 0.00337, 0.840923, -0.541144, 1.20362, 0.0, 0.0, 0.0, 1.0],
                [0.984373, 0.093781, 0.149046, -0.010351, 0.176073, -0.537745, -0.824518, 0.04738, 0.002825, 0.837876, -0.545853, 1.201587, 0.0, 0.0, 0.0, 1.0],
                [0.984494, 0.094553, 0.147752, -0.010496, 0.175409, -0.538373, -0.824249, 0.048343, 0.00161, 0.837385, -0.546611, 1.201297, 0.0, 0.0, 0.0, 1.0],
                [0.984302, 0.097749, 0.146951, -0.010432, 0.176486, -0.538037, -0.824239, 0.051451, -0.001504, 0.837234, -0.546842, 1.201297, 0.0, 0.0, 0.0, 1.0],
                [0.983812, 0.103336, 0.146411, -0.010253, 0.179089, -0.537403, -0.824091, 0.056654, -0.006476, 0.836971, -0.54721, 1.201297, 0.0, 0.0, 0.0, 1.0],
                [0.982849, 0.111123, 0.147174, -0.009983, 0.183985, -0.536423, -0.823651, 0.063503, -0.012579, 0.836602, -0.547667, 1.201297, 0.0, 0.0, 0.0, 1.0],
                [0.981222, 0.120915, 0.150277, -0.009645, 0.191937, -0.535024, -0.822745, 0.071544, -0.01908, 0.836139, -0.548185, 1.201297, 0.0, 0.0, 0.0, 1.0],
                [0.978707, 0.132516, 0.156753, -0.009261, 0.203702, -0.533103, -0.821162, 0.080329, -0.025251, 0.835608, -0.548745, 1.201297, 0.0, 0.0, 0.0, 1.0],
                [0.975022, 0.14572, 0.167624, -0.008855, 0.220024, -0.530521, -0.818619, 0.089405, -0.030361, 0.835052, -0.549332, 1.201297, 0.0, 0.0, 0.0, 1.0],
                [0.969785, 0.160311, 0.183894, -0.008448, 0.241625, -0.527105, -0.814726, 0.098322, -0.033678, 0.834542, -0.549914, 1.201297, 0.0, 0.0, 0.0, 1.0],
                [0.962472, 0.17605, 0.20653, -0.008064, 0.269184, -0.522641, -0.808941, 0.10663, -0.034473, 0.834178, -0.550417, 1.201297, 0.0, 0.0, 0.0, 1.0],
                [0.952354, 0.192664, 0.236437, -0.007726, 0.303309, -0.516883, -0.800522, 0.113876, -0.032022, 0.834094, -0.550692, 1.201297, 0.0, 0.0, 0.0, 1.0],
                [0.938444, 0.209826, 0.274401, -0.007456, 0.34448, -0.509557, -0.78847, 0.11961, -0.025619, 0.83446, -0.550472, 1.201297, 0.0, 0.0, 0.0, 1.0],
                [0.919433, 0.227136, 0.321019, -0.007278, 0.392977, -0.500381, -0.771484, 0.123381, -0.0146, 0.835481, -0.549326, 1.201297, 0.0, 0.0, 0.0, 1.0],
                [0.893652, 0.244091, 0.376571, -0.007213, 0.448758, -0.489086, -0.747938, 0.124738, 0.00161, 0.837385, -0.546611, 1.201297, 0.0, 0.0, 0.0, 1.0],
                [0.840594, 0.263565, 0.473218, -0.008311, 0.540948, -0.45343, -0.708362, 0.123133, 0.027872, 0.851431, -0.523725, 1.203845, 0.0, 0.0, 0.0, 1.0],
                [0.73015, 0.277969, 0.624191, -0.011446, 0.680692, -0.375444, -0.629047, 0.1189, 0.059493, 0.88418, -0.463342, 1.210943, 0.0, 0.0, 0.0, 1.0],
                [0.550161, 0.268011, 0.790881, -0.01638, 0.831314, -0.265378, -0.488357, 0.112916, 0.078997, 0.926145, -0.368802, 1.221767, 0.0, 0.0, 0.0, 1.0],
                [0.311484, 0.220223, 0.924381, -0.022877, 0.947599, -0.144622, -0.284853, 0.106056, 0.070955, 0.964669, -0.25373, 1.235499, 0.0, 0.0, 0.0, 1.0],
                [0.055092, 0.139718, 0.988658, -0.030698, 0.997916, -0.041016, -0.049812, 0.099197, 0.033591, 0.989341, -0.141686, 1.251316, 0.0, 0.0, 0.0, 1.0],
                [-0.169706, 0.049867, 0.984232, -0.039608, 0.985335, 0.02658, 0.16855, 0.093213, -0.017756, 0.998402, -0.053647, 1.268397, 0.0, 0.0, 0.0, 1.0],
                [-0.332937, -0.022224, 0.942687, -0.049367, 0.941018, 0.056129, 0.33367, 0.08898, -0.060328, 0.998176, 0.002226, 1.285921, 0.0, 0.0, 0.0, 1.0],
                [-0.426803, -0.056426, 0.902583, -0.059739, 0.901327, 0.054931, 0.429643, 0.087375, -0.073823, 0.996895, 0.027414, 1.303067, 0.0, 0.0, 0.0, 1.0],
                [-0.48059, -0.065296, 0.874511, -0.070539, 0.874317, 0.041483, 0.48358, 0.08824, -0.067853, 0.997003, 0.037153, 1.319193, 0.0, 0.0, 0.0, 1.0],
                [-0.525071, -0.071827, 0.848022, -0.081795, 0.8487, 0.029948, 0.528027, 0.090718, -0.063323, 0.996967, 0.045235, 1.334377, 0.0, 0.0, 0.0, 1.0],
                [-0.561263, -0.076555, 0.82409, -0.093586, 0.825472, 0.020206, 0.564082, 0.09463, -0.059835, 0.996861, 0.051853, 1.348876, 0.0, 0.0, 0.0, 1.0],
                [-0.590248, -0.07995, 0.803253, -0.105994, 0.805204, 0.012012, 0.592877, 0.099795, -0.057049, 0.996726, 0.057286, 1.362947, 0.0, 0.0, 0.0, 1.0],
                [-0.613092, -0.082419, 0.785701, -0.119097, 0.788117, 0.005033, 0.615505, 0.106035, -0.054683, 0.996585, 0.06187, 1.376847, 0.0, 0.0, 0.0, 1.0],
                [-0.630805, -0.084306, 0.771348, -0.132977, 0.774163, -0.00112, 0.632985, 0.11317, -0.052501, 0.996439, 0.065973, 1.390834, 0.0, 0.0, 0.0, 1.0],
                [-0.644323, -0.085912, 0.759912, -0.147714, 0.763097, -0.006868, 0.646247, 0.121023, -0.050301, 0.996279, 0.069984, 1.405164, 0.0, 0.0, 0.0, 1.0],
                [-0.65451, -0.087498, 0.750974, -0.163387, 0.754534, -0.012653, 0.656139, 0.129412, -0.047909, 0.996084, 0.074301, 1.420096, 0.0, 0.0, 0.0, 1.0],
                [-0.662168, -0.0893, 0.744015, -0.180078, 0.747993, -0.018926, 0.663437, 0.13816, -0.045164, 0.995825, 0.079328, 1.435885, 0.0, 0.0, 0.0, 1.0],
                [-0.668051, -0.091537, 0.738463, -0.197866, 0.742933, -0.026142, 0.668855, 0.147087, -0.04192, 0.995458, 0.08547, 1.45279, 0.0, 0.0, 0.0, 1.0],
                [-0.67288, -0.09441, 0.733703, -0.216831, 0.738774, -0.034762, 0.673057, 0.156014, -0.038038, 0.994926, 0.093138, 1.471068, 0.0, 0.0, 0.0, 1.0],
                [-0.677349, -0.098104, 0.729091, -0.237054, 0.734904, -0.045253, 0.67666, 0.164762, -0.03339, 0.994147, 0.102749, 1.490975, 0.0, 0.0, 0.0, 1.0],
                [-0.682142, -0.102785, 0.72396, -0.258614, 0.730689, -0.05809, 0.680235, 0.173152, -0.027863, 0.993006, 0.114729, 1.512769, 0.0, 0.0, 0.0, 1.0],
                [-0.687929, -0.108588, 0.717609, -0.281593, 0.725463, -0.073767, 0.684296, 0.181004, -0.02137, 0.991346, 0.129523, 1.536707, 0.0, 0.0, 0.0, 1.0],
                [-0.69537, -0.115604, 0.709293, -0.306071, 0.718518, -0.0928, 0.68929, 0.188139, -0.013862, 0.988951, 0.147594, 1.563046, 0.0, 0.0, 0.0, 1.0],
                [-0.705108, -0.123859, 0.698199, -0.332126, 0.70908, -0.115735, 0.695566, 0.194379, -0.005346, 0.985527, 0.169431, 1.592044, 0.0, 0.0, 0.0, 1.0],
                [-0.71775, -0.133285, 0.683425, -0.359841, 0.696289, -0.143143, 0.703343, 0.199545, 0.004083, 0.980686, 0.195546, 1.623958, 0.0, 0.0, 0.0, 1.0],
                [-0.733842, -0.14368, 0.663951, -0.389295, 0.679171, -0.175623, 0.712659, 0.203456, 0.014211, 0.973916, 0.226463, 1.659044, 0.0, 0.0, 0.0, 1.0],
                [-0.753825, -0.154657, 0.638615, -0.420567, 0.656613, -0.213776, 0.723298, 0.205934, 0.024657, 0.964563, 0.262699, 1.69756, 0.0, 0.0, 0.0, 1.0],
                [-0.777962, -0.165585, 0.6061, -0.453739, 0.627346, -0.258163, 0.734703, 0.2068, 0.034817, 0.951805, 0.30472, 1.739764, 0.0, 0.0, 0.0, 1.0],
                [-0.80148, -0.194896, 0.565372, -0.489869, 0.5964, -0.33007, 0.731684, 0.202816, 0.04401, 0.923618, 0.38078, 1.78548, 0.0, 0.0, 0.0, 1.0],
                [-0.820662, -0.255321, 0.5112, -0.533924, 0.569259, -0.442941, 0.692639, 0.185149, 0.049586, 0.859427, 0.508848, 1.832802, 0.0, 0.0, 0.0, 1.0],
                [-0.835843, -0.335449, 0.434559, -0.591852, 0.546801, -0.579007, 0.60478, 0.145223, 0.04874, 0.743118, 0.667383, 1.879394, 0.0, 0.0, 0.0, 1.0],
                [-0.845845, -0.419026, 0.330096, -0.669598, 0.531879, -0.709653, 0.462059, 0.074462, 0.040639, 0.566401, 0.823127, 1.922917, 0.0, 0.0, 0.0, 1.0],
                [-0.84884, -0.488003, 0.203284, -0.77311, 0.527932, -0.80256, 0.277823, -0.035711, 0.02757, 0.343147, 0.938877, 1.961035, 0.0, 0.0, 0.0, 1.0],
                [-0.844591, -0.530784, 0.070242, -0.903649, 0.535228, -0.840438, 0.084819, -0.187471, 0.014013, 0.109233, 0.993917, 1.991853, 0.0, 0.0, 0.0, 1.0],
                [-0.837362, -0.54388, -0.054949, -1.043744, 0.546647, -0.832845, -0.086875, -0.357405, 0.001486, -0.102784, 0.994703, 2.015254, 0.0, 0.0, 0.0, 1.0],
                [-0.831793, -0.530045, -0.164843, -1.171242, 0.554925, -0.801198, -0.223919, -0.515698, -0.013385, -0.27773, 0.960566, 2.031565, 0.0, 0.0, 0.0, 1.0],
                [-0.831191, -0.492299, -0.258387, -1.263988, 0.554755, -0.765266, -0.326519, -0.632537, -0.03699, -0.414741, 0.909187, 2.041111, 0.0, 0.0, 0.0, 1.0],
                [-0.837445, -0.429029, -0.338556, -1.299826, 0.5409, -0.739272, -0.401129, -0.678109, -0.078189, -0.519049, 0.851161, 2.044221, 0.0, 0.0, 0.0, 1.0],
                [-0.860739, -0.31924, -0.396504, -1.292462, 0.490372, -0.72904, -0.477532, -0.677618, -0.13662, -0.605465, 0.784059, 2.024294, 0.0, 0.0, 0.0, 1.0],
                [-0.898139, -0.147187, -0.414345, -1.271269, 0.384931, -0.718667, -0.579091, -0.676177, -0.212541, -0.679598, 0.70212, 1.970097, 0.0, 0.0, 0.0, 1.0],
                [-0.921368, 0.081475, -0.380056, -1.237597, 0.22717, -0.680529, -0.696616, -0.673837, -0.315396, -0.728177, 0.608509, 1.890005, 0.0, 0.0, 0.0, 1.0],
                [-0.894645, 0.343879, -0.285234, -1.192796, 0.032806, -0.586138, -0.809547, -0.670649, -0.445573, -0.733615, 0.513104, 1.792396, 0.0, 0.0, 0.0, 1.0],
                [-0.791312, 0.595665, -0.137868, -1.138215, -0.162952, -0.422802, -0.891451, -0.666661, -0.589297, -0.68295, 0.431633, 1.685646, 0.0, 0.0, 0.0, 1.0],
                [-0.614457, 0.788261, 0.032966, -1.075205, -0.316668, -0.208144, -0.925417, -0.661926, -0.722609, -0.579068, 0.377513, 1.578131, 0.0, 0.0, 0.0, 1.0],
                [-0.397754, 0.897415, 0.19089, -1.005114, -0.400509, 0.017356, -0.916129, -0.656492, -0.82546, -0.440847, 0.352519, 1.478227, 0.0, 0.0, 0.0, 1.0],
                [-0.182311, 0.93251, 0.311749, -0.929293, -0.413425, 0.214971, -0.884798, -0.65041, -0.8921, -0.290193, 0.346332, 1.394311, 0.0, 0.0, 0.0, 1.0],
                [0.004693, 0.921123, 0.389243, -0.849092, -0.37097, 0.363075, -0.854727, -0.64373, -0.928633, -0.140386, 0.343413, 1.334758, 0.0, 0.0, 0.0, 1.0],
                [0.153811, 0.890826, 0.427517, -0.765859, -0.289942, 0.45431, -0.84234, -0.636503, -0.944604, 0.005606, 0.328166, 1.307946, 0.0, 0.0, 0.0, 1.0],
                [0.273567, 0.851596, 0.447153, -0.681057, -0.19685, 0.504617, -0.840602, -0.628633, -0.941494, 0.141939, 0.305683, 1.301036, 0.0, 0.0, 0.0, 1.0],
                [0.375064, 0.802379, 0.464235, -0.596597, -0.110986, 0.536059, -0.836853, -0.619446, -0.920331, 0.26235, 0.29011, 1.295503, 0.0, 0.0, 0.0, 1.0],
                [0.461821, 0.74684, 0.478488, -0.514499, -0.032729, 0.553443, -0.832244, -0.608121, -0.886369, 0.368688, 0.280035, 1.291193, 0.0, 0.0, 0.0, 1.0],
                [0.536526, 0.687189, 0.489808, -0.436787, 0.038026, 0.560144, -0.827522, -0.593837, -0.843027, 0.462612, 0.274401, 1.287955, 0.0, 0.0, 0.0, 1.0],
                [0.601112, 0.62492, 0.498136, -0.365482, 0.101436, 0.558617, -0.8232, -0.575776, -0.792701, 0.545364, 0.272402, 1.285634, 0.0, 0.0, 0.0, 1.0],
                [0.656931, 0.561265, 0.503412, -0.302607, 0.157533, 0.550779, -0.819649, -0.553117, -0.737309, 0.617757, 0.273406, 1.284079, 0.0, 0.0, 0.0, 1.0],
                [0.704924, 0.497478, 0.505567, -0.250185, 0.20618, 0.538284, -0.817154, -0.525039, -0.678655, 0.680269, 0.276879, 1.283135, 0.0, 0.0, 0.0, 1.0],
                [0.745792, 0.435011, 0.504539, -0.210236, 0.247092, 0.522707, -0.815918, -0.490722, -0.618659, 0.733173, 0.282343, 1.282651, 0.0, 0.0, 0.0, 1.0],
                [0.780141, 0.375599, 0.500305, -0.184784, 0.279897, 0.505656, -0.816069, -0.449347, -0.559497, 0.776683, 0.289354, 1.282472, 0.0, 0.0, 0.0, 1.0],
                [0.808588, 0.321274, 0.492918, -0.175851, 0.304219, 0.4888, -0.817634, -0.400093, -0.503623, 0.811084, 0.2975, 1.282447, 0.0, 0.0, 0.0, 1.0],
                [0.840145, 0.279747, 0.464647, -0.176658, 0.301361, 0.471501, -0.828775, -0.342744, -0.450929, 0.836318, 0.311825, 1.284854, 0.0, 0.0, 0.0, 1.0],
                [0.87988, 0.254946, 0.401017, -0.178849, 0.257536, 0.453379, -0.853301, -0.279505, -0.399359, 0.854078, 0.333261, 1.291386, 0.0, 0.0, 0.0, 1.0],
                [0.919927, 0.24355, 0.307275, -0.182079, 0.179702, 0.434638, -0.882495, -0.213185, -0.348485, 0.867049, 0.356069, 1.301014, 0.0, 0.0, 0.0, 1.0],
                [0.951305, 0.242204, 0.190673, -0.186, 0.076366, 0.414105, -0.90702, -0.146593, -0.298642, 0.877414, 0.375444, 1.312704, 0.0, 0.0, 0.0, 1.0],
                [0.966983, 0.247325, 0.06144, -0.190267, -0.041404, 0.390358, -0.919732, -0.08254, -0.251457, 0.886821, 0.38771, 1.325426, 0.0, 0.0, 0.0, 1.0],
                [0.964475, 0.255243, -0.068105, -0.194534, -0.16076, 0.362509, -0.918011, -0.023832, -0.209627, 0.896347, 0.390664, 1.338148, 0.0, 0.0, 0.0, 1.0],
                [0.946839, 0.262642, -0.185781, -0.198455, -0.269172, 0.330502, -0.904608, 0.026719, -0.176186, 0.906525, 0.383628, 1.349838, 0.0, 0.0, 0.0, 1.0],
                [0.921621, 0.267025, -0.281624, -0.201685, -0.356363, 0.294909, -0.886585, 0.066305, -0.153687, 0.917456, 0.366953, 1.359465, 0.0, 0.0, 0.0, 1.0],
                [0.898522, 0.266935, -0.34843, -0.203876, -0.414734, 0.256404, -0.873071, 0.092117, -0.143715, 0.928979, 0.341091, 1.365998, 0.0, 0.0, 0.0, 1.0],
                [0.886944, 0.261901, -0.380446, -0.204683, -0.437949, 0.215191, -0.872865, 0.101345, -0.146736, 0.940798, 0.305561, 1.368405, 0.0, 0.0, 0.0, 1.0],
                [0.883262, 0.256312, -0.392623, -0.199646, -0.44054, 0.166945, -0.882073, 0.10032, -0.160539, 0.952068, 0.260372, 1.366698, 0.0, 0.0, 0.0, 1.0],
                [0.878794, 0.253842, -0.404085, -0.185974, -0.441208, 0.109585, -0.890689, 0.09754, -0.181813, 0.961018, 0.2083, 1.362064, 0.0, 0.0, 0.0, 1.0],
                [0.873797, 0.253681, -0.41488, -0.165826, -0.43939, 0.046309, -0.897102, 0.093443, -0.208365, 0.966179, 0.15193, 1.355235, 0.0, 0.0, 0.0, 1.0],
                [0.868506, 0.255105, -0.424992, -0.141361, -0.434855, -0.019377, -0.900292, 0.088467, -0.237904, 0.966719, 0.094104, 1.346943, 0.0, 0.0, 0.0, 1.0],
                [0.863174, 0.257479, -0.434321, -0.114737, -0.42783, -0.083816, -0.899965, 0.083053, -0.268125, 0.962642, 0.03781, 1.337919, 0.0, 0.0, 0.0, 1.0],
                [0.85808, 0.260272, -0.442671, -0.088113, -0.419034, -0.1434, -0.896575, 0.077638, -0.296833, 0.954827, -0.013986, 1.328896, 0.0, 0.0, 0.0, 1.0],
                [0.853528, 0.26305, -0.449771, -0.063648, -0.409613, -0.194762, -0.891227, 0.072663, -0.322035, 0.94492, -0.058486, 1.320604, 0.0, 0.0, 0.0, 1.0],
                [0.849849, 0.265453, -0.455293, -0.0435, -0.401012, -0.234853, -0.885457, 0.068565, -0.341974, 0.935082, -0.093139, 1.313775, 0.0, 0.0, 0.0, 1.0],
                [0.847384, 0.267161, -0.458874, -0.029828, -0.394795, -0.260898, -0.880948, 0.065785, -0.355075, 0.927662, -0.115607, 1.309141, 0.0, 0.0, 0.0, 1.0],
                [0.846484, 0.267824, -0.460147, -0.024791, -0.392438, -0.270202, -0.879195, 0.06476, -0.359802, 0.924803, -0.123617, 1.307434, 0.0, 0.0, 0.0, 1.0]
            ]
        },
        {
            "name": "Thigh_R",
            "time": [0.0, 0.025, 0.05, 0.075, 0.1, 0.125, 0.15, 0.175, 0.2, 0.225, 0.25, 0.275, 0.3, 0.325, 0.35, 0.375, 0.4, 0.425, 0.45, 0.475, 0.5, 0.525, 0.55, 0.575, 0.6, 0.625, 0.65, 0.675, 0.7, 0.725, 0.75, 0.775, 0.8, 0.825, 0.85, 0.875, 0.9, 0.925, 0.95, 0.975, 1.0, 1.025, 1.05, 1.075, 1.1, 1.125, 1.15, 1.175, 1.2, 1.225, 1.25, 1.275, 1.3, 1.325, 1.35, 1.375, 1.4, 1.425, 1.45, 1.475, 1.5, 1.525, 1.55, 1.575, 1.6, 1.625, 1.65, 1.675, 1.7, 1.725, 1.75, 1.775, 1.8, 1.825, 1.85, 1.875, 1.9, 1.925, 1.95, 1.975, 2.0, 2.025, 2.05, 2.075, 2.1, 2.125, 2.15, 2.175, 2.2, 2.225, 2.25, 2.275, 2.3, 2.325, 2.35, 2.375, 2.4, 2.425, 2.45, 2.475, 2.5],
            "transform": [
                [0.907805, 0.394653, -0.141908, 0.10957, 0.406002, -0.9118, 0.061483, 0.0376, -0.105128, -0.11343, -0.987969, -0.066693, 0.0, 0.0, 0.0, 1.0],
                [0.998825, -0.009223, -0.047583, 0.128617, 0.009901, -0.922199, 0.386587, -0.00677, -0.047446, -0.386603, -0.921025, 0.000199, 0.0, 0.0, 0.0, 1.0],
                [0.99473, 0.067884, 0.076831, 0.137673, 0.022871, -0.877436, 0.479145, -0.016639, 0.099941, -0.474863, -0.874367, 0.004224, 0.0, 0.0, 0.0, 1.0],
                [0.957881, 0.197097, 0.208842, 0.138967, 0.039647, -0.811065, 0.583608, -0.018053, 0.284413, -0.550747, -0.78472, 0.0057, 0.0, 0.0, 0.0, 1.0],
                [0.952914, 0.231952, 0.195327, 0.137281, 0.050152, -0.755812, 0.652865, -0.016025, 0.299064, -0.612327, -0.731858, 0.011431, 0.0, 0.0, 0.0, 1.0],
                [0.954699, 0.254888, 0.153564, 0.133574, 0.076246, -0.708355, 0.701725, -0.011538, 0.287639, -0.658226, -0.695702, 0.019937, 0.0, 0.0, 0.0, 1.0],
                [0.961482, 0.254897, 0.102854, 0.129866, 0.093764, -0.65591, 0.748993, -0.007049, 0.258379, -0.710498, -0.654547, 0.027653, 0.0, 0.0, 0.0, 1.0],
                [0.972559, 0.222785, 0.067052, 0.128181, 0.083183, -0.60212, 0.79406, -0.005007, 0.217279, -0.766691, -0.60413, 0.031018, 0.0, 0.0, 0.0, 1.0],
                [0.998865, -0.013326, -0.045735, 0.130008, 0.028019, -0.612093, 0.790289, -0.018548, -0.038526, -0.790672, -0.611026, 0.02718, 0.0, 0.0, 0.0, 1.0],
                [0.908005, -0.347482, -0.234055, 0.133803, -0.050849, -0.645933, 0.761698, -0.045165, -0.415861, -0.679723, -0.604181, 0.01915, 0.0, 0.0, 0.0, 1.0],
                [0.793613, -0.510432, -0.331114, 0.137036, -0.090979, -0.637655, 0.76493, -0.063854, -0.601582, -0.576932, -0.552491, 0.012149, 0.0, 0.0, 0.0, 1.0],
                [0.73057, -0.580261, -0.35995, 0.138975, -0.093732, -0.607365, 0.788874, -0.070951, -0.676374, -0.542588, -0.498113, 0.007787, 0.0, 0.0, 0.0, 1.0],
                [0.678987, -0.629851, -0.377177, 0.140592, -0.093556, -0.583804, 0.806485, -0.076868, -0.728164, -0.512305, -0.455323, 0.004151, 0.0, 0.0, 0.0, 1.0],
                [0.638402, -0.665869, -0.386083, 0.141915, -0.093958, -0.565265, 0.819541, -0.081712, -0.763947, -0.48692, -0.423431, 0.001174, 0.0, 0.0, 0.0, 1.0],
                [0.607489, -0.692548, -0.389015, 0.142975, -0.096505, -0.55046, 0.829265, -0.085591, -0.788444, -0.466226, -0.401234, -0.001211, 0.0, 0.0, 0.0, 1.0],
                [0.584978, -0.71238, -0.387702, 0.1438, -0.101529, -0.538585, 0.836432, -0.088612, -0.804669, -0.44993, -0.387388, -0.003067, 0.0, 0.0, 0.0, 1.0],
                [0.569745, -0.726892, -0.383427, 0.14442, -0.108813, -0.529172, 0.841509, -0.090882, -0.814586, -0.437723, -0.38059, -0.004463, 0.0, 0.0, 0.0, 1.0],
                [0.560863, -0.736973, -0.37723, 0.144865, -0.117687, -0.521984, 0.844798, -0.092509, -0.819502, -0.42942, -0.379494, -0.005462, 0.0, 0.0, 0.0, 1.0],
                [0.55751, -0.743146, -0.37002, 0.145163, -0.127166, -0.516903, 0.846546, -0.093599, -0.820372, -0.424904, -0.382682, -0.006133, 0.0, 0.0, 0.0, 1.0],
                [0.558857, -0.745766, -0.362645, 0.145343, -0.13609, -0.513858, 0.847012, -0.09426, -0.818021, -0.424005, -0.388665, -0.006539, 0.0, 0.0, 0.0, 1.0],
                [0.564051, -0.745056, -0.356001, 0.145436, -0.143116, -0.512812, 0.846488, -0.0946, -0.813243, -0.426512, -0.395882, -0.006748, 0.0, 0.0, 0.0, 1.0],
                [0.572251, -0.7411, -0.351137, 0.14547, -0.146725, -0.513789, 0.845276, -0.094725, -0.806846, -0.432188, -0.402755, -0.006825, 0.0, 0.0, 0.0, 1.0],
                [0.582612, -0.733855, -0.349311, 0.145475, -0.145394, -0.516962, 0.84357, -0.094743, -0.799639, -0.440685, -0.407887, -0.006836, 0.0, 0.0, 0.0, 1.0],
                [0.61909, -0.705492, -0.344974, 0.144595, -0.125596, -0.522569, 0.843295, -0.090794, -0.775211, -0.478747, -0.412125, -0.006542, 0.0, 0.0, 0.0, 1.0],
                [0.694094, -0.638169, -0.333124, 0.142275, -0.078772, -0.527297, 0.846022, -0.080381, -0.715561, -0.560977, -0.416264, -0.00577, 0.0, 0.0, 0.0, 1.0],
                [0.786122, -0.531306, -0.315793, 0.138995, -0.012679, -0.524685, 0.851201, -0.065662, -0.617941, -0.665143, -0.419204, -0.004677, 0.0, 0.0, 0.0, 1.0],
                [0.870928, -0.393228, -0.294717, 0.135235, 0.060309, -0.509669, 0.858255, -0.048787, -0.487698, -0.76525, -0.42017, -0.003424, 0.0, 0.0, 0.0, 1.0],
                [0.930663, -0.245469, -0.271312, 0.131474, 0.125299, -0.482869, 0.866682, -0.031912, -0.343752, -0.840583, -0.418633, -0.002171, 0.0, 0.0, 0.0, 1.0],
                [0.962309, -0.113602, -0.247095, 0.128194, 0.171442, -0.451896, 0.87544, -0.017193, -0.211113, -0.884805, -0.415389, -0.001078, 0.0, 0.0, 0.0, 1.0],
                [0.974639, -0.015197, -0.223266, 0.125874, 0.195638, -0.426526, 0.883063, -0.006781, -0.108649, -0.904346, -0.412736, -0.000305, 0.0, 0.0, 0.0, 1.0],
                [0.978782, 0.041197, -0.200719, 0.124994, 0.19945, -0.416042, 0.887202, -0.002831, -0.046957, -0.90841, -0.415432, -1.2e-05, 0.0, 0.0, 0.0, 1.0],
                [0.980689, 0.071473, -0.182043, 0.124994, 0.195133, -0.419863, 0.886363, -0.002831, -0.013082, -0.904768, -0.425702, -1.2e-05, 0.0, 0.0, 0.0, 1.0],
                [0.980957, 0.096717, -0.168427, 0.124994, 0.193803, -0.430562, 0.881508, -0.002831, 0.012739, -0.897362, -0.441108, -1.2e-05, 0.0, 0.0, 0.0, 1.0],
                [0.980351, 0.117339, -0.158564, 0.124994, 0.194699, -0.44651, 0.873339, -0.002831, 0.031677, -0.88705, -0.460583, -1.2e-05, 0.0, 0.0, 0.0, 1.0],
                [0.979355, 0.134067, -0.151294, 0.124994, 0.197056, -0.466234, 0.862435, -0.00283, 0.045086, -0.874442, -0.483028, -1.2e-05, 0.0, 0.0, 0.0, 1.0],
                [0.978264, 0.147622, -0.145624, 0.124994, 0.200141, -0.488487, 0.849308, -0.002831, 0.054241, -0.859991, -0.507416, -1.2e-05, 0.0, 0.0, 0.0, 1.0],
                [0.977257, 0.158601, -0.140766, 0.124994, 0.203326, -0.512247, 0.834423, -0.002831, 0.060233, -0.844065, -0.532846, -1.2e-05, 0.0, 0.0, 0.0, 1.0],
                [0.976444, 0.167419, -0.136117, 0.124994, 0.206083, -0.536704, 0.818216, -0.002831, 0.06393, -0.826992, -0.558565, -1.2e-05, 0.0, 0.0, 0.0, 1.0],
                [0.97591, 0.174299, -0.131218, 0.124994, 0.207951, -0.561226, 0.801113, -0.002831, 0.06599, -0.8091, -0.583953, -1.2e-05, 0.0, 0.0, 0.0, 1.0],
                [0.975725, 0.179324, -0.12571, 0.124994, 0.208521, -0.585314, 0.783535, -0.002831, 0.066927, -0.790726, -0.608499, -1.2e-05, 0.0, 0.0, 0.0, 1.0],
                [0.97595, 0.18246, -0.119287, 0.124994, 0.207392, -0.608569, 0.765918, -0.002831, 0.067155, -0.772235, -0.631776, -1.2e-05, 0.0, 0.0, 0.0, 1.0],
                [0.976631, 0.183639, -0.111662, 0.124994, 0.204198, -0.63077, 0.74862, -0.002831, 0.067043, -0.753926, -0.65353, -1.2e-05, 0.0, 0.0, 0.0, 1.0],
                [0.977803, 0.182666, -0.102634, 0.124994, 0.19855, -0.651359, 0.73233, -0.002831, 0.06692, -0.736451, -0.673172, -1.2e-05, 0.0, 0.0, 0.0, 1.0],
                [0.979488, 0.179333, -0.091886, 0.124994, 0.190012, -0.670217, 0.717429, -0.002831, 0.067075, -0.720171, -0.690546, -1.2e-05, 0.0, 0.0, 0.0, 1.0],
                [0.981679, 0.173339, -0.079116, 0.124994, 0.178092, -0.687085, 0.704413, -0.002831, 0.067743, -0.705596, -0.705368, -1.2e-05, 0.0, 0.0, 0.0, 1.0],
                [0.984339, 0.164266, -0.063978, 0.124994, 0.162193, -0.701713, 0.693752, -0.002831, 0.069066, -0.693262, -0.717367, -1.2e-05, 0.0, 0.0, 0.0, 1.0],
                [0.98737, 0.151574, -0.046102, 0.124994, 0.141606, -0.713831, 0.685851, -0.002831, 0.071048, -0.683716, -0.726281, -1.2e-05, 0.0, 0.0, 0.0, 1.0],
                [0.990595, 0.134502, -0.02509, 0.124994, 0.115434, -0.723126, 0.681001, -0.002831, 0.073452, -0.677491, -0.731853, -1.2e-05, 0.0, 0.0, 0.0, 1.0],
                [0.993708, 0.111996, -0.000545, 0.124994, 0.082555, -0.729184, 0.67932, -0.002831, 0.075684, -0.675089, -0.733844, -1.2e-05, 0.0, 0.0, 0.0, 1.0],
                [0.996197, 0.08255, 0.027873, 0.124994, 0.04156, -0.731381, 0.680701, -0.00283, 0.076578, -0.676953, -0.732032, -1.2e-05, 0.0, 0.0, 0.0, 1.0],
                [0.997207, 0.04396, 0.060369, 0.124994, -0.009333, -0.728679, 0.68479, -0.002831, 0.074093, -0.68344, -0.726236, -1.2e-05, 0.0, 0.0, 0.0, 1.0],
                [0.995768, -0.003638, 0.091821, 0.124994, -0.068634, -0.693866, 0.716825, -0.002831, 0.061104, -0.720092, -0.691181, -1.2e-05, 0.0, 0.0, 0.0, 1.0],
                [0.990617, -0.053459, 0.125778, 0.124994, -0.131175, -0.630199, 0.765272, -0.00283, 0.038354, -0.774589, -0.6313, -1.2e-05, 0.0, 0.0, 0.0, 1.0],
                [0.981709, -0.102364, 0.160523, 0.124994, -0.189462, -0.608162, 0.770871, -0.002831, 0.018714, -0.787183, -0.616434, -1.2e-05, 0.0, 0.0, 0.0, 1.0],
                [0.976745, -0.129699, 0.170723, 0.124994, -0.212504, -0.691354, 0.690558, -0.002831, 0.028465, -0.710777, -0.70284, -1.2e-05, 0.0, 0.0, 0.0, 1.0],
                [0.985093, -0.063516, 0.159868, 0.124994, -0.14215, -0.823936, 0.548563, -0.002831, 0.096879, -0.563109, -0.820684, -1.2e-05, 0.0, 0.0, 0.0, 1.0],
                [0.987739, 0.028597, 0.153471, 0.124994, -0.040059, -0.903733, 0.426215, -0.002831, 0.150886, -0.427136, -0.891509, -1.2e-05, 0.0, 0.0, 0.0, 1.0],
                [0.987384, 0.059778, 0.146624, 0.124994, 0.008199, -0.944055, 0.329683, -0.002831, 0.158129, -0.32432, -0.932636, -1.2e-05, 0.0, 0.0, 0.0, 1.0],
                [0.988234, 0.052769, 0.143559, 0.124994, 0.015855, -0.968884, 0.247, -0.002831, 0.152126, -0.241818, -0.958323, -1.2e-05, 0.0, 0.0, 0.0, 1.0],
                [0.989859, 0.021345, 0.140445, 0.124994, -0.012651, -0.971472, 0.236813, -0.002831, 0.141493, -0.236188, -0.961351, -1.2e-05, 0.0, 0.0, 0.0, 1.0],
                [0.987837, -0.04328, 0.149349, 0.124994, -0.095369, -0.927254, 0.36208, -0.002831, 0.122814, -0.371919, -0.920105, -1.2e-05, 0.0, 0.0, 0.0, 1.0],
                [0.964568, -0.1718, 0.200231, 0.124994, -0.247424, -0.852508, 0.460446, -0.002831, 0.091594, -0.493672, -0.864811, -1.1e-05, 0.0, 0.0, 0.0, 1.0],
                [0.900633, -0.340716, 0.269762, 0.124994, -0.431351, -0.776386, 0.45952, -0.002831, 0.052873, -0.53022, -0.846209, -1.2e-05, 0.0, 0.0, 0.0, 1.0],
                [0.802959, -0.509101, 0.309955, 0.124994, -0.595581, -0.705617, 0.38391, -0.002831, 0.023261, -0.492866, -0.869794, -1.2e-05, 0.0, 0.0, 0.0, 1.0],
                [0.732008, -0.618243, 0.28625, 0.124994, -0.680639, -0.682075, 0.267403, -0.002831, 0.029924, -0.390573, -0.920085, -1.2e-05, 0.0, 0.0, 0.0, 1.0],
                [0.766389, -0.60508, 0.215697, 0.124994, -0.638833, -0.753131, 0.157113, -0.002831, 0.067382, -0.258204, -0.963738, -1.2e-05, 0.0, 0.0, 0.0, 1.0],
                [0.872078, -0.467275, 0.145373, 0.124994, -0.484387, -0.866508, 0.120543, -0.002831, 0.06964, -0.175539, -0.982006, -1.2e-05, 0.0, 0.0, 0.0, 1.0],
                [0.945096, -0.315827, 0.083937, 0.124994, -0.326159, -0.927592, 0.18218, -0.002831, 0.020322, -0.199553, -0.979677, -1.2e-05, 0.0, 0.0, 0.0, 1.0],
                [0.976385, -0.211231, 0.045313, 0.124994, -0.215377, -0.935369, 0.280526, -0.002831, -0.016871, -0.28366, -0.958776, -1.2e-05, 0.0, 0.0, 0.0, 1.0],
                [0.989967, -0.128415, 0.058947, 0.124994, -0.14101, -0.924494, 0.354152, -0.002831, 0.009017, -0.358911, -0.933328, -1.2e-05, 0.0, 0.0, 0.0, 1.0],
                [0.987837, -0.043281, 0.14935, 0.124994, -0.095369, -0.927254, 0.362079, -0.002831, 0.122814, -0.371917, -0.920106, -1.2e-05, 0.0, 0.0, 0.0, 1.0],
                [0.959871, 0.002607, 0.280428, 0.125171, -0.089707, -0.944562, 0.315837, -0.001974, 0.265706, -0.328318, -0.906425, -9.9e-05, 0.0, 0.0, 0.0, 1.0],
                [0.921452, 0.041724, 0.386242, 0.125652, -0.094567, -0.940218, 0.327176, 0.000371, 0.376803, -0.338002, -0.862423, -0.000406, 0.0, 0.0, 0.0, 1.0],
                [0.883458, 0.13304, 0.449223, 0.126362, -0.077029, -0.904538, 0.419375, 0.00387, 0.462133, -0.405103, -0.788876, -0.001003, 0.0, 0.0, 0.0, 1.0],
                [0.852947, 0.265267, 0.449571, 0.127223, -0.020425, -0.843631, 0.536533, 0.008188, 0.521597, -0.466817, -0.714156, -0.001961, 0.0, 0.0, 0.0, 1.0],
                [0.832839, 0.402651, 0.379803, 0.128161, 0.083081, -0.769325, 0.633431, 0.012988, 0.547244, -0.49599, -0.674179, -0.00335, 0.0, 0.0, 0.0, 1.0],
                [0.820308, 0.510622, 0.257602, 0.129098, 0.224789, -0.702022, 0.675747, 0.017937, 0.525894, -0.496413, -0.690658, -0.005239, 0.0, 0.0, 0.0, 1.0],
                [0.810353, 0.571368, 0.129868, 0.12996, 0.369873, -0.670707, 0.642919, 0.022697, 0.454447, -0.472955, -0.754845, -0.0077, 0.0, 0.0, 0.0, 1.0],
                [0.805482, 0.590903, 0.045055, 0.130669, 0.473537, -0.687475, 0.550582, 0.026935, 0.356315, -0.422148, -0.833564, -0.010802, 0.0, 0.0, 0.0, 1.0],
                [0.815466, 0.57852, 0.018144, 0.13115, 0.512685, -0.736504, 0.441263, 0.030315, 0.268643, -0.350533, -0.897194, -0.014616, 0.0, 0.0, 0.0, 1.0],
                [0.846233, 0.531401, 0.038739, 0.131327, 0.485444, -0.798927, 0.355045, 0.032501, 0.219621, -0.281644, -0.934046, -0.019212, 0.0, 0.0, 0.0, 1.0],
                [0.884272, 0.462464, 0.064719, 0.130718, 0.43035, -0.86086, 0.271507, 0.03384, 0.181276, -0.212234, -0.960258, -0.0246, 0.0, 0.0, 0.0, 1.0],
                [0.915363, 0.397423, 0.064538, 0.129064, 0.385969, -0.91177, 0.140358, 0.034922, 0.114625, -0.103569, -0.987996, -0.030563, 0.0, 0.0, 0.0, 1.0],
                [0.935602, 0.344003, 0.079444, 0.126628, 0.352207, -0.925017, -0.142449, 0.035775, 0.024485, 0.161256, -0.986609, -0.036833, 0.0, 0.0, 0.0, 1.0],
                [0.941024, 0.337083, -0.029133, 0.123669, 0.328438, -0.930768, -0.160614, 0.036424, -0.081256, 0.141573, -0.986588, -0.04314, 0.0, 0.0, 0.0, 1.0],
                [0.930107, 0.339484, -0.140181, 0.120449, 0.313309, -0.932524, -0.179538, 0.036897, -0.191673, 0.123069, -0.973713, -0.049215, 0.0, 0.0, 0.0, 1.0],
                [0.90559, 0.348046, -0.242424, 0.117229, 0.304935, -0.931507, -0.198258, 0.037224, -0.294823, 0.105617, -0.949697, -0.054789, 0.0, 0.0, 0.0, 1.0],
                [0.874194, 0.359124, -0.326824, 0.11427, 0.301201, -0.928974, -0.215132, 0.03743, -0.38087, 0.089628, -0.920275, -0.059594, 0.0, 0.0, 0.0, 1.0],
                [0.844144, 0.369146, -0.388783, 0.111833, 0.299863, -0.92624, -0.228381, 0.037543, -0.444413, 0.076205, -0.892575, -0.063358, 0.0, 0.0, 0.0, 1.0],
                [0.822355, 0.375027, -0.427886, 0.11018, 0.29857, -0.924603, -0.236562, 0.037591, -0.484342, 0.066784, -0.872326, -0.065815, 0.0, 0.0, 0.0, 1.0],
                [0.813531, 0.374336, -0.445017, 0.10957, 0.295367, -0.925188, -0.238288, 0.0376, -0.500925, 0.062411, -0.863238, -0.066693, 0.0, 0.0, 0.0, 1.0],
                [0.817165, 0.372403, -0.439951, 0.10957, 0.295087, -0.925944, -0.235688, 0.0376, -0.495141, 0.062772, -0.866543, -0.066693, 0.0, 0.0, 0.0, 1.0],
                [0.82799, 0.374781, -0.417099, 0.10957, 0.301766, -0.924749, -0.231889, 0.0376, -0.47262, 0.066135, -0.878781, -0.066693, 0.0, 0.0, 0.0, 1.0],
                [0.84304, 0.380001, -0.380633, 0.10957, 0.313827, -0.92227, -0.225669, 0.037601, -0.436802, 0.070795, -0.896768, -0.066693, 0.0, 0.0, 0.0, 1.0],
                [0.859799, 0.386738, -0.333432, 0.10957, 0.329785, -0.919096, -0.215641, 0.0376, -0.389853, 0.075447, -0.917781, -0.066693, 0.0, 0.0, 0.0, 1.0],
                [0.875989, 0.393891, -0.278376, 0.10957, 0.347882, -0.915733, -0.201021, 0.0376, -0.334099, 0.07925, -0.939201, -0.066693, 0.0, 0.0, 0.0, 1.0],
                [0.88963, 0.400632, -0.219208, 0.10957, 0.366072, -0.912575, -0.1822, 0.037601, -0.273039, 0.081844, -0.958516, -0.066693, 0.0, 0.0, 0.0, 1.0],
                [0.899383, 0.406411, -0.161058, 0.10957, 0.382316, -0.909886, -0.161059, 0.0376, -0.212, 0.083278, -0.973716, -0.066693, 0.0, 0.0, 0.0, 1.0],
                [0.904972, 0.391856, -0.165751, 0.10957, 0.394993, -0.91856, -0.015003, 0.037601, -0.158131, -0.051893, -0.986054, -0.066693, 0.0, 0.0, 0.0, 1.0],
                [0.90729, 0.393044, -0.149467, 0.109571, 0.403107, -0.914137, 0.043067, 0.037601, -0.119707, -0.099325, -0.987829, -0.066693, 0.0, 0.0, 0.0, 1.0],
                [0.907806, 0.394653, -0.141908, 0.10957, 0.406002, -0.9118, 0.061482, 0.0376, -0.105128, -0.113428, -0.987969, -0.066693, 0.0, 0.0, 0.0, 1.0]
            ]
        },
        {
            "name": "Leg_R",
            "time": [0.0, 0.025, 0.05, 0.075, 0.1, 0.125, 0.15, 0.175, 0.2, 0.225, 0.25, 0.275, 0.3, 0.325, 0.35, 0.375, 0.4, 0.425, 0.45, 0.475, 0.5, 0.525, 0.55, 0.575, 0.6, 0.625, 0.65, 0.675, 0.7, 0.725, 0.75, 0.775, 0.8, 0.825, 0.85, 0.875, 0.9, 0.925, 0.95, 0.975, 1.0, 1.025, 1.05, 1.075, 1.1, 1.125, 1.15, 1.175, 1.2, 1.225, 1.25, 1.275, 1.3, 1.325, 1.35, 1.375, 1.4, 1.425, 1.45, 1.475, 1.5, 1.525, 1.55, 1.575, 1.6, 1.625, 1.65, 1.675, 1.7, 1.725, 1.75, 1.775, 1.8, 1.825, 1.85, 1.875, 1.9, 1.925, 1.95, 1.975, 2.0, 2.025, 2.05, 2.075, 2.1, 2.125, 2.15, 2.175, 2.2, 2.225, 2.25, 2.275, 2.3, 2.325, 2.35, 2.375, 2.4, 2.425, 2.45, 2.475, 2.5],
            "transform": [
                [1.0, -0.0, 1e-06, -0.0, -0.0, 0.920138, 0.3916, 0.374726, -1e-06, -0.391602, 0.920131, 0.0, 0.0, 0.0, 0.0, 1.0],
                [1.0, -1e-06, 1e-06, -0.0, -0.0, 0.577077, 0.816689, 0.374726, -1e-06, -0.816692, 0.577073, 0.0, 0.0, 0.0, 0.0, 1.0],
                [1.0, -1e-06, 0.0, -0.0, -0.0, 0.223596, 0.974681, 0.374726, -1e-06, -0.974683, 0.223595, 0.0, 0.0, 0.0, 0.0, 1.0],
                [1.0, -1e-06, 0.0, -0.0, -0.0, 0.011162, 0.999937, 0.374726, -1e-06, -0.999939, 0.011161, 0.0, 0.0, 0.0, 0.0, 1.0],
                [1.0, 1.9e-05, 2.4e-05, 0.0, -2e-05, -0.195516, 0.980702, 0.374726, 2.4e-05, -0.980699, -0.195516, -0.0, 0.0, 0.0, 0.0, 1.0],
                [1.0, 1.5e-05, 2.3e-05, 0.0, -1.6e-05, -0.374305, 0.927307, 0.374726, 2.3e-05, -0.927304, -0.374305, 0.0, 0.0, 0.0, 0.0, 1.0],
                [1.0, 1.9e-05, 3.4e-05, -0.0, -2e-05, -0.489892, 0.871784, 0.374726, 3.4e-05, -0.871783, -0.489891, 0.0, 0.0, 0.0, 0.0, 1.0],
                [1.0, 1.7e-05, 3.1e-05, 0.0, -1.8e-05, -0.519963, 0.85419, 0.374726, 3.1e-05, -0.854189, -0.519962, 0.0, 0.0, 0.0, 0.0, 1.0],
                [1.000001, 1.9e-05, 3.2e-05, -0.0, -2e-05, -0.464313, 0.885673, 0.374726, 3.2e-05, -0.885671, -0.464312, 0.0, 0.0, 0.0, 0.0, 1.0],
                [1.0, 2e-05, 3e-05, -0.0, -2.1e-05, -0.371869, 0.928287, 0.374726, 3e-05, -0.928283, -0.371868, 0.0, 0.0, 0.0, 0.0, 1.0],
                [1.0, 1.8e-05, 2.6e-05, 0.0, -1.9e-05, -0.305883, 0.95207, 0.374726, 2.5e-05, -0.952068, -0.305882, -0.0, 0.0, 0.0, 0.0, 1.0],
                [1.0, 9e-06, 1.2e-05, -0.0, -1e-05, -0.279652, 0.960103, 0.374726, 1.2e-05, -0.960099, -0.279651, -0.0, 0.0, 0.0, 0.0, 1.0],
                [1.0, 2.7e-05, 3.6e-05, 0.0, -2.7e-05, -0.25892, 0.9659, 0.374726, 3.5e-05, -0.965898, -0.25892, -0.0, 0.0, 0.0, 0.0, 1.0],
                [1.0, 1.5e-05, 2e-05, 0.0, -1.5e-05, -0.24387, 0.96981, 0.374726, 1.9e-05, -0.969807, -0.24387, -0.0, 0.0, 0.0, 0.0, 1.0],
                [1.000001, 3.4e-05, 4.5e-05, -0.0, -3.5e-05, -0.234153, 0.972201, 0.374726, 4.4e-05, -0.972199, -0.234153, 0.0, 0.0, 0.0, 0.0, 1.0],
                [1.0, 1.5e-05, 2e-05, -0.0, -1.6e-05, -0.229042, 0.973418, 0.374726, 2e-05, -0.973415, -0.229042, -0.0, 0.0, 0.0, 0.0, 1.0],
                [1.0, 1.4e-05, 1.9e-05, -0.0, -1.5e-05, -0.22757, 0.973763, 0.374726, 1.8e-05, -0.97376, -0.22757, -0.0, 0.0, 0.0, 0.0, 1.0],
                [1.0, 2.7e-05, 3.5e-05, -0.0, -2.8e-05, -0.228652, 0.973509, 0.374726, 3.4e-05, -0.973508, -0.228652, -0.0, 0.0, 0.0, 0.0, 1.0],
                [1.0, 1.8e-05, 2.3e-05, 0.0, -1.9e-05, -0.231189, 0.97291, 0.374726, 2.3e-05, -0.972908, -0.231189, -0.0, 0.0, 0.0, 0.0, 1.0],
                [1.0, 1.2e-05, 1.6e-05, -0.0, -1.3e-05, -0.234152, 0.972201, 0.374726, 1.6e-05, -0.972198, -0.234151, -0.0, 0.0, 0.0, 0.0, 1.0],
                [1.0, 2.5e-05, 3.3e-05, -0.0, -2.6e-05, -0.236641, 0.971598, 0.374726, 3.2e-05, -0.971597, -0.236641, 0.0, 0.0, 0.0, 0.0, 1.0],
                [1.0, 1.6e-05, 2.1e-05, 0.0, -1.7e-05, -0.237936, 0.971283, 0.374726, 2.1e-05, -0.971279, -0.237936, -0.0, 0.0, 0.0, 0.0, 1.0],
                [1.0, 2e-05, 2.6e-05, -0.0, -2.1e-05, -0.237499, 0.971389, 0.374726, 2.5e-05, -0.971386, -0.237498, -0.0, 0.0, 0.0, 0.0, 1.0],
                [1.0, 2.2e-05, 2.9e-05, -0.0, -2.2e-05, -0.249245, 0.968442, 0.374726, 2.8e-05, -0.968439, -0.249245, 0.0, 0.0, 0.0, 0.0, 1.0],
                [1.0, 2e-05, 2.8e-05, -0.0, -2.1e-05, -0.282789, 0.959183, 0.374726, 2.7e-05, -0.959181, -0.282789, 0.0, 0.0, 0.0, 0.0, 1.0],
                [1.0, 2.2e-05, 3.1e-05, -0.0, -2.2e-05, -0.33015, 0.94393, 0.374726, 3.1e-05, -0.943927, -0.330149, -0.0, 0.0, 0.0, 0.0, 1.0],
                [1.0, 2.2e-05, 3.4e-05, 0.0, -2.3e-05, -0.382897, 0.923792, 0.374726, 3.4e-05, -0.92379, -0.382897, -0.0, 0.0, 0.0, 0.0, 1.0],
                [1.0, 1.9e-05, 3.1e-05, 0.0, -2e-05, -0.434019, 0.900904, 0.374726, 3e-05, -0.900902, -0.434018, 0.0, 0.0, 0.0, 0.0, 1.0],
                [1.0, 1.6e-05, 2.8e-05, 0.0, -1.7e-05, -0.478809, 0.87792, 0.374726, 2.7e-05, -0.877919, -0.478808, -0.0, 0.0, 0.0, 0.0, 1.0],
                [1.0, 2.2e-05, 3.9e-05, 0.0, -2.2e-05, -0.516115, 0.85652, 0.374726, 3.9e-05, -0.856519, -0.516114, -0.0, 0.0, 0.0, 0.0, 1.0],
                [1.0, 2.1e-05, 3.9e-05, -0.0, -2.2e-05, -0.545968, 0.837807, 0.374726, 3.9e-05, -0.837806, -0.545967, -0.0, 0.0, 0.0, 0.0, 1.0],
                [1.0, 1.8e-05, 3.4e-05, 0.0, -1.8e-05, -0.566179, 0.824284, 0.374726, 3.4e-05, -0.824282, -0.566177, 0.0, 0.0, 0.0, 0.0, 1.0],
                [1.0, 1.6e-05, 3.1e-05, 0.0, -1.6e-05, -0.576044, 0.81742, 0.374726, 3e-05, -0.817419, -0.576043, -0.0, 0.0, 0.0, 0.0, 1.0],
                [1.0, 2.2e-05, 4.2e-05, 0.0, -2.2e-05, -0.577041, 0.816716, 0.374726, 4.2e-05, -0.816716, -0.577039, 0.0, 0.0, 0.0, 0.0, 1.0],
                [1.000001, 1.8e-05, 3.5e-05, -0.0, -1.9e-05, -0.570342, 0.821409, 0.374726, 3.5e-05, -0.821408, -0.57034, 0.0, 0.0, 0.0, 0.0, 1.0],
