{
    "animation": [
        {
            "name": "Root",
            "time": [0.0, 0.0083, 0.0167, 0.025, 0.0333, 0.0417, 0.05, 0.0583, 0.0667, 0.075, 0.0833, 0.0917, 0.1, 0.1083, 0.1167, 0.125, 0.1333, 0.1417, 0.15, 0.1583, 0.1667, 0.175, 0.1833, 0.1917, 0.2, 0.2083, 0.2167, 0.225, 0.2333, 0.2417, 0.25, 0.2583, 0.2667, 0.275, 0.2833, 0.2917, 0.3, 0.3083, 0.3167, 0.325, 0.3333, 0.3417, 0.35, 0.3583, 0.3667, 0.375, 0.3833, 0.3917, 0.4, 0.4083, 0.4167, 0.425, 0.4333, 0.4417, 0.45, 0.4583, 0.4667, 0.475, 0.4833, 0.4917, 0.5, 0.5083, 0.5167, 0.525, 0.5333, 0.5417, 0.55, 0.5583, 0.5667, 0.575, 0.5833, 0.5917, 0.6, 0.6083, 0.6167, 0.625, 0.6333, 0.6417, 0.65, 0.6583, 0.6667, 0.675, 0.6833, 0.6917, 0.7, 0.7083, 0.7167, 0.725, 0.7333, 0.7417, 0.75, 0.7583, 0.7667, 0.775, 0.7833, 0.7917, 0.8, 0.8083, 0.8167, 0.825, 0.8333, 0.8417, 0.85, 0.8583, 0.8667, 0.875, 0.8833, 0.8917, 0.9, 0.9083, 0.9167],
            "transform": [
                [0.822542, 0.362221, 0.438429, 0.155995, -0.444638, 0.890258, 0.098678, 0.263682, -0.354572, -0.276109, 0.893332, 0.96014, 0.0, 0.0, 0.0, 1.0],
                [0.822667, 0.362508, 0.437958, 0.155987, -0.443527, 0.891159, 0.095495, 0.263082, -0.355673, -0.272807, 0.893909, 0.960954, 0.0, 0.0, 0.0, 1.0],
                [0.823023, 0.363331, 0.436604, 0.155959, -0.440259, 0.893725, 0.086178, 0.261321, -0.358893, -0.263146, 0.895517, 0.963295, 0.0, 0.0, 0.0, 1.0],
                [0.823592, 0.36462, 0.434451, 0.155906, -0.434908, 0.897665, 0.071078, 0.258457, -0.364075, -0.247486, 0.897886, 0.967011, 0.0, 0.0, 0.0, 1.0],
                [0.824358, 0.366296, 0.43158, 0.155825, -0.427519, 0.902593, 0.050542, 0.254547, -0.371028, -0.226173, 0.900658, 0.971949, 0.0, 0.0, 0.0, 1.0],
                [0.82531, 0.368269, 0.428068, 0.155711, -0.418114, 0.908053, 0.024917, 0.249647, -0.379532, -0.199546, 0.903403, 0.977957, 0.0, 0.0, 0.0, 1.0],
                [0.826437, 0.37045, 0.423991, 0.155558, -0.406704, 0.913544, -0.005441, 0.243816, -0.38935, -0.167942, 0.90565, 0.984882, 0.0, 0.0, 0.0, 1.0],
                [0.827733, 0.372749, 0.419425, 0.155364, -0.393288, 0.918538, -0.040166, 0.23711, -0.400229, -0.131708, 0.906901, 0.992572, 0.0, 0.0, 0.0, 1.0],
                [0.829186, 0.375081, 0.414446, 0.155123, -0.377864, 0.922495, -0.078878, 0.229587, -0.41191, -0.0912, 0.906649, 1.000875, 0.0, 0.0, 0.0, 1.0],
                [0.830785, 0.377366, 0.409135, 0.154831, -0.360431, 0.924881, -0.121179, 0.221304, -0.42413, -0.046791, 0.904392, 1.009638, 0.0, 0.0, 0.0, 1.0],
                [0.832517, 0.379534, 0.403571, 0.154484, -0.34099, 0.925177, -0.166653, 0.212319, -0.436625, 0.001128, 0.899643, 1.018708, 0.0, 0.0, 0.0, 1.0],
                [0.834364, 0.381524, 0.397838, 0.154077, -0.31955, 0.922887, -0.214868, 0.202688, -0.449137, 0.052149, 0.89194, 1.027935, 0.0, 0.0, 0.0, 1.0],
                [0.836308, 0.383287, 0.392021, 0.153605, -0.296123, 0.917544, -0.265375, 0.19247, -0.461411, 0.105849, 0.88085, 1.037164, 0.0, 0.0, 0.0, 1.0],
                [0.838324, 0.384785, 0.386203, 0.153064, -0.270726, 0.908715, -0.317718, 0.181721, -0.473202, 0.161795, 0.865969, 1.046243, 0.0, 0.0, 0.0, 1.0],
                [0.840387, 0.385994, 0.380472, 0.15245, -0.243379, 0.895997, -0.371426, 0.170499, -0.484269, 0.219542, 0.846926, 1.055022, 0.0, 0.0, 0.0, 1.0],
                [0.842466, 0.386904, 0.37491, 0.151758, -0.214102, 0.879014, -0.426023, 0.158861, -0.494381, 0.278641, 0.823376, 1.063345, 0.0, 0.0, 0.0, 1.0],
                [0.844528, 0.387516, 0.3696, 0.150983, -0.182912, 0.857413, -0.481026, 0.146864, -0.503305, 0.338636, 0.79499, 1.071063, 0.0, 0.0, 0.0, 1.0],
                [0.846537, 0.387846, 0.364624, 0.150122, -0.149819, 0.830855, -0.535942, 0.134566, -0.510813, 0.399067, 0.761456, 1.078021, 0.0, 0.0, 0.0, 1.0],
                [0.848454, 0.387924, 0.360057, 0.14917, -0.114826, 0.799004, -0.590261, 0.122024, -0.516663, 0.459465, 0.722462, 1.084068, 0.0, 0.0, 0.0, 1.0],
                [0.850236, 0.38779, 0.355975, 0.148122, -0.077927, 0.761513, -0.643448, 0.109295, -0.520602, 0.519343, 0.677685, 1.089051, 0.0, 0.0, 0.0, 1.0],
                [0.851835, 0.387503, 0.352446, 0.146973, -0.039103, 0.718016, -0.694928, 0.096437, -0.522348, 0.578182, 0.626783, 1.092818, 0.0, 0.0, 0.0, 1.0],
                [0.85373, 0.386244, 0.349229, 0.145724, 0.001986, 0.668251, -0.743933, 0.083513, -0.520712, 0.635811, 0.569739, 1.095609, 0.0, 0.0, 0.0, 1.0],
                [0.856354, 0.383182, 0.346164, 0.144386, 0.045218, 0.612136, -0.789458, 0.070612, -0.514406, 0.691709, 0.506879, 1.097815, 0.0, 0.0, 0.0, 1.0],
                [0.85958, 0.378383, 0.343438, 0.142977, 0.089806, 0.549766, -0.830477, 0.057829, -0.503049, 0.744704, 0.438587, 1.099509, 0.0, 0.0, 0.0, 1.0],
                [0.863264, 0.371937, 0.341231, 0.141512, 0.134813, 0.481579, -0.865972, 0.045258, -0.486416, 0.793565, 0.365588, 1.100765, 0.0, 0.0, 0.0, 1.0],
                [0.867251, 0.363973, 0.339706, 0.140009, 0.17919, 0.408405, -0.89504, 0.032995, -0.464508, 0.837096, 0.288969, 1.101654, 0.0, 0.0, 0.0, 1.0],
                [0.871378, 0.354665, 0.338989, 0.138483, 0.221829, 0.331473, -0.917016, 0.021134, -0.437599, 0.874265, 0.210164, 1.102252, 0.0, 0.0, 0.0, 1.0],
                [0.875489, 0.344228, 0.339155, 0.136952, 0.261652, 0.252381, -0.931581, 0.009771, -0.406272, 0.904329, 0.130889, 1.102629, 0.0, 0.0, 0.0, 1.0],
                [0.879446, 0.332914, 0.340211, 0.135431, 0.2977, 0.173007, -0.938852, -0.001, -0.371416, 0.92695, 0.053042, 1.102861, 0.0, 0.0, 0.0, 1.0],
                [0.883139, 0.320997, 0.342091, 0.133937, 0.32922, 0.095393, -0.939423, -0.011084, -0.334184, 0.942264, -0.021433, 1.103019, 0.0, 0.0, 0.0, 1.0],
                [0.886503, 0.308751, 0.344652, 0.132487, 0.355729, 0.021593, -0.934339, -0.020385, -0.29592, 0.950898, -0.090689, 1.103178, 0.0, 0.0, 0.0, 1.0],
                [0.889504, 0.296454, 0.347703, 0.131096, 0.377128, -0.046675, -0.924984, -0.028834, -0.257986, 0.953906, -0.153318, 1.103394, 0.0, 0.0, 0.0, 1.0],
                [0.892102, 0.284421, 0.351084, 0.129783, 0.393885, -0.108828, -0.912695, -0.036458, -0.221382, 0.952503, -0.209115, 1.103665, 0.0, 0.0, 0.0, 1.0],
                [0.894278, 0.272951, 0.354634, 0.128562, 0.406647, -0.164795, -0.8986, -0.043307, -0.186831, 0.947808, -0.258367, 1.103973, 0.0, 0.0, 0.0, 1.0],
                [0.896042, 0.262312, 0.358192, 0.12745, 0.416083, -0.214728, -0.88361, -0.049434, -0.154867, 0.940789, -0.301548, 1.104299, 0.0, 0.0, 0.0, 1.0],
                [0.897422, 0.252743, 0.3616, 0.126464, 0.42284, -0.258935, -0.868423, -0.05489, -0.125857, 0.932241, -0.339244, 1.104625, 0.0, 0.0, 0.0, 1.0],
                [0.898456, 0.244464, 0.364711, 0.125621, 0.427514, -0.297825, -0.853541, -0.059727, -0.10004, 0.922788, -0.372095, 1.104933, 0.0, 0.0, 0.0, 1.0],
                [0.899185, 0.237678, 0.367391, 0.124936, 0.430641, -0.331857, -0.839297, -0.063996, -0.077562, 0.912896, -0.400755, 1.105204, 0.0, 0.0, 0.0, 1.0],
                [0.899644, 0.232582, 0.369521, 0.124427, 0.432686, -0.36151, -0.825889, -0.067748, -0.058502, 0.902893, -0.425866, 1.10542, 0.0, 0.0, 0.0, 1.0],
                [0.899865, 0.229369, 0.37099, 0.124109, 0.434055, -0.387261, -0.813404, -0.071035, -0.0429, 0.892983, -0.448041, 1.105563, 0.0, 0.0, 0.0, 1.0],
                [0.899861, 0.228238, 0.371696, 0.123999, 0.43509, -0.409568, -0.801842, -0.073909, -0.030776, 0.883267, -0.467858, 1.105615, 0.0, 0.0, 0.0, 1.0],
                [0.899714, 0.2283, 0.372013, 0.124007, 0.435977, -0.429172, -0.791035, -0.076462, -0.020936, 0.873894, -0.485665, 1.105603, 0.0, 0.0, 0.0, 1.0],
                [0.89951, 0.228516, 0.372372, 0.124029, 0.436731, -0.446646, -0.78088, -0.078759, -0.012125, 0.865036, -0.501563, 1.105564, 0.0, 0.0, 0.0, 1.0],
                [0.899258, 0.228868, 0.372766, 0.124064, 0.437398, -0.46217, -0.771416, -0.080815, -0.004271, 0.856749, -0.515716, 1.105493, 0.0, 0.0, 0.0, 1.0],
                [0.898965, 0.229334, 0.373185, 0.124109, 0.438012, -0.475906, -0.762666, -0.082642, 0.002696, 0.84907, -0.528274, 1.105384, 0.0, 0.0, 0.0, 1.0],
                [0.898639, 0.229896, 0.373625, 0.124165, 0.4386, -0.488006, -0.754639, -0.084255, 0.008842, 0.84202, -0.539374, 1.105233, 0.0, 0.0, 0.0, 1.0],
                [0.898287, 0.230534, 0.374078, 0.124228, 0.439179, -0.498608, -0.747337, -0.085667, 0.014232, 0.83561, -0.549139, 1.105034, 0.0, 0.0, 0.0, 1.0],
                [0.897916, 0.231227, 0.374541, 0.124297, 0.43976, -0.507839, -0.74075, -0.08689, 0.018925, 0.829839, -0.557682, 1.104782, 0.0, 0.0, 0.0, 1.0],
                [0.897532, 0.231956, 0.375009, 0.124372, 0.440349, -0.515818, -0.734863, -0.08794, 0.022981, 0.824699, -0.565105, 1.104473, 0.0, 0.0, 0.0, 1.0],
                [0.897143, 0.232701, 0.375479, 0.124449, 0.440947, -0.522656, -0.729655, -0.088828, 0.026455, 0.820172, -0.571506, 1.1041, 0.0, 0.0, 0.0, 1.0],
                [0.896755, 0.233441, 0.375947, 0.124528, 0.44155, -0.528454, -0.7251, -0.089568, 0.029403, 0.816236, -0.576969, 1.103659, 0.0, 0.0, 0.0, 1.0],
                [0.896375, 0.234155, 0.376409, 0.124607, 0.44215, -0.53331, -0.721168, -0.090174, 0.031878, 0.812866, -0.581577, 1.103145, 0.0, 0.0, 0.0, 1.0],
                [0.896009, 0.234824, 0.376863, 0.124684, 0.442738, -0.537317, -0.717826, -0.09066, 0.033932, 0.810029, -0.585407, 1.102553, 0.0, 0.0, 0.0, 1.0],
                [0.895665, 0.235427, 0.377303, 0.124759, 0.4433, -0.540563, -0.715036, -0.091038, 0.035617, 0.807692, -0.588528, 1.101877, 0.0, 0.0, 0.0, 1.0],
                [0.895351, 0.235942, 0.377728, 0.124828, 0.443823, -0.543133, -0.71276, -0.091322, 0.036986, 0.805815, -0.591011, 1.101112, 0.0, 0.0, 0.0, 1.0],
                [0.895073, 0.236349, 0.378131, 0.124891, 0.44429, -0.545111, -0.710957, -0.091526, 0.038089, 0.804359, -0.592922, 1.100254, 0.0, 0.0, 0.0, 1.0],
                [0.894839, 0.236627, 0.37851, 0.124947, 0.444683, -0.546578, -0.709584, -0.091662, 0.038978, 0.803281, -0.594324, 1.099296, 0.0, 0.0, 0.0, 1.0],
                [0.894658, 0.236755, 0.378859, 0.124992, 0.444984, -0.547614, -0.708596, -0.091745, 0.039705, 0.802537, -0.59528, 1.098235, 0.0, 0.0, 0.0, 1.0],
                [0.894537, 0.236712, 0.379173, 0.125027, 0.445172, -0.548301, -0.707946, -0.091787, 0.040322, 0.802081, -0.595852, 1.097064, 0.0, 0.0, 0.0, 1.0],
                [0.894483, 0.236476, 0.379447, 0.125049, 0.44523, -0.548716, -0.707588, -0.091803, 0.040881, 0.801866, -0.596103, 1.09578, 0.0, 0.0, 0.0, 1.0],
                [0.894504, 0.236029, 0.379675, 0.125057, 0.445136, -0.548941, -0.707473, -0.091805, 0.041435, 0.801845, -0.596094, 1.094376, 0.0, 0.0, 0.0, 1.0],
                [0.894716, 0.235222, 0.379676, 0.124958, 0.444672, -0.548761, -0.707904, -0.091719, 0.041837, 0.802204, -0.595582, 1.092846, 0.0, 0.0, 0.0, 1.0],
                [0.895221, 0.233938, 0.37928, 0.124671, 0.443647, -0.547935, -0.709186, -0.091465, 0.041915, 0.803144, -0.594309, 1.091181, 0.0, 0.0, 0.0, 1.0],
                [0.896004, 0.232202, 0.378497, 0.124204, 0.442085, -0.546493, -0.711271, -0.091054, 0.041687, 0.804629, -0.592312, 1.08937, 0.0, 0.0, 0.0, 1.0],
                [0.897051, 0.230039, 0.377335, 0.123569, 0.440005, -0.544463, -0.714112, -0.090494, 0.041171, 0.806624, -0.58963, 1.087403, 0.0, 0.0, 0.0, 1.0],
                [0.898347, 0.227477, 0.375801, 0.122777, 0.437425, -0.541874, -0.717657, -0.089796, 0.040387, 0.80909, -0.586295, 1.085269, 0.0, 0.0, 0.0, 1.0],
                [0.899877, 0.224541, 0.373902, 0.121836, 0.434365, -0.538751, -0.721854, -0.088967, 0.039354, 0.81199, -0.582343, 1.082957, 0.0, 0.0, 0.0, 1.0],
                [0.901623, 0.221261, 0.371644, 0.120759, 0.430842, -0.53512, -0.726651, -0.088017, 0.038094, 0.815285, -0.577806, 1.080456, 0.0, 0.0, 0.0, 1.0],
                [0.90357, 0.217664, 0.369031, 0.119555, 0.426872, -0.531006, -0.731992, -0.086956, 0.036629, 0.818935, -0.572716, 1.077757, 0.0, 0.0, 0.0, 1.0],
                [0.9057, 0.21378, 0.366068, 0.118235, 0.422474, -0.526433, -0.737824, -0.085793, 0.034979, 0.822901, -0.567107, 1.074847, 0.0, 0.0, 0.0, 1.0],
                [0.907996, 0.209635, 0.362763, 0.116809, 0.417665, -0.521428, -0.744089, -0.084536, 0.033167, 0.827143, -0.561012, 1.071717, 0.0, 0.0, 0.0, 1.0],
                [0.91044, 0.205262, 0.35912, 0.115288, 0.412462, -0.516017, -0.750734, -0.083195, 0.031215, 0.831621, -0.554465, 1.068356, 0.0, 0.0, 0.0, 1.0],
                [0.913015, 0.200688, 0.355146, 0.113683, 0.406884, -0.510227, -0.757703, -0.08178, 0.029143, 0.836297, -0.547501, 1.064754, 0.0, 0.0, 0.0, 1.0],
                [0.915702, 0.195943, 0.35085, 0.112003, 0.400951, -0.504087, -0.764941, -0.0803, 0.026974, 0.841132, -0.540157, 1.060898, 0.0, 0.0, 0.0, 1.0],
                [0.918485, 0.191056, 0.34624, 0.110259, 0.394681, -0.497628, -0.772395, -0.078763, 0.024728, 0.846088, -0.53247, 1.05678, 0.0, 0.0, 0.0, 1.0],
                [0.921346, 0.186058, 0.341327, 0.108463, 0.388097, -0.490881, -0.780011, -0.077179, 0.022424, 0.851128, -0.524479, 1.052388, 0.0, 0.0, 0.0, 1.0],
                [0.924267, 0.180976, 0.336123, 0.106623, 0.381219, -0.483881, -0.787739, -0.075558, 0.020081, 0.856217, -0.516226, 1.047711, 0.0, 0.0, 0.0, 1.0],
                [0.927231, 0.17584, 0.33064, 0.104751, 0.37407, -0.476663, -0.795527, -0.073908, 0.017718, 0.86132, -0.507753, 1.04274, 0.0, 0.0, 0.0, 1.0],
                [0.930222, 0.170677, 0.324893, 0.102857, 0.366675, -0.469266, -0.80333, -0.072239, 0.015352, 0.866406, -0.499105, 1.037463, 0.0, 0.0, 0.0, 1.0],
                [0.933224, 0.165515, 0.3189, 0.100952, 0.359059, -0.46173, -0.811099, -0.070559, 0.012997, 0.871441, -0.490327, 1.031869, 0.0, 0.0, 0.0, 1.0],
                [0.936222, 0.16038, 0.312677, 0.099045, 0.351247, -0.454096, -0.818793, -0.068879, 0.010667, 0.876399, -0.481468, 1.025949, 0.0, 0.0, 0.0, 1.0],
                [0.9392, 0.155298, 0.306244, 0.097149, 0.343268, -0.446409, -0.826369, -0.067207, 0.008377, 0.88125, -0.472576, 1.019691, 0.0, 0.0, 0.0, 1.0],
                [0.942145, 0.150293, 0.299624, 0.095272, 0.335149, -0.438715, -0.833789, -0.065553, 0.006136, 0.885969, -0.463704, 1.013084, 0.0, 0.0, 0.0, 1.0],
                [0.945044, 0.14539, 0.292838, 0.093426, 0.32692, -0.43106, -0.841018, -0.063926, 0.003955, 0.890533, -0.454902, 1.006119, 0.0, 0.0, 0.0, 1.0],
                [0.947884, 0.140609, 0.28591, 0.09162, 0.31861, -0.423495, -0.848021, -0.062335, 0.001842, 0.894919, -0.446224, 0.998783, 0.0, 0.0, 0.0, 1.0],
                [0.950655, 0.135973, 0.278866, 0.089866, 0.31025, -0.41607, -0.854769, -0.060789, -0.000198, 0.899109, -0.437725, 0.991068, 0.0, 0.0, 0.0, 1.0],
                [0.953346, 0.131501, 0.271733, 0.088174, 0.301872, -0.408836, -0.861235, -0.059297, -0.002159, 0.903084, -0.429459, 0.982961, 0.0, 0.0, 0.0, 1.0],
                [0.955948, 0.127212, 0.264538, 0.086554, 0.293508, -0.401848, -0.867393, -0.057869, -0.004038, 0.906827, -0.421483, 0.974453, 0.0, 0.0, 0.0, 1.0],
                [0.958453, 0.123121, 0.25731, 0.085017, 0.28519, -0.395157, -0.873223, -0.056515, -0.005834, 0.910325, -0.413852, 0.965533, 0.0, 0.0, 0.0, 1.0],
                [0.960855, 0.119245, 0.250077, 0.083573, 0.27695, -0.388819, -0.878703, -0.055242, -0.007546, 0.913565, -0.406624, 0.95619, 0.0, 0.0, 0.0, 1.0],
                [0.963147, 0.115599, 0.24287, 0.082233, 0.268821, -0.382889, -0.883816, -0.054061, -0.009176, 0.916533, -0.399853, 0.946413, 0.0, 0.0, 0.0, 1.0],
                [0.965323, 0.112195, 0.235718, 0.081007, 0.260836, -0.377421, -0.888548, -0.052981, -0.010726, 0.91922, -0.393598, 0.936192, 0.0, 0.0, 0.0, 1.0],
                [0.967382, 0.109045, 0.228651, 0.079906, 0.253028, -0.372471, -0.892884, -0.05201, -0.012199, 0.921615, -0.387913, 0.925516, 0.0, 0.0, 0.0, 1.0],
                [0.969319, 0.106161, 0.221699, 0.07894, 0.24543, -0.368093, -0.896812, -0.051158, -0.0136, 0.923709, -0.382854, 0.914374, 0.0, 0.0, 0.0, 1.0],
                [0.971132, 0.103551, 0.214894, 0.07812, 0.238074, -0.364342, -0.90032, -0.050435, -0.014935, 0.92549, -0.378477, 0.902756, 0.0, 0.0, 0.0, 1.0],
                [0.97282, 0.101226, 0.208263, 0.077455, 0.230993, -0.361271, -0.903397, -0.04985, -0.016208, 0.92695, -0.374834, 0.890651, 0.0, 0.0, 0.0, 1.0],
                [0.974384, 0.099147, 0.201855, 0.076922, 0.224215, -0.358778, -0.906094, -0.04938, -0.017415, 0.928142, -0.371818, 0.878049, 0.0, 0.0, 0.0, 1.0],
                [0.975828, 0.097091, 0.195786, 0.076357, 0.217753, -0.356135, -0.908709, -0.048882, -0.018501, 0.929377, -0.368669, 0.864939, 0.0, 0.0, 0.0, 1.0],
                [0.977161, 0.0948, 0.19018, 0.075559, 0.211612, -0.352452, -0.911591, -0.048178, -0.01939, 0.931016, -0.364463, 0.851309, 0.0, 0.0, 0.0, 1.0],
                [0.978391, 0.092023, 0.185154, 0.07433, 0.205793, -0.34683, -0.915073, -0.047095, -0.019991, 0.933403, -0.358273, 0.837151, 0.0, 0.0, 0.0, 1.0],
                [0.979527, 0.088514, 0.180812, 0.072469, 0.200298, -0.338352, -0.919456, -0.045455, -0.020207, 0.936847, -0.349154, 0.822452, 0.0, 0.0, 0.0, 1.0],
                [0.980575, 0.084026, 0.177238, 0.069778, 0.195131, -0.326074, -0.924986, -0.043083, -0.01993, 0.941603, -0.336136, 0.807202, 0.0, 0.0, 0.0, 1.0],
                [0.98154, 0.078303, 0.174491, 0.066058, 0.190305, -0.309005, -0.931826, -0.039804, -0.019046, 0.947831, -0.318203, 0.79139, 0.0, 0.0, 0.0, 1.0],
                [0.982425, 0.071076, 0.172597, 0.061109, 0.185843, -0.286098, -0.940005, -0.035442, -0.017432, 0.955561, -0.294279, 0.775007, 0.0, 0.0, 0.0, 1.0],
                [0.983223, 0.062057, 0.171525, 0.054731, 0.181791, -0.256237, -0.949365, -0.029821, -0.014963, 0.96462, -0.26322, 0.758041, 0.0, 0.0, 0.0, 1.0],
                [0.983923, 0.050933, 0.171178, 0.046726, 0.178224, -0.218239, -0.959483, -0.022765, -0.011512, 0.974565, -0.223808, 0.740481, 0.0, 0.0, 0.0, 1.0],
                [0.984498, 0.037377, 0.171365, 0.036893, 0.175255, -0.170882, -0.96958, -0.014098, -0.006957, 0.984582, -0.174783, 0.722317, 0.0, 0.0, 0.0, 1.0],
                [0.984912, 0.021055, 0.171769, 0.025034, 0.17305, -0.112962, -0.978414, -0.003646, -0.001197, 0.993376, -0.114901, 0.703539, 0.0, 0.0, 0.0, 1.0],
                [0.985109, 0.001654, 0.171921, 0.010949, 0.17183, -0.043421, -0.984169, 0.008768, 0.005837, 0.999056, -0.043058, 0.684134, 0.0, 0.0, 0.0, 1.0],
                [0.985016, -0.021062, 0.171172, -0.005561, 0.171881, 0.038456, -0.984367, 0.02332, 0.01415, 0.999038, 0.0415, 0.664094, 0.0, 0.0, 0.0, 1.0],
                [0.846484, 0.267824, -0.460147, -0.024791, -0.392438, -0.270202, -0.879195, 0.06476, -0.359802, 0.924803, -0.123617, 0.650412, 0.0, 0.0, 0.0, 1.0]
            ]
        },
        {
            "name": "Thigh_R",
            "time": [0.0, 0.0083, 0.0167, 0.025, 0.0333, 0.0417, 0.05, 0.0583, 0.0667, 0.075, 0.0833, 0.0917, 0.1, 0.1083, 0.1167, 0.125, 0.1333, 0.1417, 0.15, 0.1583, 0.1667, 0.175, 0.1833, 0.1917, 0.2, 0.2083, 0.2167, 0.225, 0.2333, 0.2417, 0.25, 0.2583, 0.2667, 0.275, 0.2833, 0.2917, 0.3, 0.3083, 0.3167, 0.325, 0.3333, 0.3417, 0.35, 0.3583, 0.3667, 0.375, 0.3833, 0.3917, 0.4, 0.4083, 0.4167, 0.425, 0.4333, 0.4417, 0.45, 0.4583, 0.4667, 0.475, 0.4833, 0.4917, 0.5, 0.5083, 0.5167, 0.525, 0.5333, 0.5417, 0.55, 0.5583, 0.5667, 0.575, 0.5833, 0.5917, 0.6, 0.6083, 0.6167, 0.625, 0.6333, 0.6417, 0.65, 0.6583, 0.6667, 0.675, 0.6833, 0.6917, 0.7, 0.7083, 0.7167, 0.725, 0.7333, 0.7417, 0.75, 0.7583, 0.7667, 0.775, 0.7833, 0.7917, 0.8, 0.8083, 0.8167, 0.825, 0.8333, 0.8417, 0.85, 0.8583, 0.8667, 0.875, 0.8833, 0.8917, 0.9, 0.9083, 0.9167],
            "transform": [
                [0.842738, 0.289847, 0.453632, 0.133511, 0.271689, -0.956482, 0.106411, 0.025783, 0.464734, 0.03357, -0.884814, 0.047991, 0.0, 0.0, 0.0, 1.0],
                [0.842786, 0.297805, 0.448356, 0.133511, 0.272022, -0.954443, 0.122632, 0.025782, 0.464452, 0.01861, -0.885403, 0.04799, 0.0, 0.0, 0.0, 1.0],
                [0.842918, 0.31647, 0.435127, 0.133511, 0.272974, -0.948449, 0.161016, 0.025782, 0.463653, -0.016945, -0.885855, 0.047991, 0.0, 0.0, 0.0, 1.0],
                [0.843119, 0.339147, 0.417287, 0.133511, 0.274468, -0.93874, 0.208401, 0.025782, 0.462404, -0.061175, -0.884556, 0.047991, 0.0, 0.0, 0.0, 1.0],
                [0.843381, 0.362544, 0.396572, 0.133511, 0.276424, -0.925653, 0.258367, 0.025782, 0.460759, -0.10828, -0.880895, 0.047991, 0.0, 0.0, 0.0, 1.0],
                [0.843697, 0.385252, 0.373837, 0.133511, 0.27876, -0.909557, 0.308212, 0.025782, 0.458767, -0.155827, -0.874786, 0.047991, 0.0, 0.0, 0.0, 1.0],
                [0.844065, 0.406633, 0.349576, 0.133511, 0.281399, -0.890807, 0.356756, 0.025782, 0.456474, -0.202755, -0.866327, 0.04799, 0.0, 0.0, 0.0, 1.0],
                [0.84448, 0.426357, 0.324149, 0.133511, 0.284265, -0.869741, 0.403412, 0.025782, 0.453924, -0.248529, -0.855679, 0.047991, 0.0, 0.0, 0.0, 1.0],
                [0.844935, 0.444235, 0.29789, 0.133511, 0.287288, -0.846712, 0.447817, 0.025782, 0.451164, -0.292796, -0.843042, 0.047991, 0.0, 0.0, 0.0, 1.0],
                [0.845423, 0.460137, 0.271168, 0.133511, 0.290409, -0.822134, 0.489649, 0.025782, 0.448243, -0.335211, -0.82868, 0.04799, 0.0, 0.0, 0.0, 1.0],
                [0.845932, 0.473971, 0.244438, 0.133511, 0.293573, -0.796535, 0.528531, 0.025782, 0.445213, -0.37534, -0.812961, 0.047991, 0.0, 0.0, 0.0, 1.0],
                [0.846444, 0.485674, 0.218292, 0.133511, 0.296738, -0.770642, 0.563965, 0.025783, 0.442128, -0.412588, -0.796425, 0.047991, 0.0, 0.0, 0.0, 1.0],
                [0.846941, 0.49523, 0.193488, 0.133511, 0.299873, -0.745431, 0.595321, 0.025782, 0.439053, -0.446179, -0.779844, 0.047991, 0.0, 0.0, 0.0, 1.0],
                [0.847396, 0.502685, 0.170958, 0.133511, 0.302952, -0.722177, 0.621836, 0.025782, 0.43605, -0.475149, -0.76426, 0.047991, 0.0, 0.0, 0.0, 1.0],
                [0.847783, 0.508154, 0.151799, 0.133511, 0.305964, -0.702427, 0.642636, 0.025782, 0.433186, -0.49837, -0.750983, 0.04799, 0.0, 0.0, 0.0, 1.0],
                [0.84807, 0.51181, 0.137209, 0.133511, 0.308902, -0.687918, 0.65677, 0.025783, 0.430531, -0.514602, -0.741503, 0.04799, 0.0, 0.0, 0.0, 1.0],
                [0.848224, 0.513832, 0.12842, 0.133511, 0.311771, -0.680414, 0.663201, 0.025782, 0.428152, -0.522504, -0.737343, 0.04799, 0.0, 0.0, 0.0, 1.0],
                [0.848209, 0.514306, 0.126609, 0.133511, 0.314586, -0.681486, 0.660766, 0.025782, 0.426119, -0.520637, -0.739837, 0.047991, 0.0, 0.0, 0.0, 1.0],
                [0.847982, 0.513104, 0.132848, 0.133511, 0.317376, -0.692301, 0.648067, 0.025782, 0.424497, -0.507385, -0.749908, 0.047991, 0.0, 0.0, 0.0, 1.0],
                [0.847501, 0.509717, 0.148088, 0.133511, 0.320184, -0.713446, 0.623278, 0.025782, 0.423349, -0.480813, -0.767851, 0.047991, 0.0, 0.0, 0.0, 1.0],
                [0.846712, 0.503064, 0.173217, 0.133511, 0.323073, -0.744801, 0.583861, 0.025782, 0.422732, -0.4384, -0.79316, 0.047991, 0.0, 0.0, 0.0, 1.0],
                [0.846063, 0.490015, 0.20991, 0.133511, 0.325068, -0.786323, 0.525382, 0.025782, 0.422503, -0.37627, -0.824568, 0.047991, 0.0, 0.0, 0.0, 1.0],
                [0.845978, 0.465593, 0.259892, 0.133511, 0.325305, -0.836846, 0.440299, 0.025782, 0.42249, -0.287939, -0.859415, 0.047991, 0.0, 0.0, 0.0, 1.0],
                [0.846368, 0.420212, 0.327235, 0.133511, 0.324003, -0.893876, 0.309845, 0.025782, 0.422709, -0.156218, -0.8927, 0.047991, 0.0, 0.0, 0.0, 1.0],
                [0.847147, 0.325887, 0.419688, 0.133511, 0.321349, -0.943245, 0.083784, 0.025782, 0.423174, 0.063889, -0.903793, 0.047991, 0.0, 0.0, 0.0, 1.0],
                [0.848233, 0.306388, 0.432002, 0.133511, 0.317497, -0.947028, 0.048259, 0.025782, 0.423905, 0.096224, -0.900581, 0.047991, 0.0, 0.0, 0.0, 1.0],
                [0.849548, 0.283803, 0.444661, 0.133511, 0.312578, -0.949847, 0.009042, 0.025782, 0.424927, 0.13131, -0.895654, 0.047991, 0.0, 0.0, 0.0, 1.0],
                [0.851015, 0.25902, 0.456816, 0.133511, 0.306712, -0.951262, -0.032004, 0.025782, 0.426263, 0.167347, -0.888986, 0.047991, 0.0, 0.0, 0.0, 1.0],
                [0.852564, 0.233124, 0.467747, 0.133511, 0.300018, -0.95115, -0.072791, 0.025783, 0.427929, 0.202391, -0.88086, 0.047991, 0.0, 0.0, 0.0, 1.0],
                [0.854127, 0.207375, 0.47693, 0.133511, 0.292624, -0.949751, -0.111092, 0.025782, 0.429927, 0.234448, -0.871893, 0.047991, 0.0, 0.0, 0.0, 1.0],
                [0.855654, 0.183167, 0.484051, 0.133511, 0.284671, -0.947653, -0.144614, 0.025782, 0.432224, 0.261535, -0.863007, 0.047991, 0.0, 0.0, 0.0, 1.0],
                [0.857013, 0.162678, 0.488943, 0.13351, 0.276953, -0.945573, -0.170835, 0.025783, 0.434541, 0.281822, -0.855425, 0.047991, 0.0, 0.0, 0.0, 1.0],
                [0.85807, 0.147103, 0.492012, 0.133511, 0.270255, -0.944039, -0.189074, 0.025782, 0.436666, 0.295206, -0.849809, 0.047991, 0.0, 0.0, 0.0, 1.0],
                [0.858813, 0.136309, 0.493822, 0.133511, 0.264694, -0.943377, -0.199933, 0.025782, 0.438608, 0.302416, -0.846267, 0.047991, 0.0, 0.0, 0.0, 1.0],
                [0.859252, 0.130016, 0.494754, 0.133511, 0.260356, -0.943675, -0.20418, 0.025782, 0.44034, 0.304253, -0.844707, 0.047991, 0.0, 0.0, 0.0, 1.0],
                [0.859424, 0.127837, 0.495025, 0.133511, 0.257293, -0.944835, -0.202693, 0.025782, 0.441805, 0.301565, -0.844907, 0.047991, 0.0, 0.0, 0.0, 1.0],
                [0.859373, 0.129317, 0.494727, 0.133511, 0.255527, -0.946636, -0.196426, 0.025782, 0.442925, 0.295219, -0.84656, 0.047991, 0.0, 0.0, 0.0, 1.0],
                [0.859157, 0.133961, 0.493865, 0.133511, 0.255068, -0.94879, -0.186372, 0.025782, 0.443608, 0.286091, -0.849331, 0.047991, 0.0, 0.0, 0.0, 1.0],
                [0.85883, 0.141267, 0.492397, 0.133511, 0.25592, -0.950993, -0.173534, 0.025782, 0.443751, 0.27505, -0.852897, 0.047991, 0.0, 0.0, 0.0, 1.0],
                [0.85844, 0.150752, 0.49026, 0.133511, 0.258102, -0.952959, -0.158904, 0.025783, 0.443243, 0.262946, -0.856969, 0.047991, 0.0, 0.0, 0.0, 1.0],
                [0.858024, 0.161969, 0.487402, 0.133511, 0.261651, -0.954442, -0.143439, 0.025782, 0.441965, 0.250603, -0.861316, 0.047991, 0.0, 0.0, 0.0, 1.0],
                [0.857596, 0.174034, 0.483985, 0.133511, 0.265719, -0.955619, -0.127214, 0.025782, 0.440366, 0.237702, -0.865781, 0.047991, 0.0, 0.0, 0.0, 1.0],
                [0.85715, 0.186503, 0.480115, 0.133511, 0.269463, -0.956774, -0.109407, 0.025783, 0.438957, 0.22315, -0.870357, 0.047991, 0.0, 0.0, 0.0, 1.0],
                [0.856686, 0.199569, 0.47567, 0.133511, 0.272933, -0.957841, -0.089689, 0.025783, 0.437717, 0.206661, -0.875041, 0.047991, 0.0, 0.0, 0.0, 1.0],
                [0.856205, 0.213349, 0.470528, 0.133511, 0.27617, -0.958711, -0.067832, 0.025782, 0.436628, 0.188023, -0.879776, 0.047991, 0.0, 0.0, 0.0, 1.0],
                [0.855708, 0.227899, 0.464571, 0.133511, 0.279199, -0.959236, -0.043701, 0.025783, 0.435674, 0.167102, -0.884458, 0.047991, 0.0, 0.0, 0.0, 1.0],
                [0.855199, 0.243218, 0.457688, 0.133511, 0.28204, -0.959246, -0.017247, 0.025782, 0.434841, 0.143836, -0.888946, 0.04799, 0.0, 0.0, 0.0, 1.0],
                [0.854684, 0.259247, 0.449784, 0.133511, 0.284708, -0.958544, 0.011483, 0.025782, 0.434115, 0.118242, -0.893064, 0.047991, 0.0, 0.0, 0.0, 1.0],
                [0.854167, 0.275869, 0.440788, 0.133511, 0.287209, -0.95693, 0.042341, 0.025782, 0.433484, 0.090431, -0.896612, 0.047991, 0.0, 0.0, 0.0, 1.0],
                [0.853655, 0.292912, 0.43067, 0.133511, 0.289548, -0.954215, 0.075062, 0.025782, 0.432938, 0.060623, -0.899384, 0.04799, 0.0, 0.0, 0.0, 1.0],
                [0.853153, 0.310145, 0.41945, 0.133511, 0.291726, -0.95024, 0.109253, 0.025782, 0.432463, 0.029154, -0.90118, 0.047991, 0.0, 0.0, 0.0, 1.0],
                [0.852672, 0.32729, 0.407224, 0.133511, 0.293739, -0.944915, 0.14439, 0.025782, 0.432051, -0.0035, -0.901843, 0.047991, 0.0, 0.0, 0.0, 1.0],
                [0.852219, 0.344023, 0.394172, 0.133511, 0.295582, -0.938241, 0.179813, 0.025782, 0.431689, -0.03673, -0.901276, 0.047991, 0.0, 0.0, 0.0, 1.0],
                [0.851803, 0.359996, 0.380572, 0.133511, 0.297246, -0.930338, 0.214741, 0.025782, 0.431367, -0.069794, -0.899473, 0.047991, 0.0, 0.0, 0.0, 1.0],
                [0.851435, 0.374847, 0.366807, 0.133511, 0.298718, -0.921475, 0.248291, 0.025783, 0.431075, -0.101831, -0.896551, 0.047991, 0.0, 0.0, 0.0, 1.0],
                [0.851127, 0.388226, 0.35336, 0.133511, 0.299984, -0.912076, 0.27951, 0.025782, 0.430804, -0.131896, -0.892755, 0.047991, 0.0, 0.0, 0.0, 1.0],
                [0.850891, 0.399799, 0.340799, 0.133511, 0.301024, -0.902707, 0.307409, 0.025782, 0.430544, -0.158982, -0.888457, 0.047991, 0.0, 0.0, 0.0, 1.0],
                [0.85074, 0.441125, 0.285741, 0.133511, 0.301816, -0.855116, 0.421524, 0.025783, 0.430287, -0.272366, -0.860623, 0.047991, 0.0, 0.0, 0.0, 1.0],
                [0.85069, 0.463818, 0.247383, 0.133511, 0.302333, -0.816683, 0.49155, 0.025783, 0.430024, -0.343364, -0.834974, 0.04799, 0.0, 0.0, 0.0, 1.0],
                [0.850754, 0.474565, 0.225841, 0.133511, 0.302548, -0.793594, 0.527893, 0.025783, 0.429746, -0.380779, -0.818734, 0.047991, 0.0, 0.0, 0.0, 1.0],
                [0.850947, 0.47847, 0.216688, 0.133511, 0.302429, -0.783618, 0.542658, 0.025782, 0.429447, -0.39624, -0.811523, 0.047991, 0.0, 0.0, 0.0, 1.0],
                [0.85132, 0.479826, 0.212181, 0.133507, 0.30192, -0.778806, 0.549821, 0.025742, 0.429067, -0.404011, -0.807885, 0.047955, 0.0, 0.0, 0.0, 1.0],
                [0.851905, 0.481848, 0.20513, 0.133496, 0.300999, -0.771049, 0.561143, 0.025624, 0.428552, -0.416296, -0.801898, 0.047849, 0.0, 0.0, 0.0, 1.0],
                [0.852695, 0.484198, 0.19612, 0.133479, 0.29969, -0.760882, 0.575538, 0.02543, 0.427898, -0.431982, -0.793911, 0.047678, 0.0, 0.0, 0.0, 1.0],
                [0.853679, 0.486553, 0.185733, 0.133455, 0.298022, -0.748855, 0.591944, 0.025165, 0.427099, -0.449978, -0.784287, 0.047445, 0.0, 0.0, 0.0, 1.0],
                [0.854849, 0.488662, 0.174473, 0.133425, 0.296022, -0.735459, 0.609483, 0.024832, 0.42615, -0.469367, -0.773363, 0.047154, 0.0, 0.0, 0.0, 1.0],
                [0.856194, 0.490349, 0.162752, 0.13339, 0.293723, -0.721125, 0.627459, 0.024433, 0.425038, -0.489422, -0.761451, 0.046809, 0.0, 0.0, 0.0, 1.0],
                [0.857705, 0.4915, 0.150897, 0.13335, 0.291157, -0.70622, 0.645352, 0.023973, 0.423758, -0.509585, -0.748833, 0.046414, 0.0, 0.0, 0.0, 1.0],
                [0.859369, 0.492052, 0.139168, 0.133304, 0.288359, -0.691071, 0.662774, 0.023455, 0.422294, -0.529437, -0.735774, 0.045972, 0.0, 0.0, 0.0, 1.0],
                [0.86118, 0.491977, 0.127768, 0.133255, 0.285365, -0.675966, 0.679437, 0.022881, 0.420635, -0.548657, -0.722524, 0.045488, 0.0, 0.0, 0.0, 1.0],
                [0.863129, 0.491275, 0.116859, 0.133202, 0.282215, -0.661175, 0.695127, 0.022256, 0.418764, -0.567004, -0.709326, 0.044965, 0.0, 0.0, 0.0, 1.0],
                [0.865206, 0.489958, 0.106573, 0.133145, 0.278947, -0.646949, 0.709679, 0.021583, 0.416661, -0.584289, -0.696418, 0.044407, 0.0, 0.0, 0.0, 1.0],
                [0.867406, 0.488052, 0.097009, 0.133085, 0.275604, -0.633528, 0.722969, 0.020865, 0.414304, -0.600371, -0.684036, 0.043817, 0.0, 0.0, 0.0, 1.0],
                [0.869725, 0.485583, 0.088248, 0.133022, 0.272228, -0.621141, 0.734899, 0.020105, 0.411669, -0.615135, -0.672411, 0.043201, 0.0, 0.0, 0.0, 1.0],
                [0.872158, 0.48258, 0.080347, 0.132956, 0.26886, -0.610007, 0.745389, 0.019306, 0.408723, -0.628494, -0.66177, 0.042561, 0.0, 0.0, 0.0, 1.0],
                [0.874707, 0.479069, 0.07335, 0.132889, 0.265542, -0.600338, 0.754374, 0.018472, 0.405433, -0.640377, -0.652334, 0.041901, 0.0, 0.0, 0.0, 1.0],
                [0.877372, 0.47507, 0.067278, 0.13282, 0.262314, -0.59233, 0.761798, 0.017607, 0.401758, -0.650731, -0.644312, 0.041226, 0.0, 0.0, 0.0, 1.0],
                [0.880157, 0.470596, 0.062142, 0.13275, 0.259212, -0.586166, 0.767606, 0.016713, 0.397658, -0.659505, -0.637903, 0.040538, 0.0, 0.0, 0.0, 1.0],
                [0.883069, 0.465651, 0.057936, 0.132679, 0.256266, -0.582007, 0.771747, 0.015795, 0.393085, -0.666658, -0.633285, 0.039843, 0.0, 0.0, 0.0, 1.0],
                [0.886113, 0.460236, 0.054641, 0.132607, 0.253502, -0.579991, 0.774175, 0.014854, 0.387994, -0.672154, -0.63061, 0.039143, 0.0, 0.0, 0.0, 1.0],
                [0.889295, 0.45434, 0.05223, 0.132536, 0.250932, -0.580229, 0.774833, 0.013896, 0.382344, -0.675948, -0.630004, 0.038443, 0.0, 0.0, 0.0, 1.0],
                [0.892619, 0.447954, 0.050666, 0.132465, 0.248558, -0.582797, 0.77367, 0.012922, 0.376097, -0.677998, -0.631559, 0.037746, 0.0, 0.0, 0.0, 1.0],
                [0.896086, 0.441066, 0.049906, 0.132395, 0.246372, -0.587732, 0.770631, 0.011936, 0.369231, -0.678255, -0.635326, 0.037056, 0.0, 0.0, 0.0, 1.0],
                [0.899687, 0.433672, 0.0499, 0.132326, 0.244352, -0.595026, 0.76566, 0.010942, 0.361738, -0.67666, -0.641307, 0.036378, 0.0, 0.0, 0.0, 1.0],
                [0.903412, 0.425776, 0.0506, 0.132258, 0.242463, -0.604624, 0.75871, 0.009943, 0.353635, -0.673158, -0.649461, 0.035714, 0.0, 0.0, 0.0, 1.0],
                [0.907238, 0.417396, 0.051955, 0.132192, 0.240666, -0.616425, 0.749733, 0.008942, 0.344962, -0.667681, -0.659698, 0.035069, 0.0, 0.0, 0.0, 1.0],
                [0.911136, 0.408563, 0.053911, 0.132129, 0.238915, -0.630275, 0.738696, 0.007942, 0.335784, -0.660171, -0.67188, 0.034447, 0.0, 0.0, 0.0, 1.0],
                [0.915069, 0.399331, 0.056419, 0.132068, 0.237167, -0.645979, 0.725577, 0.006948, 0.326191, -0.650571, -0.685825, 0.033851, 0.0, 0.0, 0.0, 1.0],
                [0.918996, 0.389762, 0.059423, 0.13201, 0.235383, -0.663298, 0.710373, 0.005961, 0.316292, -0.638841, -0.701313, 0.033285, 0.0, 0.0, 0.0, 1.0],
                [0.922874, 0.379933, 0.062871, 0.131956, 0.233538, -0.681964, 0.693096, 0.004986, 0.306206, -0.624956, -0.718098, 0.032753, 0.0, 0.0, 0.0, 1.0],
                [0.926663, 0.369928, 0.066707, 0.131906, 0.231616, -0.701691, 0.673782, 0.004026, 0.296059, -0.608917, -0.735913, 0.032259, 0.0, 0.0, 0.0, 1.0],
                [0.93032, 0.359833, 0.070874, 0.13186, 0.22962, -0.722176, 0.652484, 0.003085, 0.285969, -0.590743, -0.754482, 0.031807, 0.0, 0.0, 0.0, 1.0],
                [0.933817, 0.349733, 0.075314, 0.131819, 0.227562, -0.74312, 0.629274, 0.002164, 0.276046, -0.570487, -0.773526, 0.031401, 0.0, 0.0, 0.0, 1.0],
                [0.937124, 0.339707, 0.079975, 0.131783, 0.225469, -0.764234, 0.604242, 0.001268, 0.266385, -0.548217, -0.792778, 0.031043, 0.0, 0.0, 0.0, 1.0],
                [0.940225, 0.329827, 0.084806, 0.131752, 0.223374, -0.785247, 0.577486, 0.000401, 0.257064, -0.524022, -0.811984, 0.03074, 0.0, 0.0, 0.0, 1.0],
                [0.943103, 0.320153, 0.089766, 0.131727, 0.221317, -0.805911, 0.549112, -0.000435, 0.248144, -0.498001, -0.830914, 0.030493, 0.0, 0.0, 0.0, 1.0],
                [0.945737, 0.310763, 0.094907, 0.131707, 0.219292, -0.825963, 0.51932, -0.001235, 0.239776, -0.470327, -0.849293, 0.030294, 0.0, 0.0, 0.0, 1.0],
                [0.948051, 0.301789, 0.100612, 0.131686, 0.217127, -0.845009, 0.488685, -0.001998, 0.232497, -0.441452, -0.86664, 0.030083, 0.0, 0.0, 0.0, 1.0],
                [0.949974, 0.293303, 0.107336, 0.131656, 0.214632, -0.862722, 0.457865, -0.002718, 0.226895, -0.411921, -0.882518, 0.029788, 0.0, 0.0, 0.0, 1.0],
                [0.951449, 0.2853, 0.115533, 0.13161, 0.211633, -0.878891, 0.427503, -0.003392, 0.223508, -0.382296, -0.896601, 0.029337, 0.0, 0.0, 0.0, 1.0],
                [0.952414, 0.2777, 0.125663, 0.13154, 0.207954, -0.893408, 0.398217, -0.004016, 0.222853, -0.353134, -0.908644, 0.028655, 0.0, 0.0, 0.0, 1.0],
                [0.952787, 0.270356, 0.138219, 0.131439, 0.203395, -0.906256, 0.370577, -0.004587, 0.225449, -0.324968, -0.91846, 0.027671, 0.0, 0.0, 0.0, 1.0],
                [0.952448, 0.263067, 0.153749, 0.1313, 0.197707, -0.917502, 0.345107, -0.0051, 0.231852, -0.298298, -0.925885, 0.026312, 0.0, 0.0, 0.0, 1.0],
                [0.951201, 0.255568, 0.172918, 0.131115, 0.190564, -0.927282, 0.322231, -0.005552, 0.242696, -0.273554, -0.930735, 0.024506, 0.0, 0.0, 0.0, 1.0],
                [0.94873, 0.247525, 0.196574, 0.130876, 0.181525, -0.935787, 0.30224, -0.005939, 0.258764, -0.25106, -0.932743, 0.022179, 0.0, 0.0, 0.0, 1.0],
                [0.944506, 0.238503, 0.225881, 0.130576, 0.169979, -0.943267, 0.285221, -0.006258, 0.281093, -0.230998, -0.931464, 0.01926, 0.0, 0.0, 0.0, 1.0],
                [0.937624, 0.227893, 0.262536, 0.130207, 0.155058, -0.950035, 0.2709, -0.006504, 0.311155, -0.213293, -0.926115, 0.015674, 0.0, 0.0, 0.0, 1.0],
                [0.926452, 0.21473, 0.309155, 0.129763, 0.135493, -0.956507, 0.258329, -0.006674, 0.35118, -0.19744, -0.915254, 0.011351, 0.0, 0.0, 0.0, 1.0],
                [0.907865, 0.197202, 0.36999, 0.129235, 0.109331, -0.963297, 0.245161, -0.006764, 0.404757, -0.182121, -0.896105, 0.006217, 0.0, 0.0, 0.0, 1.0],
                [0.875333, 0.17108, 0.452244, 0.128617, 0.073366, -0.971475, 0.225501, -0.00677, 0.477923, -0.164208, -0.862917, 0.000199, 0.0, 0.0, 0.0, 1.0],
                [0.907805, 0.394653, -0.141909, 0.10957, 0.406002, -0.9118, 0.061484, 0.0376, -0.105128, -0.113431, -0.987969, -0.066693, 0.0, 0.0, 0.0, 1.0]
            ]
        },
        {
            "name": "Leg_R",
            "time": [0.0, 0.0083, 0.0167, 0.025, 0.0333, 0.0417, 0.05, 0.0583, 0.0667, 0.075, 0.0833, 0.0917, 0.1, 0.1083, 0.1167, 0.125, 0.1333, 0.1417, 0.15, 0.1583, 0.1667, 0.175, 0.1833, 0.1917, 0.2, 0.2083, 0.2167, 0.225, 0.2333, 0.2417, 0.25, 0.2583, 0.2667, 0.275, 0.2833, 0.2917, 0.3, 0.3083, 0.3167, 0.325, 0.3333, 0.3417, 0.35, 0.3583, 0.3667, 0.375, 0.3833, 0.3917, 0.4, 0.4083, 0.4167, 0.425, 0.4333, 0.4417, 0.45, 0.4583, 0.4667, 0.475, 0.4833, 0.4917, 0.5, 0.5083, 0.5167, 0.525, 0.5333, 0.5417, 0.55, 0.5583, 0.5667, 0.575, 0.5833, 0.5917, 0.6, 0.6083, 0.6167, 0.625, 0.6333, 0.6417, 0.65, 0.6583, 0.6667, 0.675, 0.6833, 0.6917, 0.7, 0.7083, 0.7167, 0.725, 0.7333, 0.7417, 0.75, 0.7583, 0.7667, 0.775, 0.7833, 0.7917, 0.8, 0.8083, 0.8167, 0.825, 0.8333, 0.8417, 0.85, 0.8583, 0.8667, 0.875, 0.8833, 0.8917, 0.9, 0.9083, 0.9167],
            "transform": [
                [1.0, -0.0, 1e-06, 0.0, -0.0, 0.969938, 0.243371, 0.374726, -1e-06, -0.243372, 0.969928, 0.0, 0.0, 0.0, 0.0, 1.0],
                [1.0, -0.0, 1e-06, 0.0, -0.0, 0.961, 0.276564, 0.374726, -1e-06, -0.276566, 0.960991, -0.0, 0.0, 0.0, 0.0, 1.0],
                [1.0, -0.0, 1e-06, -0.0, -0.0, 0.935189, 0.354157, 0.374726, -1e-06, -0.354159, 0.935182, -0.0, 0.0, 0.0, 0.0, 1.0],
                [1.0, -0.0, 1e-06, 0.0, -0.0, 0.894368, 0.447338, 0.374726, -1e-06, -0.447341, 0.89436, 0.0, 0.0, 0.0, 0.0, 1.0],
                [1.0, -0.0, 1e-06, 0.0, -0.0, 0.840916, 0.541169, 0.374726, -1e-06, -0.541172, 0.840908, 0.0, 0.0, 0.0, 0.0, 1.0],
                [1.0, -0.0, 1e-06, 0.0, -0.0, 0.77765, 0.628699, 0.374726, -1e-06, -0.628703, 0.777643, 0.0, 0.0, 0.0, 0.0, 1.0],
                [1.0, -1e-06, 1e-06, 0.0, -0.0, 0.707639, 0.706577, 0.374726, -1e-06, -0.70658, 0.707632, -0.0, 0.0, 0.0, 0.0, 1.0],
                [1.000001, -1e-06, 1e-06, 0.0, -0.0, 0.634096, 0.773255, 0.374726, -1e-06, -0.773258, 0.634091, 0.0, 0.0, 0.0, 0.0, 1.0],
                [1.0, -1e-06, 1e-06, -0.0, -0.0, 0.560287, 0.828299, 0.374726, -1e-06, -0.828302, 0.560282, -0.0, 0.0, 0.0, 0.0, 1.0],
                [1.0, -1e-06, 1e-06, -0.0, -0.0, 0.489417, 0.87205, 0.374726, -1e-06, -0.872052, 0.489415, 0.0, 0.0, 0.0, 0.0, 1.0],
                [0.999999, -1e-06, 0.0, 0.0, -0.0, 0.424557, 0.9054, 0.374726, -1e-06, -0.905402, 0.424554, 0.0, 0.0, 0.0, 0.0, 1.0],
                [1.0, -1e-06, 1e-06, -0.0, -0.0, 0.368554, 0.929605, 0.374726, -1e-06, -0.929608, 0.368552, -0.0, 0.0, 0.0, 0.0, 1.0],
