{
    "animation": [
        {
            "name": "Root",
            "time": [0.0, 0.0167, 0.0333, 0.05, 0.0667, 0.0833, 0.1, 0.1167, 0.1333, 0.15, 0.1667, 0.1833, 0.2, 0.2167, 0.2333, 0.25, 0.2667, 0.2833, 0.3, 0.3167, 0.3333, 0.35, 0.3667, 0.3833, 0.4, 0.4167, 0.4333, 0.45, 0.4667, 0.4833, 0.5, 0.5167, 0.5333, 0.55, 0.5667, 0.5833, 0.6, 0.6167, 0.6333, 0.65, 0.6667, 0.6833, 0.7, 0.7167, 0.7333, 0.75, 0.7667, 0.7833, 0.8, 0.8167, 0.8333, 0.85, 0.8667, 0.8833, 0.9, 0.9167, 0.9333, 0.95, 0.9667, 0.9833, 1.0, 1.0167, 1.0333, 1.05, 1.0667, 1.0833, 1.1, 1.1167, 1.1333, 1.15, 1.1667, 1.1833, 1.2, 1.2167, 1.2333, 1.25, 1.2667, 1.2833, 1.3, 1.3167, 1.3333, 1.35, 1.3667, 1.3833, 1.4, 1.4167, 1.4333, 1.45, 1.4667, 1.4833, 1.5, 1.5167, 1.5333, 1.55, 1.5667, 1.5833, 1.6, 1.6167, 1.6333, 1.65, 1.6667, 1.6833, 1.7, 1.7167, 1.7333, 1.75, 1.7667, 1.7833, 1.8, 1.8167, 1.8333, 1.85, 1.8667, 1.8833, 1.9, 1.9167, 1.9333, 1.95, 1.9667, 1.9833, 2.0, 2.0167, 2.0333, 2.05, 2.0667, 2.0833, 2.1, 2.1167, 2.1333, 2.15, 2.1667, 2.1833, 2.2, 2.2167, 2.2333, 2.25, 2.2667, 2.2833, 2.3, 2.3167, 2.3333, 2.35, 2.3667, 2.3833, 2.4, 2.4167, 2.4333, 2.45, 2.4667, 2.4833, 2.5, 2.5167, 2.5333, 2.55, 2.5667, 2.5833, 2.6, 2.6167, 2.6333, 2.65, 2.6667, 2.6833, 2.7, 2.7167, 2.7333, 2.75, 2.7667, 2.7833, 2.8, 2.8167, 2.8333, 2.85, 2.8667, 2.8833, 2.9, 2.9167, 2.9333, 2.95, 2.9667, 2.9833, 3.0, 3.0167, 3.0333, 3.05, 3.0667, 3.0833, 3.1, 3.1167, 3.1333, 3.15, 3.1667, 3.1833, 3.2, 3.2167, 3.2333, 3.25, 3.2667, 3.2833, 3.3, 3.3167, 3.3333, 3.35, 3.3667, 3.3833, 3.4, 3.4167, 3.4333, 3.45, 3.4667, 3.4833, 3.5, 3.5167, 3.5333, 3.55, 3.5667, 3.5833, 3.6, 3.6167, 3.6333, 3.65, 3.6667, 3.6833, 3.7, 3.7167, 3.7333, 3.75, 3.7667, 3.7833, 3.8, 3.8167, 3.8333, 3.85, 3.8667, 3.8833, 3.9, 3.9167, 3.9333, 3.95, 3.9667, 3.9833, 4.0, 4.0167, 4.0333, 4.05, 4.0667, 4.0833],
            "transform": [
                [0.846484, 0.267824, -0.460147, -0.024791, -0.392438, -0.270202, -0.879195, 0.06476, -0.359802, 0.924803, -0.123617, 1.307434, 0.0, 0.0, 0.0, 1.0],
                [0.984949, -0.031147, 0.170014, -0.007419, 0.169771, -0.010296, -0.98543, 0.017995, 0.032444, 0.999462, -0.004853, 1.299405, 0.0, 0.0, 0.0, 1.0],
                [0.984944, -0.030471, 0.170169, -0.00741, 0.170044, -0.006674, -0.985414, 0.018306, 0.031162, 0.999513, -0.001392, 1.299685, 0.0, 0.0, 0.0, 1.0],
                [0.984864, -0.030871, 0.170558, -0.007407, 0.170706, 0.002204, -0.98532, 0.019106, 0.030041, 0.999521, 0.007441, 1.300385, 0.0, 0.0, 0.0, 1.0],
                [0.984748, -0.031813, 0.171054, -0.007407, 0.171554, 0.013709, -0.985079, 0.020194, 0.028993, 0.9994, 0.018958, 1.301295, 0.0, 0.0, 0.0, 1.0],
                [0.984632, -0.03276, 0.17154, -0.007406, 0.172391, 0.025211, -0.984706, 0.021368, 0.027935, 0.999145, 0.030471, 1.302205, 0.0, 0.0, 0.0, 1.0],
                [0.984553, -0.033173, 0.171914, -0.007403, 0.173023, 0.034084, -0.984328, 0.022427, 0.026793, 0.998868, 0.039297, 1.302905, 0.0, 0.0, 0.0, 1.0],
                [0.984546, -0.032505, 0.172085, -0.007394, 0.173262, 0.037705, -0.984154, 0.023169, 0.025501, 0.99876, 0.042754, 1.303185, 0.0, 0.0, 0.0, 1.0],
                [0.984634, -0.028413, 0.172306, -0.00719, 0.173056, 0.026439, -0.984557, 0.023483, 0.023418, 0.999247, 0.03095, 1.3015, 0.0, 0.0, 0.0, 1.0],
                [0.984777, -0.019807, 0.172688, -0.006757, 0.172627, -0.004749, -0.984976, 0.023608, 0.02033, 0.999792, -0.001258, 1.296859, 0.0, 0.0, 0.0, 1.0],
                [0.984919, -0.008038, 0.17283, -0.006327, 0.172198, -0.051519, -0.983714, 0.023875, 0.016811, 0.99864, -0.049358, 1.28988, 0.0, 0.0, 0.0, 1.0],
                [0.985015, 0.005511, 0.172379, -0.006132, 0.171941, -0.109344, -0.97902, 0.024612, 0.013453, 0.993989, -0.108654, 1.281183, 0.0, 0.0, 0.0, 1.0],
                [0.985026, 0.019603, 0.171289, -0.006216, 0.17207, -0.173844, -0.969624, 0.026159, 0.01077, 0.984578, -0.174614, 1.271357, 0.0, 0.0, 0.0, 1.0],
                [0.984946, 0.033638, 0.169559, -0.006449, 0.172639, -0.241359, -0.954956, 0.028476, 0.008801, 0.969853, -0.243532, 1.260877, 0.0, 0.0, 0.0, 1.0],
                [0.984805, 0.047134, 0.167146, -0.006798, 0.173506, -0.308239, -0.935353, 0.031327, 0.007434, 0.950141, -0.311733, 1.250187, 0.0, 0.0, 0.0, 1.0],
                [0.98463, 0.059595, 0.164174, -0.007232, 0.174533, -0.370936, -0.91211, 0.034472, 0.006541, 0.926744, -0.375636, 1.239731, 0.0, 0.0, 0.0, 1.0],
                [0.984444, 0.070553, 0.160913, -0.007721, 0.175599, -0.426195, -0.887425, 0.037676, 0.00597, 0.901876, -0.431954, 1.229954, 0.0, 0.0, 0.0, 1.0],
                [0.984267, 0.079583, 0.157749, -0.008232, 0.1766, -0.471167, -0.864184, 0.040699, 0.005552, 0.878446, -0.477809, 1.2213, 0.0, 0.0, 0.0, 1.0],
                [0.984116, 0.086313, 0.15513, -0.008734, 0.177452, -0.503383, -0.845646, 0.043305, 0.0051, 0.859742, -0.510703, 1.214213, 0.0, 0.0, 0.0, 1.0],
                [0.984006, 0.090391, 0.1535, -0.009196, 0.178082, -0.520542, -0.835059, 0.045255, 0.004422, 0.849038, -0.528313, 1.209138, 0.0, 0.0, 0.0, 1.0],
                [0.983988, 0.092402, 0.15241, -0.009593, 0.178193, -0.528001, -0.830339, 0.046433, 0.003748, 0.844202, -0.536012, 1.205835, 0.0, 0.0, 0.0, 1.0],
                [0.984076, 0.093408, 0.151225, -0.009917, 0.177716, -0.533034, -0.827219, 0.047034, 0.003339, 0.840922, -0.541146, 1.20362, 0.0, 0.0, 0.0, 1.0],
                [0.98422, 0.093769, 0.150063, -0.01017, 0.176924, -0.536124, -0.82539, 0.047292, 0.003056, 0.838915, -0.544254, 1.202277, 0.0, 0.0, 0.0, 1.0],
                [0.98437, 0.093842, 0.149028, -0.010351, 0.176091, -0.537738, -0.824518, 0.04744, 0.002764, 0.837873, -0.545858, 1.201587, 0.0, 0.0, 0.0, 1.0],
                [0.984478, 0.093985, 0.148224, -0.01046, 0.175494, -0.538336, -0.824255, 0.047713, 0.002327, 0.837473, -0.546474, 1.201333, 0.0, 0.0, 0.0, 1.0],
                [0.984494, 0.094553, 0.147752, -0.010496, 0.175409, -0.538373, -0.824249, 0.048343, 0.00161, 0.837385, -0.546611, 1.201297, 0.0, 0.0, 0.0, 1.0],
                [0.98443, 0.095749, 0.147409, -0.010481, 0.175776, -0.53825, -0.824251, 0.049517, 0.000421, 0.837329, -0.546699, 1.201297, 0.0, 0.0, 0.0, 1.0],
                [0.984317, 0.097523, 0.147, -0.010437, 0.176404, -0.538061, -0.82424, 0.051233, -0.001288, 0.837245, -0.546826, 1.201297, 0.0, 0.0, 0.0, 1.0],
                [0.984137, 0.099854, 0.146641, -0.010366, 0.177377, -0.537804, -0.824199, 0.05344, -0.003436, 0.837135, -0.546985, 1.201297, 0.0, 0.0, 0.0, 1.0],
                [0.983871, 0.102721, 0.146446, -0.010271, 0.178781, -0.537475, -0.824111, 0.056088, -0.005943, 0.837, -0.54717, 1.201297, 0.0, 0.0, 0.0, 1.0],
                [0.983499, 0.106102, 0.146531, -0.010155, 0.180701, -0.537066, -0.823958, 0.059127, -0.008727, 0.836841, -0.547377, 1.201297, 0.0, 0.0, 0.0, 1.0],
                [0.983002, 0.109975, 0.147011, -0.01002, 0.18322, -0.536572, -0.823724, 0.062506, -0.011707, 0.836657, -0.547601, 1.201297, 0.0, 0.0, 0.0, 1.0],
                [0.982358, 0.114319, 0.148001, -0.009868, 0.186424, -0.535984, -0.823388, 0.066176, -0.014802, 0.836452, -0.54784, 1.201297, 0.0, 0.0, 0.0, 1.0],
                [0.981544, 0.119111, 0.149615, -0.009703, 0.190396, -0.535292, -0.822929, 0.070087, -0.017932, 0.836226, -0.548091, 1.201297, 0.0, 0.0, 0.0, 1.0],
                [0.980535, 0.12433, 0.151967, -0.009526, 0.195219, -0.534485, -0.822323, 0.074187, -0.021015, 0.835983, -0.548352, 1.201297, 0.0, 0.0, 0.0, 1.0],
                [0.979303, 0.129953, 0.155172, -0.009341, 0.200977, -0.533548, -0.821544, 0.078428, -0.023971, 0.835726, -0.548622, 1.201297, 0.0, 0.0, 0.0, 1.0],
                [0.977817, 0.135958, 0.159342, -0.009149, 0.207751, -0.532466, -0.82056, 0.082758, -0.026717, 0.835461, -0.5489, 1.201297, 0.0, 0.0, 0.0, 1.0],
                [0.976041, 0.142319, 0.16459, -0.008953, 0.215624, -0.531223, -0.819334, 0.087129, -0.029173, 0.835193, -0.549182, 1.201297, 0.0, 0.0, 0.0, 1.0],
                [0.973932, 0.149015, 0.171027, -0.008756, 0.224674, -0.529797, -0.817824, 0.091488, -0.031258, 0.834931, -0.549467, 1.201297, 0.0, 0.0, 0.0, 1.0],
                [0.971443, 0.156019, 0.178763, -0.008561, 0.234981, -0.528169, -0.815979, 0.095788, -0.032891, 0.834683, -0.549748, 1.201297, 0.0, 0.0, 0.0, 1.0],
                [0.968516, 0.163304, 0.187904, -0.008369, 0.246619, -0.526314, -0.81374, 0.099976, -0.03399, 0.834461, -0.550018, 1.201297, 0.0, 0.0, 0.0, 1.0],
                [0.965084, 0.170843, 0.198557, -0.008183, 0.25966, -0.524208, -0.811038, 0.104004, -0.034475, 0.834278, -0.550266, 1.201297, 0.0, 0.0, 0.0, 1.0],
                [0.961069, 0.178606, 0.210821, -0.008007, 0.274174, -0.521822, -0.807793, 0.10782, -0.034266, 0.834147, -0.550476, 1.201297, 0.0, 0.0, 0.0, 1.0],
                [0.95638, 0.18656, 0.224793, -0.007841, 0.290222, -0.519129, -0.803913, 0.111376, -0.033281, 0.834087, -0.550628, 1.201297, 0.0, 0.0, 0.0, 1.0],
                [0.950912, 0.194669, 0.240563, -0.00769, 0.307861, -0.516098, -0.79929, 0.11462, -0.031443, 0.834114, -0.550695, 1.201297, 0.0, 0.0, 0.0, 1.0],
                [0.944542, 0.202896, 0.258212, -0.007555, 0.327136, -0.512698, -0.793802, 0.117503, -0.028674, 0.83425, -0.55064, 1.201297, 0.0, 0.0, 0.0, 1.0],
                [0.937132, 0.211196, 0.277811, -0.007439, 0.348084, -0.508898, -0.787312, 0.119974, -0.024899, 0.834517, -0.550419, 1.201297, 0.0, 0.0, 0.0, 1.0],
                [0.928526, 0.219522, 0.299417, -0.007344, 0.370727, -0.504667, -0.779662, 0.121983, -0.020047, 0.834938, -0.549979, 1.201297, 0.0, 0.0, 0.0, 1.0],
                [0.918544, 0.227821, 0.32307, -0.007273, 0.395068, -0.499973, -0.77068, 0.12348, -0.01405, 0.835539, -0.549252, 1.201297, 0.0, 0.0, 0.0, 1.0],
                [0.906992, 0.236032, 0.34879, -0.007229, 0.421093, -0.494788, -0.760175, 0.124415, -0.006849, 0.836345, -0.54816, 1.201297, 0.0, 0.0, 0.0, 1.0],
                [0.893652, 0.244091, 0.376571, -0.007213, 0.448758, -0.489086, -0.747938, 0.124738, 0.00161, 0.837385, -0.546611, 1.201297, 0.0, 0.0, 0.0, 1.0],
                [0.874439, 0.251948, 0.414582, -0.007805, 0.484967, -0.476442, -0.733355, 0.124013, 0.012756, 0.842333, -0.538806, 1.202601, 0.0, 0.0, 0.0, 1.0],
                [0.844492, 0.258662, 0.468963, -0.009475, 0.534892, -0.451319, -0.714284, 0.121972, 0.026894, 0.854052, -0.519491, 1.206269, 0.0, 0.0, 0.0, 1.0],
                [0.802185, 0.26243, 0.536311, -0.012063, 0.595593, -0.414967, -0.687802, 0.118819, 0.042052, 0.871168, -0.489181, 1.211938, 0.0, 0.0, 0.0, 1.0],
                [0.746035, 0.261178, 0.61255, -0.01541, 0.663552, -0.368855, -0.65088, 0.114755, 0.055946, 0.892038, -0.448484, 1.219244, 0.0, 0.0, 0.0, 1.0],
                [0.675296, 0.252934, 0.69282, -0.019356, 0.734569, -0.314978, -0.600997, 0.109983, 0.066211, 0.914775, -0.398501, 1.227824, 0.0, 0.0, 0.0, 1.0],
                [0.590486, 0.236259, 0.771692, -0.023741, 0.803942, -0.256004, -0.536786, 0.104705, 0.070736, 0.93736, -0.341105, 1.237313, 0.0, 0.0, 0.0, 1.0],
                [0.493719, 0.210676, 0.843717, -0.028407, 0.866954, -0.195182, -0.458579, 0.099123, 0.068067, 0.957872, -0.279011, 1.247347, 0.0, 0.0, 0.0, 1.0],
                [0.388653, 0.176951, 0.904233, -0.033193, 0.919572, -0.136018, -0.368628, 0.09344, 0.057763, 0.974776, -0.215583, 1.257564, 0.0, 0.0, 0.0, 1.0],
                [0.280031, 0.137105, 0.95015, -0.037941, 0.959134, -0.081777, -0.270879, 0.087858, 0.040562, 0.987175, -0.154402, 1.267599, 0.0, 0.0, 0.0, 1.0],
                [0.172918, 0.094136, 0.980427, -0.04249, 0.984766, -0.035012, -0.170321, 0.08258, 0.018293, 0.994943, -0.098756, 1.277088, 0.0, 0.0, 0.0, 1.0],
                [0.071912, 0.051553, 0.996078, -0.046681, 0.99739, 0.002732, -0.072148, 0.077808, -0.00644, 0.998667, -0.051222, 1.285667, 0.0, 0.0, 0.0, 1.0],
                [-0.01939, 0.0129, 0.999729, -0.050354, 0.999342, 0.030927, 0.018983, 0.073744, -0.030674, 0.999438, -0.013492, 1.292973, 0.0, 0.0, 0.0, 1.0],
                [-0.098565, -0.018569, 0.994957, -0.053351, 0.9938, 0.049841, 0.099381, 0.070591, -0.051435, 0.998585, 0.013541, 1.298643, 0.0, 0.0, 0.0, 1.0],
                [-0.164177, -0.039997, 0.98562, -0.055511, 0.984223, 0.060168, 0.166386, 0.06855, -0.065958, 0.997387, 0.029488, 1.302311, 0.0, 0.0, 0.0, 1.0],
                [-0.215331, -0.04883, 0.97532, -0.056675, 0.973904, 0.062618, 0.218154, 0.067825, -0.071725, 0.996842, 0.034072, 1.303614, 0.0, 0.0, 0.0, 1.0],
                [-0.255513, -0.050393, 0.965491, -0.057248, 0.964102, 0.06135, 0.258348, 0.067995, -0.072252, 0.996843, 0.032909, 1.303614, 0.0, 0.0, 0.0, 1.0],
                [-0.289194, -0.051677, 0.955875, -0.057744, 0.95451, 0.060217, 0.292036, 0.068481, -0.072652, 0.996847, 0.031912, 1.303612, 0.0, 0.0, 0.0, 1.0],
                [-0.317043, -0.05272, 0.946945, -0.05817, 0.945601, 0.059229, 0.31989, 0.069248, -0.072951, 0.996851, 0.031074, 1.303607, 0.0, 0.0, 0.0, 1.0],
                [-0.339738, -0.053556, 0.938994, -0.05853, 0.937669, 0.058385, 0.342589, 0.070259, -0.073171, 0.996857, 0.030382, 1.3036, 0.0, 0.0, 0.0, 1.0],
                [-0.35795, -0.054217, 0.932165, -0.058831, 0.930857, 0.05768, 0.360802, 0.07148, -0.073329, 0.996862, 0.029821, 1.303588, 0.0, 0.0, 0.0, 1.0],
                [-0.372325, -0.054731, 0.926487, -0.059077, 0.925193, 0.057104, 0.375177, 0.072875, -0.07344, 0.996867, 0.029375, 1.303572, 0.0, 0.0, 0.0, 1.0],
                [-0.383487, -0.055124, 0.9219, -0.059274, 0.920616, 0.056643, 0.38634, 0.074408, -0.073515, 0.996872, 0.029026, 1.30355, 0.0, 0.0, 0.0, 1.0],
                [-0.392042, -0.055419, 0.918277, -0.059427, 0.917002, 0.056281, 0.394894, 0.076043, -0.073566, 0.996876, 0.028755, 1.303521, 0.0, 0.0, 0.0, 1.0],
                [-0.398573, -0.055637, 0.915448, -0.059543, 0.914179, 0.056, 0.401424, 0.077745, -0.073599, 0.996879, 0.028542, 1.303485, 0.0, 0.0, 0.0, 1.0],
                [-0.403654, -0.0558, 0.913208, -0.059625, 0.911944, 0.055782, 0.406504, 0.079479, -0.073623, 0.996882, 0.02837, 1.30344, 0.0, 0.0, 0.0, 1.0],
                [-0.40785, -0.055925, 0.911335, -0.059681, 0.910074, 0.055607, 0.410698, 0.081209, -0.073645, 0.996885, 0.028217, 1.303387, 0.0, 0.0, 0.0, 1.0],
                [-0.411713, -0.056033, 0.90959, -0.059714, 0.908331, 0.055455, 0.41456, 0.082899, -0.07367, 0.996888, 0.028065, 1.303324, 0.0, 0.0, 0.0, 1.0],
                [-0.415796, -0.05614, 0.907724, -0.059731, 0.906466, 0.055305, 0.418641, 0.084514, -0.073704, 0.99689, 0.027893, 1.30325, 0.0, 0.0, 0.0, 1.0],
                [-0.420646, -0.056265, 0.905479, -0.059738, 0.904222, 0.055137, 0.423489, 0.086017, -0.073753, 0.996892, 0.027683, 1.303164, 0.0, 0.0, 0.0, 1.0],
                [-0.426803, -0.056426, 0.902583, -0.059739, 0.901327, 0.054931, 0.429643, 0.087375, -0.073823, 0.996895, 0.027414, 1.303067, 0.0, 0.0, 0.0, 1.0],
                [-0.434682, -0.056497, 0.89881, -0.059741, 0.897553, 0.054638, 0.437509, 0.088561, -0.073827, 0.996907, 0.026959, 1.302956, 0.0, 0.0, 0.0, 1.0],
                [-0.444193, -0.056363, 0.894157, -0.059755, 0.892895, 0.054239, 0.446985, 0.089601, -0.073692, 0.996936, 0.026233, 1.302835, 0.0, 0.0, 0.0, 1.0],
                [-0.455109, -0.056053, 0.88867, -0.059795, 0.887402, 0.053753, 0.457851, 0.090529, -0.073432, 0.99698, 0.025278, 1.302707, 0.0, 0.0, 0.0, 1.0],
                [-0.467204, -0.0556, 0.8824, -0.059872, 0.881125, 0.053196, 0.469881, 0.09138, -0.073066, 0.997035, 0.024137, 1.302573, 0.0, 0.0, 0.0, 1.0],
                [-0.480252, -0.055033, 0.875402, -0.059999, 0.87412, 0.052588, 0.482855, 0.092188, -0.072609, 0.997099, 0.02285, 1.302436, 0.0, 0.0, 0.0, 1.0],
                [-0.494028, -0.054386, 0.867743, -0.060188, 0.866453, 0.051945, 0.496549, 0.09299, -0.072081, 0.997168, 0.021461, 1.3023, 0.0, 0.0, 0.0, 1.0],
                [-0.508313, -0.053691, 0.859497, -0.060452, 0.858199, 0.051285, 0.510749, 0.09382, -0.071502, 0.99724, 0.020009, 1.302167, 0.0, 0.0, 0.0, 1.0],
                [-0.522891, -0.052981, 0.850751, -0.060803, 0.849446, 0.05062, 0.525241, 0.094713, -0.070893, 0.997312, 0.018535, 1.30204, 0.0, 0.0, 0.0, 1.0],
                [-0.537553, -0.05229, 0.841607, -0.061254, 0.840296, 0.049967, 0.53982, 0.095704, -0.070279, 0.997381, 0.017079, 1.30192, 0.0, 0.0, 0.0, 1.0],
                [-0.552098, -0.051653, 0.832177, -0.061818, 0.830862, 0.049335, 0.554288, 0.096828, -0.069686, 0.997446, 0.015679, 1.301812, 0.0, 0.0, 0.0, 1.0],
                [-0.566334, -0.051106, 0.82259, -0.062506, 0.821271, 0.048737, 0.568453, 0.09812, -0.069142, 0.997503, 0.014371, 1.301717, 0.0, 0.0, 0.0, 1.0],
                [-0.580076, -0.050686, 0.812984, -0.063331, 0.811662, 0.04818, 0.582137, 0.099616, -0.068676, 0.997552, 0.013191, 1.301639, 0.0, 0.0, 0.0, 1.0],
                [-0.593151, -0.050427, 0.80351, -0.064306, 0.802187, 0.047674, 0.595166, 0.10135, -0.068319, 0.997589, 0.012174, 1.30158, 0.0, 0.0, 0.0, 1.0],
                [-0.605395, -0.050369, 0.79433, -0.065444, 0.793006, 0.047224, 0.607381, 0.103357, -0.068104, 0.997614, 0.011354, 1.301542, 0.0, 0.0, 0.0, 1.0],
                [-0.616653, -0.050547, 0.785611, -0.066756, 0.784288, 0.046836, 0.618627, 0.105673, -0.068065, 0.997623, 0.010762, 1.301529, 0.0, 0.0, 0.0, 1.0],
                [-0.626869, -0.050845, 0.777464, -0.068857, 0.776142, 0.046482, 0.628842, 0.108321, -0.068112, 0.997624, 0.010325, 1.302361, 0.0, 0.0, 0.0, 1.0],
                [-0.636141, -0.051143, 0.769876, -0.072311, 0.76856, 0.046087, 0.638116, 0.111284, -0.068116, 0.997627, 0.009989, 1.304807, 0.0, 0.0, 0.0, 1.0],
                [-0.64455, -0.051474, 0.762828, -0.077053, 0.761528, 0.045584, 0.646528, 0.114534, -0.068052, 0.997633, 0.009818, 1.308798, 0.0, 0.0, 0.0, 1.0],
                [-0.652167, -0.051871, 0.756299, -0.083017, 0.755029, 0.044908, 0.654152, 0.118042, -0.067895, 0.997644, 0.009876, 1.314262, 0.0, 0.0, 0.0, 1.0],
                [-0.659068, -0.052362, 0.750259, -0.090138, 0.749038, 0.043993, 0.661065, 0.121779, -0.067621, 0.997659, 0.010227, 1.321127, 0.0, 0.0, 0.0, 1.0],
                [-0.665319, -0.052979, 0.744677, -0.098351, 0.743528, 0.042771, 0.667335, 0.125718, -0.067206, 0.997679, 0.010935, 1.329322, 0.0, 0.0, 0.0, 1.0],
                [-0.67099, -0.053751, 0.739516, -0.107592, 0.738467, 0.041176, 0.673031, 0.12983, -0.066627, 0.997705, 0.012064, 1.338776, 0.0, 0.0, 0.0, 1.0],
                [-0.676146, -0.054706, 0.734735, -0.117794, 0.733819, 0.039141, 0.678217, 0.134086, -0.06586, 0.997735, 0.013679, 1.349418, 0.0, 0.0, 0.0, 1.0],
                [-0.68085, -0.055872, 0.73029, -0.128893, 0.729544, 0.036596, 0.682954, 0.138459, -0.064884, 0.997767, 0.015845, 1.361176, 0.0, 0.0, 0.0, 1.0],
                [-0.685163, -0.057278, 0.726135, -0.140823, 0.725602, 0.033476, 0.687301, 0.142919, -0.063675, 0.997797, 0.018624, 1.37398, 0.0, 0.0, 0.0, 1.0],
                [-0.689146, -0.05895, 0.72222, -0.15352, 0.721947, 0.029711, 0.691311, 0.147438, -0.062211, 0.997819, 0.022083, 1.387757, 0.0, 0.0, 0.0, 1.0],
                [-0.69286, -0.060916, 0.718495, -0.166918, 0.718533, 0.025233, 0.695035, 0.151989, -0.060469, 0.997824, 0.026287, 1.402437, 0.0, 0.0, 0.0, 1.0],
                [-0.69636, -0.063203, 0.714904, -0.180952, 0.715311, 0.019973, 0.698522, 0.156541, -0.058427, 0.997801, 0.031301, 1.417948, 0.0, 0.0, 0.0, 1.0],
                [-0.699707, -0.065835, 0.711391, -0.195558, 0.712228, 0.01386, 0.701812, 0.161068, -0.056064, 0.997734, 0.037192, 1.434219, 0.0, 0.0, 0.0, 1.0],
                [-0.702955, -0.068838, 0.707895, -0.210669, 0.70923, 0.006824, 0.704944, 0.165541, -0.053358, 0.997604, 0.044025, 1.451179, 0.0, 0.0, 0.0, 1.0],
                [-0.706163, -0.072235, 0.704355, -0.22622, 0.706261, -0.001206, 0.707951, 0.169931, -0.050289, 0.997387, 0.051869, 1.468756, 0.0, 0.0, 0.0, 1.0],
                [-0.709388, -0.076047, 0.700704, -0.242148, 0.703261, -0.010303, 0.710858, 0.17421, -0.046839, 0.997051, 0.06079, 1.48688, 0.0, 0.0, 0.0, 1.0],
                [-0.712685, -0.080294, 0.696874, -0.258385, 0.700166, -0.02054, 0.713685, 0.178349, -0.042991, 0.99656, 0.070858, 1.505479, 0.0, 0.0, 0.0, 1.0],
                [-0.716112, -0.084992, 0.692793, -0.274868, 0.696911, -0.031989, 0.716444, 0.18232, -0.03873, 0.995868, 0.08214, 1.524481, 0.0, 0.0, 0.0, 1.0],
                [-0.719723, -0.090154, 0.688383, -0.291531, 0.693426, -0.044726, 0.719139, 0.186096, -0.034044, 0.994923, 0.094706, 1.543815, 0.0, 0.0, 0.0, 1.0],
                [-0.723578, -0.095789, 0.683564, -0.308309, 0.689637, -0.058825, 0.721762, 0.189646, -0.028926, 0.993662, 0.108624, 1.563411, 0.0, 0.0, 0.0, 1.0],
                [-0.72773, -0.1019, 0.678252, -0.325137, 0.685465, -0.074359, 0.724298, 0.192943, -0.023372, 0.992012, 0.123962, 1.583197, 0.0, 0.0, 0.0, 1.0],
                [-0.732237, -0.108483, 0.672355, -0.34195, 0.680829, -0.0914, 0.726718, 0.195959, -0.017383, 0.989888, 0.140785, 1.603101, 0.0, 0.0, 0.0, 1.0],
                [-0.737151, -0.115529, 0.665779, -0.358683, 0.675639, -0.11002, 0.728977, 0.198665, -0.010969, 0.987192, 0.159157, 1.623053, 0.0, 0.0, 0.0, 1.0],
                [-0.742527, -0.123018, 0.658423, -0.375269, 0.669804, -0.130285, 0.731019, 0.201032, -0.004146, 0.983815, 0.179137, 1.64298, 0.0, 0.0, 0.0, 1.0],
                [-0.748414, -0.130919, 0.650182, -0.391645, 0.663225, -0.152257, 0.732769, 0.203033, 0.003062, 0.979632, 0.20078, 1.662812, 0.0, 0.0, 0.0, 1.0],
                [-0.754861, -0.13919, 0.640946, -0.407745, 0.655799, -0.175992, 0.734136, 0.204638, 0.010617, 0.974501, 0.22413, 1.682478, 0.0, 0.0, 0.0, 1.0],
                [-0.761911, -0.147775, 0.630599, -0.423505, 0.647419, -0.201536, 0.735005, 0.20582, 0.018472, 0.968269, 0.249225, 1.701906, 0.0, 0.0, 0.0, 1.0],
                [-0.769601, -0.156603, 0.619024, -0.438858, 0.637973, -0.22892, 0.735246, 0.20655, 0.026565, 0.960766, 0.276086, 1.721025, 0.0, 0.0, 0.0, 1.0],
                [-0.777962, -0.165585, 0.6061, -0.453739, 0.627346, -0.258163, 0.734703, 0.2068, 0.034817, 0.951805, 0.30472, 1.739764, 0.0, 0.0, 0.0, 1.0],
                [-0.786364, -0.176054, 0.592147, -0.468143, 0.616305, -0.289427, 0.732394, 0.206463, 0.042443, 0.94087, 0.336098, 1.758061, 0.0, 0.0, 0.0, 1.0],
                [-0.794218, -0.189301, 0.577393, -0.482296, 0.605675, -0.322854, 0.727271, 0.205241, 0.048741, 0.927324, 0.371071, 1.775897, 0.0, 0.0, 0.0, 1.0],
                [-0.801594, -0.205154, 0.561568, -0.496482, 0.595449, -0.358376, 0.719033, 0.202816, 0.05374, 0.910757, 0.409431, 1.79326, 0.0, 0.0, 0.0, 1.0],
                [-0.808532, -0.223431, 0.544385, -0.510987, 0.585641, -0.395856, 0.707335, 0.198871, 0.057458, 0.890717, 0.450913, 1.81014, 0.0, 0.0, 0.0, 1.0],
                [-0.815048, -0.24392, 0.525547, -0.526095, 0.576288, -0.435078, 0.69181, 0.193088, 0.059908, 0.866724, 0.495177, 1.826528, 0.0, 0.0, 0.0, 1.0],
                [-0.821139, -0.266369, 0.504756, -0.542093, 0.567449, -0.475726, 0.672077, 0.185149, 0.061105, 0.838291, 0.541788, 1.842413, 0.0, 0.0, 0.0, 1.0],
                [-0.826778, -0.290476, 0.481728, -0.559265, 0.559204, -0.517379, 0.647774, 0.174737, 0.061073, 0.804949, 0.590192, 1.857784, 0.0, 0.0, 0.0, 1.0],
                [-0.831924, -0.315875, 0.456208, -0.577895, 0.551653, -0.559495, 0.618583, 0.161534, 0.059851, 0.766282, 0.639711, 1.872632, 0.0, 0.0, 0.0, 1.0],
                [-0.83652, -0.342136, 0.427992, -0.59827, 0.544911, -0.601416, 0.58427, 0.145223, 0.057501, 0.721971, 0.68953, 1.886945, 0.0, 0.0, 0.0, 1.0],
                [-0.8405, -0.368765, 0.396954, -0.620674, 0.539102, -0.642374, 0.544725, 0.125485, 0.054117, 0.671839, 0.738717, 1.900714, 0.0, 0.0, 0.0, 1.0],
                [-0.843792, -0.395218, 0.363069, -0.645393, 0.534353, -0.681518, 0.5, 0.102004, 0.049829, 0.615903, 0.786245, 1.913929, 0.0, 0.0, 0.0, 1.0],
                [-0.846324, -0.420919, 0.326441, -0.67271, 0.530781, -0.717952, 0.450352, 0.074462, 0.044807, 0.554412, 0.831035, 1.926579, 0.0, 0.0, 0.0, 1.0],
                [-0.848036, -0.445294, 0.287313, -0.702912, 0.528483, -0.750788, 0.396262, 0.04254, 0.039258, 0.487884, 0.872025, 1.938653, 0.0, 0.0, 0.0, 1.0],
                [-0.848882, -0.467807, 0.246081, -0.736284, 0.527525, -0.779214, 0.338443, 0.005922, 0.033424, 0.417112, 0.90824, 1.950142, 0.0, 0.0, 0.0, 1.0],
                [-0.84884, -0.488003, 0.203285, -0.77311, 0.527932, -0.80256, 0.277823, -0.035711, 0.02757, 0.343147, 0.938877, 1.961035, 0.0, 0.0, 0.0, 1.0],
                [-0.84794, -0.50551, 0.159552, -0.813487, 0.529637, -0.820385, 0.215529, -0.082438, 0.021942, 0.26726, 0.963374, 1.971321, 0.0, 0.0, 0.0, 1.0],
                [-0.846351, -0.519958, 0.115469, -0.856762, 0.532364, -0.832602, 0.152849, -0.133393, 0.016665, 0.190835, 0.981481, 1.980988, 0.0, 0.0, 0.0, 1.0],
                [-0.844273, -0.53111, 0.07159, -0.902093, 0.535784, -0.839438, 0.090994, -0.187471, 0.011768, 0.115181, 0.993275, 1.990022, 0.0, 0.0, 0.0, 1.0],
                [-0.841906, -0.538876, 0.028423, -0.948636, 0.539577, -0.841366, 0.031001, -0.243569, 0.007209, 0.041436, 0.999115, 1.99841, 0.0, 0.0, 0.0, 1.0],
                [-0.839437, -0.543287, -0.013599, -0.995551, 0.54345, -0.83903, -0.026308, -0.300582, 0.002883, -0.029475, 0.999561, 2.006139, 0.0, 0.0, 0.0, 1.0],
                [-0.83704, -0.544458, -0.054139, -1.041994, 0.547141, -0.833177, -0.080333, -0.357405, -0.001369, -0.096864, 0.995297, 2.013195, 0.0, 0.0, 0.0, 1.0],
                [-0.834866, -0.542549, -0.092954, -1.087124, 0.550424, -0.824594, -0.130687, -0.412935, -0.005745, -0.160271, 0.987057, 2.019564, 0.0, 0.0, 0.0, 1.0],
                [-0.833049, -0.537732, -0.129898, -1.130098, 0.5531, -0.814059, -0.177169, -0.466068, -0.010475, -0.219437, 0.97557, 2.025234, 0.0, 0.0, 0.0, 1.0],
                [-0.831701, -0.530168, -0.164912, -1.170075, 0.554998, -0.802307, -0.219729, -0.515698, -0.015817, -0.274274, 0.961521, 2.030192, 0.0, 0.0, 0.0, 1.0],
                [-0.830915, -0.519975, -0.198005, -1.206213, 0.555963, -0.790011, -0.258435, -0.560723, -0.022046, -0.324821, 0.945519, 2.034423, 0.0, 0.0, 0.0, 1.0],
                [-0.830766, -0.50722, -0.229249, -1.237668, 0.555841, -0.777773, -0.293444, -0.600038, -0.029463, -0.371209, 0.928082, 2.037915, 0.0, 0.0, 0.0, 1.0],
                [-0.831314, -0.491894, -0.258759, -1.263599, 0.554475, -0.76613, -0.324964, -0.632538, -0.038395, -0.413623, 0.909638, 2.040654, 0.0, 0.0, 0.0, 1.0],
                [-0.8326, -0.473905, -0.28669, -1.283164, 0.551684, -0.755555, -0.353242, -0.657119, -0.049207, -0.452272, 0.890522, 2.042627, 0.0, 0.0, 0.0, 1.0],
                [-0.834646, -0.453056, -0.313221, -1.29552, 0.547252, -0.746473, -0.378541, -0.672678, -0.06231, -0.487359, 0.870976, 2.04382, 0.0, 0.0, 0.0, 1.0],
                [-0.837445, -0.429029, -0.338556, -1.299826, 0.5409, -0.739272, -0.401129, -0.678109, -0.078189, -0.519049, 0.851161, 2.044221, 0.0, 0.0, 0.0, 1.0],
                [-0.842322, -0.399744, -0.361523, -1.299631, 0.530381, -0.734071, -0.42407, -0.677974, -0.095864, -0.548949, 0.830341, 2.041821, 0.0, 0.0, 0.0, 1.0],
                [-0.850307, -0.363444, -0.380641, -1.298992, 0.513718, -0.730313, -0.450264, -0.677579, -0.114341, -0.578405, 0.807697, 2.034841, 0.0, 0.0, 0.0, 1.0],
                [-0.860806, -0.320172, -0.395605, -1.297826, 0.49094, -0.727259, -0.479659, -0.676944, -0.134134, -0.607112, 0.783214, 2.023606, 0.0, 0.0, 0.0, 1.0],
                [-0.873073, -0.269976, -0.406026, -1.296051, 0.462051, -0.724062, -0.512097, -0.676087, -0.155733, -0.634703, 0.756901, 2.008444, 0.0, 0.0, 0.0, 1.0],
                [-0.886202, -0.212965, -0.411451, -1.293583, 0.427073, -0.719772, -0.547299, -0.675027, -0.179596, -0.660737, 0.728815, 1.989682, 0.0, 0.0, 0.0, 1.0],
                [-0.899136, -0.149358, -0.411395, -1.290342, 0.386093, -0.713361, -0.584849, -0.673782, -0.206122, -0.684695, 0.699075, 1.967649, 0.0, 0.0, 0.0, 1.0],
                [-0.910683, -0.07954, -0.405376, -1.286243, 0.339313, -0.703746, -0.624186, -0.67237, -0.235634, -0.705985, 0.667879, 1.94267, 0.0, 0.0, 0.0, 1.0],
                [-0.919545, -0.004118, -0.392964, -1.281206, 0.287104, -0.689837, -0.664602, -0.670811, -0.268345, -0.723953, 0.635518, 1.915073, 0.0, 0.0, 0.0, 1.0],
                [-0.924371, 0.076048, -0.37384, -1.275146, 0.23005, -0.6706, -0.705247, -0.669122, -0.30433, -0.737911, 0.602388, 1.885186, 0.0, 0.0, 0.0, 1.0],
                [-0.923827, 0.159817, -0.347853, -1.267983, 0.168975, -0.645125, -0.745158, -0.667322, -0.343498, -0.747176, 0.568979, 1.853335, 0.0, 0.0, 0.0, 1.0],
                [-0.916688, 0.245779, -0.315081, -1.259633, 0.104957, -0.612713, -0.783305, -0.66543, -0.385574, -0.751116, 0.53587, 1.819848, 0.0, 0.0, 0.0, 1.0],
                [-0.901929, 0.332297, -0.275868, -1.250014, 0.039305, -0.572947, -0.818649, -0.663464, -0.430093, -0.749207, 0.503697, 1.785052, 0.0, 0.0, 0.0, 1.0],
                [-0.878825, 0.417584, -0.230851, -1.239044, -0.026486, -0.525763, -0.850219, -0.661442, -0.476411, -0.741079, 0.473114, 1.749275, 0.0, 0.0, 0.0, 1.0],
                [-0.847023, 0.499812, -0.180943, -1.226639, -0.090824, -0.471479, -0.877188, -0.659383, -0.52374, -0.726564, 0.444748, 1.712843, 0.0, 0.0, 0.0, 1.0],
                [-0.806592, 0.57724, -0.127299, -1.212718, -0.152113, -0.410796, -0.898949, -0.657306, -0.571203, -0.705721, 0.41915, 1.676084, 0.0, 0.0, 0.0, 1.0],
                [-0.758017, 0.648333, -0.071239, -1.197198, -0.208863, -0.344756, -0.915161, -0.655229, -0.617889, -0.678828, 0.396744, 1.639325, 0.0, 0.0, 0.0, 1.0],
                [-0.702163, 0.711876, -0.014163, -1.179997, -0.259792, -0.274666, -0.925779, -0.65317, -0.66293, -0.646368, 0.3778, 1.602893, 0.0, 0.0, 0.0, 1.0],
                [-0.64019, 0.767038, 0.042552, -1.161032, -0.303899, -0.201991, -0.931045, -0.651148, -0.705552, -0.608977, 0.362414, 1.567115, 0.0, 0.0, 0.0, 1.0],
                [-0.573446, 0.813405, 0.097634, -1.140221, -0.340503, -0.12825, -0.931455, -0.649182, -0.745129, -0.567384, 0.350511, 1.532319, 0.0, 0.0, 0.0, 1.0],
                [-0.503364, 0.850958, 0.149987, -1.117481, -0.369255, -0.054909, -0.927705, -0.647289, -0.781202, -0.522357, 0.34186, 1.498832, 0.0, 0.0, 0.0, 1.0],
                [-0.431342, 0.880028, 0.198733, -1.09273, -0.390101, 0.016694, -0.920621, -0.64549, -0.813489, -0.474629, 0.336099, 1.466982, 0.0, 0.0, 0.0, 1.0],
                [-0.358673, 0.901218, 0.243227, -1.065885, -0.403242, 0.085409, -0.911099, -0.643801, -0.841873, -0.424865, 0.332775, 1.437094, 0.0, 0.0, 0.0, 1.0],
                [-0.286475, 0.915324, 0.283045, -1.036864, -0.409064, 0.150293, -0.900044, -0.642241, -0.866372, -0.373624, 0.33137, 1.409498, 0.0, 0.0, 0.0, 1.0],
                [-0.215664, 0.923249, 0.317963, -1.005584, -0.408075, 0.210612, -0.888323, -0.64083, -0.88711, -0.321332, 0.331334, 1.384519, 0.0, 0.0, 0.0, 1.0],
                [-0.146945, 0.925937, 0.347918, -0.971964, -0.400847, 0.265817, -0.876734, -0.639585, -0.904284, -0.268294, 0.332099, 1.362485, 0.0, 0.0, 0.0, 1.0],
                [-0.080815, 0.924317, 0.372969, -0.93592, -0.38796, 0.315514, -0.86599, -0.638524, -0.918126, -0.214682, 0.3331, 1.343724, 0.0, 0.0, 0.0, 1.0],
                [-0.017588, 0.91926, 0.393258, -0.89737, -0.369966, 0.359418, -0.856705, -0.637668, -0.928879, -0.16056, 0.333773, 1.328562, 0.0, 0.0, 0.0, 1.0],
                [0.042584, 0.911552, 0.408974, -0.856231, -0.347363, 0.397316, -0.849399, -0.637033, -0.936763, -0.105891, 0.333558, 1.317327, 0.0, 0.0, 0.0, 1.0],
                [0.099685, 0.901881, 0.420326, -0.812422, -0.320574, 0.429016, -0.844498, -0.636638, -0.941964, -0.050561, 0.331886, 1.310346, 0.0, 0.0, 0.0, 1.0],
                [0.153811, 0.890826, 0.427517, -0.765859, -0.289942, 0.45431, -0.84234, -0.636503, -0.944603, 0.005606, 0.328166, 1.307946, 0.0, 0.0, 0.0, 1.0],
                [0.205696, 0.878075, 0.432057, -0.716562, -0.257167, 0.474482, -0.841862, -0.636608, -0.944222, 0.062057, 0.323411, 1.308902, 0.0, 0.0, 0.0, 1.0],
                [0.255986, 0.863068, 0.435414, -0.664952, -0.223924, 0.491112, -0.841824, -0.63691, -0.940388, 0.117995, 0.318979, 1.311637, 0.0, 0.0, 0.0, 1.0],
                [0.304686, 0.84592, 0.437706, -0.611553, -0.190449, 0.504385, -0.842214, -0.637386, -0.933218, 0.17325, 0.314784, 1.315955, 0.0, 0.0, 0.0, 1.0],
                [0.351778, 0.826738, 0.439041, -0.556888, -0.156968, 0.514476, -0.843016, -0.638014, -0.922829, 0.227639, 0.310752, 1.321656, 0.0, 0.0, 0.0, 1.0],
                [0.397225, 0.805628, 0.439518, -0.501482, -0.123699, 0.521554, -0.844204, -0.638774, -0.909347, 0.28097, 0.30683, 1.328544, 0.0, 0.0, 0.0, 1.0],
                [0.440973, 0.782703, 0.439226, -0.445857, -0.090857, 0.525792, -0.845747, -0.639643, -0.89291, 0.333044, 0.302974, 1.33642, 0.0, 0.0, 0.0, 1.0],
                [0.482955, 0.758086, 0.438248, -0.390536, -0.058652, 0.527368, -0.84761, -0.640598, -0.873679, 0.383654, 0.299158, 1.345087, 0.0, 0.0, 0.0, 1.0],
                [0.523098, 0.731913, 0.436661, -0.336043, -0.027287, 0.526468, -0.849757, -0.64162, -0.851836, 0.432591, 0.295366, 1.354348, 0.0, 0.0, 0.0, 1.0],
                [0.561322, 0.704342, 0.434534, -0.282902, 0.003041, 0.523296, -0.852145, -0.642684, -0.827592, 0.479649, 0.291596, 1.364004, 0.0, 0.0, 0.0, 1.0],
                [0.59755, 0.67555, 0.431933, -0.231636, 0.032141, 0.51807, -0.854734, -0.643771, -0.801187, 0.52463, 0.28786, 1.373857, 0.0, 0.0, 0.0, 1.0],
                [0.631711, 0.645735, 0.428914, -0.182769, 0.059838, 0.511023, -0.857482, -0.644858, -0.772891, 0.567346, 0.28418, 1.383711, 0.0, 0.0, 0.0, 1.0],
                [0.663743, 0.615117, 0.425531, -0.136823, 0.085969, 0.502412, -0.860344, -0.645923, -0.743003, 0.60763, 0.280592, 1.393367, 0.0, 0.0, 0.0, 1.0],
                [0.693599, 0.583936, 0.421828, -0.094322, 0.110387, 0.492506, -0.86328, -0.646944, -0.711853, 0.645335, 0.277143, 1.402628, 0.0, 0.0, 0.0, 1.0],
                [0.721249, 0.552451, 0.417848, -0.05579, 0.132966, 0.481596, -0.866248, -0.6479, -0.679794, 0.68034, 0.273893, 1.411295, 0.0, 0.0, 0.0, 1.0],
                [0.746685, 0.52094, 0.413622, -0.021749, 0.153601, 0.469982, -0.869209, -0.648768, -0.647201, 0.712557, 0.270912, 1.419171, 0.0, 0.0, 0.0, 1.0],
                [0.769918, 0.489691, 0.409181, 0.007275, 0.172208, 0.457981, -0.872122, -0.649528, -0.614468, 0.741927, 0.268279, 1.426059, 0.0, 0.0, 0.0, 1.0],
                [0.790985, 0.459004, 0.404546, 0.030761, 0.188728, 0.445916, -0.874952, -0.650156, -0.582, 0.768423, 0.266086, 1.431761, 0.0, 0.0, 0.0, 1.0],
                [0.809944, 0.429187, 0.399735, 0.048185, 0.20312, 0.434113, -0.87766, -0.650633, -0.550211, 0.79205, 0.264431, 1.436078, 0.0, 0.0, 0.0, 1.0],
                [0.826874, 0.400551, 0.394764, 0.059023, 0.215367, 0.422903, -0.88021, -0.650934, -0.519516, 0.812842, 0.263422, 1.438813, 0.0, 0.0, 0.0, 1.0],
                [0.84187, 0.373407, 0.389643, 0.062752, 0.225465, 0.412612, -0.882563, -0.65104, -0.490327, 0.830854, 0.263176, 1.439769, 0.0, 0.0, 0.0, 1.0],
                [0.856565, 0.349106, 0.380029, 0.060813, 0.22905, 0.402709, -0.886207, -0.645585, -0.462421, 0.846139, 0.264984, 1.439487, 0.0, 0.0, 0.0, 1.0],
                [0.872362, 0.328554, 0.361991, 0.055264, 0.22238, 0.392728, -0.892363, -0.629973, -0.435353, 0.858963, 0.269537, 1.438664, 0.0, 0.0, 0.0, 1.0],
                [0.888835, 0.311408, 0.336151, 0.046506, 0.206364, 0.382953, -0.900423, -0.605332, -0.409129, 0.869697, 0.276118, 1.437331, 0.0, 0.0, 0.0, 1.0],
                [0.905365, 0.297348, 0.303146, 0.034939, 0.181892, 0.373524, -0.909613, -0.572792, -0.383704, 0.878671, 0.284091, 1.435523, 0.0, 0.0, 0.0, 1.0],
                [0.921214, 0.286074, 0.263678, 0.020965, 0.149881, 0.364474, -0.919073, -0.53348, -0.359027, 0.886183, 0.292882, 1.43327, 0.0, 0.0, 0.0, 1.0],
                [0.935596, 0.277299, 0.218552, 0.004986, 0.111318, 0.355757, -0.927925, -0.488525, -0.335064, 0.892492, 0.301976, 1.430607, 0.0, 0.0, 0.0, 1.0],
                [0.947755, 0.270742, 0.168702, -0.012598, 0.067288, 0.347276, -0.935346, -0.439055, -0.311823, 0.89783, 0.310915, 1.427565, 0.0, 0.0, 0.0, 1.0],
                [0.957032, 0.266121, 0.115196, -0.031385, 0.018982, 0.338904, -0.940629, -0.3862, -0.289362, 0.902399, 0.319291, 1.424177, 0.0, 0.0, 0.0, 1.0],
                [0.962935, 0.263151, 0.059222, -0.050975, -0.032309, 0.330506, -0.943251, -0.331088, -0.26779, 0.906376, 0.326758, 1.420475, 0.0, 0.0, 0.0, 1.0],
                [0.965191, 0.261539, 0.002059, -0.070966, -0.085228, 0.32195, -0.942913, -0.274847, -0.247271, 0.909915, 0.333033, 1.416493, 0.0, 0.0, 0.0, 1.0],
                [0.963774, 0.260991, -0.054979, -0.090956, -0.138392, 0.313123, -0.939575, -0.218607, -0.228005, 0.913147, 0.337899, 1.412263, 0.0, 0.0, 0.0, 1.0],
                [0.958925, 0.261215, -0.110589, -0.110546, -0.190447, 0.30394, -0.933462, -0.163495, -0.210222, 0.916181, 0.341203, 1.407817, 0.0, 0.0, 0.0, 1.0],
                [0.95113, 0.261929, -0.163537, -0.129333, -0.24011, 0.294342, -0.925046, -0.110639, -0.194161, 0.919106, 0.342849, 1.403188, 0.0, 0.0, 0.0, 1.0],
                [0.941095, 0.262869, -0.212699, -0.146917, -0.286216, 0.284301, -0.915015, -0.06117, -0.180058, 0.921994, 0.342792, 1.398409, 0.0, 0.0, 0.0, 1.0],
                [0.929689, 0.263793, -0.257082, -0.162896, -0.327733, 0.273814, -0.904222, -0.016215, -0.168135, 0.924899, 0.341016, 1.393512, 0.0, 0.0, 0.0, 1.0],
                [0.917894, 0.264491, -0.29583, -0.17687, -0.363761, 0.262895, -0.893624, 0.023097, -0.158583, 0.927864, 0.337521, 1.388531, 0.0, 0.0, 0.0, 1.0],
                [0.906738, 0.264782, -0.328201, -0.188437, -0.393514, 0.251562, -0.88423, 0.055637, -0.151565, 0.930917, 0.332296, 1.383497, 0.0, 0.0, 0.0, 1.0],
                [0.897243, 0.264519, -0.353532, -0.197195, -0.416276, 0.239835, -0.877037, 0.080278, -0.147204, 0.934082, 0.325303, 1.378442, 0.0, 0.0, 0.0, 1.0],
                [0.890365, 0.263587, -0.371177, -0.202744, -0.431342, 0.227717, -0.872977, 0.09589, -0.145582, 0.937372, 0.316447, 1.373401, 0.0, 0.0, 0.0, 1.0],
                [0.886944, 0.261901, -0.380446, -0.204683, -0.437949, 0.215191, -0.872865, 0.101345, -0.146736, 0.940798, 0.305561, 1.368405, 0.0, 0.0, 0.0, 1.0],
                [0.885339, 0.260179, -0.385334, -0.203379, -0.439871, 0.200216, -0.875458, 0.101079, -0.150626, 0.944574, 0.291704, 1.363484, 0.0, 0.0, 0.0, 1.0],
                [0.883462, 0.259106, -0.390332, -0.199646, -0.441403, 0.181086, -0.878847, 0.10032, -0.157031, 0.948721, 0.274352, 1.358658, 0.0, 0.0, 0.0, 1.0],
                [0.881352, 0.258578, -0.395418, -0.193755, -0.442461, 0.158266, -0.882712, 0.099122, -0.165669, 0.952937, 0.253899, 1.353945, 0.0, 0.0, 0.0, 1.0],
                [0.879048, 0.258496, -0.400568, -0.185974, -0.442958, 0.132237, -0.886737, 0.09754, -0.176248, 0.956919, 0.230745, 1.34936, 0.0, 0.0, 0.0, 1.0],
                [0.876584, 0.258767, -0.405759, -0.176575, -0.442811, 0.103503, -0.890621, 0.095628, -0.188466, 0.960379, 0.205313, 1.344921, 0.0, 0.0, 0.0, 1.0],
                [0.873997, 0.259305, -0.410964, -0.165826, -0.441952, 0.072593, -0.894096, 0.093443, -0.20201, 0.963064, 0.178046, 1.340645, 0.0, 0.0, 0.0, 1.0],
                [0.871322, 0.260031, -0.416151, -0.153999, -0.440341, 0.040064, -0.896936, 0.091037, -0.216559, 0.964769, 0.149411, 1.33655, 0.0, 0.0, 0.0, 1.0],
                [0.868598, 0.260878, -0.421284, -0.141361, -0.437964, 0.006492, -0.898969, 0.088467, -0.231787, 0.96535, 0.119894, 1.332651, 0.0, 0.0, 0.0, 1.0],
                [0.865862, 0.261786, -0.426322, -0.128184, -0.434848, -0.027529, -0.900083, 0.085787, -0.247366, 0.964733, 0.090001, 1.328967, 0.0, 0.0, 0.0, 1.0],
