{
    "animation": [
        {
            "name": "Root",
            "time": [0.0, 0.0083, 0.0167, 0.025, 0.0333, 0.0417, 0.05, 0.0583, 0.0667, 0.075, 0.0833, 0.0917, 0.1, 0.1083, 0.1167, 0.125, 0.1333, 0.1417, 0.15, 0.1583, 0.1667, 0.175, 0.1833, 0.1917, 0.2, 0.2083, 0.2167, 0.225, 0.2333, 0.2417, 0.25, 0.2583, 0.2667, 0.275, 0.2833, 0.2917, 0.3, 0.3083, 0.3167, 0.325, 0.3333, 0.3417, 0.35, 0.3583, 0.3667, 0.375, 0.3833, 0.3917, 0.4, 0.4083, 0.4167, 0.425, 0.4333, 0.4417, 0.45, 0.4583, 0.4667, 0.475, 0.4833, 0.4917, 0.5, 0.5083, 0.5167, 0.525, 0.5333, 0.5417, 0.55, 0.5583, 0.5667, 0.575, 0.5833, 0.5917, 0.6, 0.6083, 0.6167, 0.625, 0.6333, 0.6417, 0.65, 0.6583, 0.6667, 0.675, 0.6833, 0.6917, 0.7, 0.7083, 0.7167, 0.725, 0.7333, 0.7417, 0.75, 0.7583, 0.7667, 0.775, 0.7833, 0.7917, 0.8, 0.8083, 0.8167, 0.825, 0.8333, 0.8417, 0.85, 0.8583, 0.8667, 0.875, 0.8833, 0.8917, 0.9, 0.9083, 0.9167, 0.925, 0.9333, 0.9417, 0.95, 0.9583, 0.9667, 0.975, 0.9833, 0.9917, 1.0, 1.0083, 1.0167, 1.025, 1.0333, 1.0417, 1.05, 1.0583, 1.0667, 1.075, 1.0833, 1.0917, 1.1, 1.1083, 1.1167, 1.125, 1.1333, 1.1417, 1.15, 1.1583, 1.1667, 1.175, 1.1833, 1.1917, 1.2, 1.2083, 1.2167, 1.225, 1.2333, 1.2417, 1.25, 1.2583, 1.2667, 1.275, 1.2833, 1.2917, 1.3, 1.3083, 1.3167, 1.325, 1.3333],
            "transform": [
                [0.899957, 0.392305, 0.190193, 0.147535, -0.421153, 0.895066, 0.146591, 0.264782, -0.112727, -0.212026, 0.970741, 0.959091, 0.0, 0.0, 0.0, 1.0],
                [0.900219, 0.391732, 0.190134, 0.147406, -0.420166, 0.896088, 0.143134, 0.264453, -0.114306, -0.20874, 0.971268, 0.959121, 0.0, 0.0, 0.0, 1.0],
                [0.900966, 0.390089, 0.189976, 0.147035, -0.417306, 0.898948, 0.133223, 0.263511, -0.11881, -0.199308, 0.972708, 0.95933, 0.0, 0.0, 0.0, 1.0],
                [0.902135, 0.387481, 0.189764, 0.14645, -0.412686, 0.90326, 0.117525, 0.262025, -0.125868, -0.184336, 0.974771, 0.959896, 0.0, 0.0, 0.0, 1.0],
                [0.90366, 0.384016, 0.189553, 0.145678, -0.406385, 0.908571, 0.096696, 0.260063, -0.13509, -0.164412, 0.977098, 0.960999, 0.0, 0.0, 0.0, 1.0],
                [0.905472, 0.379798, 0.189403, 0.144744, -0.398477, 0.914395, 0.071407, 0.257692, -0.146069, -0.14013, 0.9793, 0.962818, 0.0, 0.0, 0.0, 1.0],
                [0.907501, 0.374938, 0.189375, 0.143677, -0.389041, 0.920246, 0.042351, 0.25498, -0.158393, -0.112109, 0.980991, 0.965531, 0.0, 0.0, 0.0, 1.0],
                [0.909677, 0.369554, 0.189522, 0.142502, -0.378189, 0.925672, 0.010259, 0.251996, -0.171644, -0.081007, 0.981823, 0.969317, 0.0, 0.0, 0.0, 1.0],
                [0.91193, 0.363769, 0.189886, 0.141247, -0.366067, 0.930276, -0.024108, 0.248809, -0.185416, -0.047526, 0.98151, 0.974355, 0.0, 0.0, 0.0, 1.0],
                [0.914196, 0.357713, 0.190493, 0.139939, -0.352871, 0.933749, -0.059955, 0.245485, -0.199319, -0.012409, 0.979856, 0.980824, 0.0, 0.0, 0.0, 1.0],
                [0.916415, 0.351523, 0.191351, 0.138603, -0.338848, 0.935883, -0.096467, 0.242092, -0.212993, 0.023565, 0.97677, 0.988903, 0.0, 0.0, 0.0, 1.0],
                [0.918535, 0.345336, 0.19245, 0.137268, -0.324293, 0.936585, -0.132826, 0.2387, -0.226116, 0.059596, 0.972276, 0.998771, 0.0, 0.0, 0.0, 1.0],
                [0.920511, 0.33929, 0.193757, 0.135959, -0.309546, 0.935885, -0.168228, 0.235376, -0.238412, 0.094879, 0.966518, 1.010606, 0.0, 0.0, 0.0, 1.0],
                [0.922309, 0.333519, 0.195221, 0.134704, -0.294987, 0.933928, -0.201894, 0.232188, -0.249658, 0.128621, 0.959754, 1.024588, 0.0, 0.0, 0.0, 1.0],
                [0.923902, 0.328153, 0.196775, 0.13353, -0.281018, 0.930966, -0.233091, 0.229205, -0.25968, 0.160056, 0.952338, 1.040895, 0.0, 0.0, 0.0, 1.0],
                [0.925273, 0.323314, 0.198337, 0.132462, -0.26806, 0.927336, -0.261134, 0.226493, -0.268353, 0.188454, 0.944707, 1.059706, 0.0, 0.0, 0.0, 1.0],
                [0.926411, 0.319118, 0.199817, 0.131529, -0.25654, 0.923441, -0.285385, 0.224122, -0.275591, 0.213123, 0.937352, 1.0812, 0.0, 0.0, 0.0, 1.0],
                [0.927309, 0.315672, 0.201122, 0.130756, -0.246882, 0.919714, -0.305248, 0.22216, -0.281333, 0.233406, 0.930792, 1.105556, 0.0, 0.0, 0.0, 1.0],
                [0.927962, 0.313081, 0.202156, 0.130171, -0.2395, 0.916593, -0.320153, 0.220673, -0.285529, 0.248674, 0.925546, 1.132953, 0.0, 0.0, 0.0, 1.0],
                [0.928364, 0.311448, 0.202832, 0.129801, -0.234794, 0.914483, -0.329534, 0.219732, -0.288119, 0.258304, 0.922099, 1.163569, 0.0, 0.0, 0.0, 1.0],
                [0.928502, 0.310879, 0.203072, 0.129671, -0.233145, 0.913722, -0.332799, 0.219403, -0.289012, 0.26166, 0.920873, 1.197584, 0.0, 0.0, 0.0, 1.0],
                [0.928502, 0.310879, 0.203072, 0.129671, -0.233144, 0.913722, -0.332799, 0.219403, -0.289011, 0.26166, 0.920873, 1.235954, 0.0, 0.0, 0.0, 1.0],
                [0.928502, 0.310879, 0.203072, 0.129671, -0.233144, 0.913722, -0.332799, 0.219403, -0.289011, 0.26166, 0.920873, 1.278264, 0.0, 0.0, 0.0, 1.0],
                [0.928502, 0.310879, 0.203072, 0.129671, -0.233144, 0.913722, -0.332799, 0.219403, -0.289011, 0.26166, 0.920873, 1.322634, 0.0, 0.0, 0.0, 1.0],
                [0.928502, 0.310879, 0.203072, 0.129671, -0.233144, 0.913722, -0.332799, 0.219403, -0.289011, 0.26166, 0.920873, 1.367184, 0.0, 0.0, 0.0, 1.0],
                [0.928502, 0.310879, 0.203072, 0.129671, -0.233144, 0.913722, -0.332799, 0.219403, -0.289011, 0.26166, 0.920873, 1.410037, 0.0, 0.0, 0.0, 1.0],
                [0.928502, 0.310879, 0.203072, 0.129671, -0.233144, 0.913722, -0.332799, 0.219403, -0.289011, 0.26166, 0.920873, 1.449312, 0.0, 0.0, 0.0, 1.0],
                [0.928502, 0.310879, 0.203072, 0.129671, -0.233144, 0.913722, -0.332799, 0.219403, -0.289011, 0.26166, 0.920873, 1.483131, 0.0, 0.0, 0.0, 1.0],
                [0.928502, 0.310879, 0.203072, 0.129671, -0.233144, 0.913722, -0.332799, 0.219403, -0.289011, 0.26166, 0.920873, 1.509614, 0.0, 0.0, 0.0, 1.0],
                [0.928502, 0.310879, 0.203072, 0.129671, -0.233144, 0.913722, -0.332799, 0.219403, -0.289011, 0.26166, 0.920873, 1.526882, 0.0, 0.0, 0.0, 1.0],
                [0.928502, 0.310879, 0.203072, 0.129671, -0.233144, 0.913722, -0.332799, 0.219403, -0.289011, 0.26166, 0.920873, 1.533055, 0.0, 0.0, 0.0, 1.0],
                [0.927988, 0.31162, 0.204281, 0.129836, -0.235032, 0.914958, -0.328042, 0.219777, -0.289133, 0.256407, 0.922311, 1.533005, 0.0, 0.0, 0.0, 1.0],
                [0.926507, 0.313724, 0.207755, 0.130316, -0.240398, 0.918283, -0.314587, 0.220841, -0.289472, 0.241523, 0.926214, 1.532794, 0.0, 0.0, 0.0, 1.0],
                [0.924139, 0.316975, 0.213294, 0.131085, -0.248809, 0.922976, -0.293614, 0.222508, -0.289934, 0.218271, 0.931824, 1.532328, 0.0, 0.0, 0.0, 1.0],
                [0.920959, 0.321123, 0.220711, 0.132118, -0.259833, 0.92821, -0.266294, 0.22469, -0.290379, 0.187898, 0.938282, 1.531515, 0.0, 0.0, 0.0, 1.0],
                [0.917043, 0.325908, 0.229817, 0.133391, -0.27303, 0.933152, -0.233843, 0.2273, -0.290665, 0.151697, 0.944723, 1.530261, 0.0, 0.0, 0.0, 1.0],
                [0.912468, 0.331074, 0.240402, 0.13488, -0.287943, 0.937048, -0.197558, 0.23025, -0.290675, 0.111043, 0.950357, 1.528474, 0.0, 0.0, 0.0, 1.0],
                [0.907315, 0.336394, 0.252226, 0.136558, -0.304103, 0.939306, -0.158824, 0.233452, -0.290345, 0.067401, 0.954545, 1.52606, 0.0, 0.0, 0.0, 1.0],
                [0.901675, 0.341687, 0.265015, 0.138403, -0.321033, 0.939549, -0.119103, 0.23682, -0.289691, 0.022314, 0.95686, 1.522928, 0.0, 0.0, 0.0, 1.0],
                [0.895637, 0.346831, 0.278464, 0.140387, -0.338258, 0.937655, -0.079908, 0.240265, -0.288818, -0.022625, 0.957117, 1.518964, 0.0, 0.0, 0.0, 1.0],
                [0.889296, 0.351778, 0.292242, 0.142488, -0.35532, 0.933767, -0.042754, 0.2437, -0.287925, -0.065819, 0.955388, 1.513976, 0.0, 0.0, 0.0, 1.0],
                [0.882742, 0.356554, 0.306, 0.144681, -0.371782, 0.928275, -0.009125, 0.247038, -0.287306, -0.10571, 0.951988, 1.507754, 0.0, 0.0, 0.0, 1.0],
                [0.876062, 0.361261, 0.319383, 0.146939, -0.387239, 0.921772, 0.019553, 0.25019, -0.287335, -0.140807, 0.947424, 1.500087, 0.0, 0.0, 0.0, 1.0],
                [0.86934, 0.366066, 0.33203, 0.14924, -0.401303, 0.914985, 0.041934, 0.25307, -0.288452, -0.1697, 0.942336, 1.490762, 0.0, 0.0, 0.0, 1.0],
                [0.862654, 0.371192, 0.343576, 0.151557, -0.413597, 0.908691, 0.056735, 0.255591, -0.291145, -0.191045, 0.93741, 1.479569, 0.0, 0.0, 0.0, 1.0],
                [0.856087, 0.376896, 0.353644, 0.153867, -0.423725, 0.903618, 0.062705, 0.257664, -0.295926, -0.203529, 0.933276, 1.466298, 0.0, 0.0, 0.0, 1.0],
                [0.849823, 0.38268, 0.362431, 0.156145, -0.432142, 0.899571, 0.063452, 0.259365, -0.30175, -0.210545, 0.929848, 1.450794, 0.0, 0.0, 0.0, 1.0],
                [0.843969, 0.387873, 0.3705, 0.158375, -0.439626, 0.895935, 0.063488, 0.26084, -0.307319, -0.216463, 0.92666, 1.433138, 0.0, 0.0, 0.0, 1.0],
                [0.838488, 0.392482, 0.378016, 0.16054, -0.446223, 0.892708, 0.062909, 0.262104, -0.312767, -0.221428, 0.92366, 1.41347, 0.0, 0.0, 0.0, 1.0],
                [0.833333, 0.396514, 0.385141, 0.162624, -0.451987, 0.889881, 0.06181, 0.263175, -0.318221, -0.225587, 0.920785, 1.391929, 0.0, 0.0, 0.0, 1.0],
                [0.828451, 0.399964, 0.392042, 0.164612, -0.456969, 0.887438, 0.060283, 0.264067, -0.323802, -0.229092, 0.91797, 1.368652, 0.0, 0.0, 0.0, 1.0],
                [0.823783, 0.402829, 0.398886, 0.166486, -0.461224, 0.885359, 0.058413, 0.264798, -0.329627, -0.232095, 0.915138, 1.343781, 0.0, 0.0, 0.0, 1.0],
                [0.819261, 0.405101, 0.405838, 0.168232, -0.464806, 0.883622, 0.056282, 0.265383, -0.335807, -0.234746, 0.91221, 1.317452, 0.0, 0.0, 0.0, 1.0],
                [0.814812, 0.406767, 0.413064, 0.169832, -0.46777, 0.882201, 0.053974, 0.265838, -0.342451, -0.237198, 0.909101, 1.289806, 0.0, 0.0, 0.0, 1.0],
                [0.810356, 0.407812, 0.420729, 0.171271, -0.47017, 0.881068, 0.051566, 0.266181, -0.349662, -0.239601, 0.905719, 1.260981, 0.0, 0.0, 0.0, 1.0],
                [0.805806, 0.408217, 0.428994, 0.172533, -0.472061, 0.880195, 0.049136, 0.266426, -0.357541, -0.242105, 0.90197, 1.231116, 0.0, 0.0, 0.0, 1.0],
                [0.801067, 0.40796, 0.438019, 0.173601, -0.473498, 0.879553, 0.046759, 0.266591, -0.366185, -0.244857, 0.897749, 1.20035, 0.0, 0.0, 0.0, 1.0],
                [0.796038, 0.407012, 0.447957, 0.17446, -0.474534, 0.879111, 0.04451, 0.26669, -0.375688, -0.248002, 0.892947, 1.168822, 0.0, 0.0, 0.0, 1.0],
                [0.790606, 0.405339, 0.458958, 0.175093, -0.475225, 0.878839, 0.042461, 0.266742, -0.386139, -0.251679, 0.887443, 1.136671, 0.0, 0.0, 0.0, 1.0],
                [0.784648, 0.4029, 0.471168, 0.175485, -0.475629, 0.878704, 0.040689, 0.266761, -0.397624, -0.256028, 0.881105, 1.104037, 0.0, 0.0, 0.0, 1.0],
                [0.778029, 0.399644, 0.484722, 0.17562, -0.475803, 0.878675, 0.039263, 0.266763, -0.410222, -0.26118, 0.873787, 1.071057, 0.0, 0.0, 0.0, 1.0],
                [0.770632, 0.395523, 0.499687, 0.175498, -0.475794, 0.878726, 0.038235, 0.266763, -0.423965, -0.267213, 0.865362, 1.037879, 0.0, 0.0, 0.0, 1.0],
                [0.76245, 0.390546, 0.515891, 0.17515, -0.475594, 0.878863, 0.037568, 0.26676, -0.438725, -0.273998, 0.85583, 1.004681, 0.0, 0.0, 0.0, 1.0],
                [0.753513, 0.384736, 0.5331, 0.1746, -0.475183, 0.8791, 0.037209, 0.266751, -0.454333, -0.281358, 0.845233, 0.97165, 0.0, 0.0, 0.0, 1.0],
                [0.743859, 0.378123, 0.551087, 0.173875, -0.474539, 0.879452, 0.037106, 0.266735, -0.470624, -0.289114, 0.833623, 0.93897, 0.0, 0.0, 0.0, 1.0],
                [0.733535, 0.370749, 0.569624, 0.172998, -0.473637, 0.879934, 0.037209, 0.266708, -0.487436, -0.297089, 0.821062, 0.906829, 0.0, 0.0, 0.0, 1.0],
                [0.722601, 0.36266, 0.588494, 0.171996, -0.472453, 0.880559, 0.037472, 0.266667, -0.504614, -0.305113, 0.807633, 0.875413, 0.0, 0.0, 0.0, 1.0],
                [0.711129, 0.353917, 0.607486, 0.170893, -0.470959, 0.881343, 0.037846, 0.266611, -0.522009, -0.313014, 0.793429, 0.844908, 0.0, 0.0, 0.0, 1.0],
                [0.699203, 0.344587, 0.626398, 0.169715, -0.469125, 0.882302, 0.038288, 0.266536, -0.539479, -0.32063, 0.778562, 0.815499, 0.0, 0.0, 0.0, 1.0],
                [0.68692, 0.334753, 0.645044, 0.168486, -0.466918, 0.883451, 0.038754, 0.26644, -0.556892, -0.327804, 0.763162, 0.787374, 0.0, 0.0, 0.0, 1.0],
                [0.674391, 0.324501, 0.663247, 0.167232, -0.464304, 0.884808, 0.039204, 0.26632, -0.574124, -0.334387, 0.747374, 0.760717, 0.0, 0.0, 0.0, 1.0],
                [0.661737, 0.313931, 0.680846, 0.165978, -0.461245, 0.886389, 0.039594, 0.266173, -0.591065, -0.340238, 0.731355, 0.735716, 0.0, 0.0, 0.0, 1.0],
                [0.649091, 0.303149, 0.697698, 0.164749, -0.457699, 0.888212, 0.039885, 0.265997, -0.607613, -0.345224, 0.715281, 0.712556, 0.0, 0.0, 0.0, 1.0],
                [0.636595, 0.292265, 0.713672, 0.163571, -0.453622, 0.890294, 0.040035, 0.265789, -0.623677, -0.349223, 0.699335, 0.691424, 0.0, 0.0, 0.0, 1.0],
                [0.624403, 0.281398, 0.728654, 0.162468, -0.448968, 0.892652, 0.040001, 0.265546, -0.639178, -0.352119, 0.683713, 0.672506, 0.0, 0.0, 0.0, 1.0],
                [0.612671, 0.270665, 0.742546, 0.161465, -0.443687, 0.8953, 0.039738, 0.265266, -0.654046, -0.353804, 0.668616, 0.655987, 0.0, 0.0, 0.0, 1.0],
                [0.601568, 0.260188, 0.755261, 0.160589, -0.437725, 0.898254, 0.0392, 0.264946, -0.668217, -0.354178, 0.654251, 0.642055, 0.0, 0.0, 0.0, 1.0],
                [0.591263, 0.250083, 0.766725, 0.159863, -0.431025, 0.901526, 0.038336, 0.264584, -0.681634, -0.353144, 0.640831, 0.630894, 0.0, 0.0, 0.0, 1.0],
                [0.581934, 0.240467, 0.776871, 0.159314, -0.423528, 0.905124, 0.037088, 0.264176, -0.694246, -0.350609, 0.628567, 0.622692, 0.0, 0.0, 0.0, 1.0],
                [0.573761, 0.231451, 0.785639, 0.158966, -0.415171, 0.909055, 0.035394, 0.263721, -0.705997, -0.346482, 0.617672, 0.617634, 0.0, 0.0, 0.0, 1.0],
                [0.566927, 0.223138, 0.792972, 0.158844, -0.405888, 0.91332, 0.033183, 0.263214, -0.716833, -0.34067, 0.608355, 0.615907, 0.0, 0.0, 0.0, 1.0],
                [0.561657, 0.216367, 0.798578, 0.15896, -0.394965, 0.918238, 0.029, 0.262451, -0.72701, -0.331699, 0.601192, 0.618367, 0.0, 0.0, 0.0, 1.0],
                [0.55801, 0.211789, 0.802353, 0.15929, -0.381856, 0.923968, 0.021678, 0.261259, -0.736757, -0.31848, 0.596456, 0.625528, 0.0, 0.0, 0.0, 1.0],
                [0.555916, 0.20919, 0.804486, 0.159812, -0.366765, 0.930242, 0.011553, 0.259688, -0.745949, -0.30148, 0.59386, 0.637064, 0.0, 0.0, 0.0, 1.0],
                [0.555304, 0.208325, 0.805133, 0.160501, -0.349925, 0.936777, -0.001043, 0.257791, -0.754447, -0.281156, 0.593094, 0.652646, 0.0, 0.0, 0.0, 1.0],
                [0.556089, 0.208932, 0.804433, 0.161333, -0.331592, 0.943291, -0.015774, 0.255616, -0.76211, -0.257972, 0.593834, 0.671947, 0.0, 0.0, 0.0, 1.0],
                [0.55818, 0.210736, 0.802512, 0.162285, -0.312048, 0.949517, -0.032296, 0.253215, -0.768805, -0.232395, 0.595761, 0.694641, 0.0, 0.0, 0.0, 1.0],
                [0.561468, 0.213458, 0.799494, 0.163332, -0.291595, 0.955221, -0.050254, 0.250638, -0.77442, -0.204913, 0.598569, 0.720398, 0.0, 0.0, 0.0, 1.0],
                [0.56583, 0.216822, 0.795502, 0.164451, -0.270551, 0.96021, -0.069276, 0.247936, -0.77887, -0.176026, 0.601977, 0.748893, 0.0, 0.0, 0.0, 1.0],
                [0.571131, 0.220565, 0.790671, 0.165618, -0.249244, 0.964345, -0.088974, 0.24516, -0.782104, -0.146254, 0.605742, 0.779798, 0.0, 0.0, 0.0, 1.0],
                [0.577217, 0.224435, 0.785143, 0.166809, -0.228006, 0.967545, -0.108951, 0.242359, -0.784113, -0.116129, 0.609656, 0.812784, 0.0, 0.0, 0.0, 1.0],
                [0.583926, 0.228207, 0.779072, 0.168, -0.207164, 0.969791, -0.1288, 0.239586, -0.784929, -0.086186, 0.613562, 0.847526, 0.0, 0.0, 0.0, 1.0],
                [0.591083, 0.231676, 0.772624, 0.169167, -0.187039, 0.971124, -0.148106, 0.236889, -0.784626, -0.056968, 0.617347, 0.883695, 0.0, 0.0, 0.0, 1.0],
                [0.598508, 0.234665, 0.765976, 0.170286, -0.167934, 0.971643, -0.166456, 0.23432, -0.783317, -0.029009, 0.620945, 0.920964, 0.0, 0.0, 0.0, 1.0],
                [0.60602, 0.237025, 0.759315, 0.171333, -0.150134, 0.971499, -0.183436, 0.23193, -0.781153, -0.002833, 0.624334, 0.959006, 0.0, 0.0, 0.0, 1.0],
                [0.613435, 0.238632, 0.75283, 0.172285, -0.133903, 0.970882, -0.19864, 0.229768, -0.778311, 0.021046, 0.627527, 0.997493, 0.0, 0.0, 0.0, 1.0],
                [0.620574, 0.23938, 0.746716, 0.173117, -0.119484, 0.970011, -0.211664, 0.227886, -0.774991, 0.042132, 0.630566, 1.036098, 0.0, 0.0, 0.0, 1.0],
                [0.627263, 0.239184, 0.741169, 0.173806, -0.107103, 0.969123, -0.222104, 0.226335, -0.771407, 0.059936, 0.633513, 1.074493, 0.0, 0.0, 0.0, 1.0],
                [0.633337, 0.237967, 0.73638, 0.174328, -0.096971, 0.968451, -0.229561, 0.225164, -0.767776, 0.073982, 0.636432, 1.112352, 0.0, 0.0, 0.0, 1.0],
                [0.638637, 0.235654, 0.732537, 0.174658, -0.089293, 0.968218, -0.233625, 0.224424, -0.76431, 0.083792, 0.639382, 1.149346, 0.0, 0.0, 0.0, 1.0],
                [0.643014, 0.232163, 0.729818, 0.174774, -0.084273, 0.968608, -0.233875, 0.224166, -0.761204, 0.088881, 0.642393, 1.185148, 0.0, 0.0, 0.0, 1.0],
                [0.647141, 0.229161, 0.727114, 0.174674, -0.081878, 0.969129, -0.232563, 0.224168, -0.757961, 0.090966, 0.645926, 1.219478, 0.0, 0.0, 0.0, 1.0],
                [0.651886, 0.228245, 0.723152, 0.17438, -0.08188, 0.969239, -0.232105, 0.224181, -0.753883, 0.092094, 0.650522, 1.25224, 0.0, 0.0, 0.0, 1.0],
                [0.657384, 0.229216, 0.717849, 0.173901, -0.084201, 0.968993, -0.2323, 0.224218, -0.748837, 0.092266, 0.6563, 1.283388, 0.0, 0.0, 0.0, 1.0],
                [0.663747, 0.231876, 0.711107, 0.173245, -0.088764, 0.968434, -0.232932, 0.224288, -0.742671, 0.091487, 0.663377, 1.312873, 0.0, 0.0, 0.0, 1.0],
                [0.671072, 0.236029, 0.702818, 0.172421, -0.095488, 0.967591, -0.233773, 0.224405, -0.735217, 0.089768, 0.671861, 1.340647, 0.0, 0.0, 0.0, 1.0],
                [0.679434, 0.241484, 0.69286, 0.171438, -0.10429, 0.966486, -0.234582, 0.224579, -0.726288, 0.087124, 0.681847, 1.366663, 0.0, 0.0, 0.0, 1.0],
                [0.68889, 0.248051, 0.681103, 0.170304, -0.115078, 0.965135, -0.2351, 0.224821, -0.715673, 0.083578, 0.693417, 1.390873, 0.0, 0.0, 0.0, 1.0],
                [0.699476, 0.255548, 0.667404, 0.169028, -0.12775, 0.963551, -0.235054, 0.225144, -0.703145, 0.079153, 0.706627, 1.413229, 0.0, 0.0, 0.0, 1.0],
                [0.711207, 0.263795, 0.651611, 0.167618, -0.14219, 0.961745, -0.234154, 0.225559, -0.688452, 0.073879, 0.721509, 1.433682, 0.0, 0.0, 0.0, 1.0],
                [0.724071, 0.272618, 0.633561, 0.166084, -0.158261, 0.959731, -0.232097, 0.226076, -0.671323, 0.067787, 0.738059, 1.452186, 0.0, 0.0, 0.0, 1.0],
                [0.738029, 0.28185, 0.613086, 0.164433, -0.1758, 0.957523, -0.228569, 0.226709, -0.651466, 0.06091, 0.756229, 1.468692, 0.0, 0.0, 0.0, 1.0],
                [0.753007, 0.291327, 0.590008, 0.162675, -0.194611, 0.955138, -0.223242, 0.227467, -0.628576, 0.053281, 0.775921, 1.483152, 0.0, 0.0, 0.0, 1.0],
                [0.768895, 0.300897, 0.564147, 0.160818, -0.21446, 0.952597, -0.215789, 0.228363, -0.602335, 0.044932, 0.796978, 1.49552, 0.0, 0.0, 0.0, 1.0],
                [0.785541, 0.310412, 0.535322, 0.158871, -0.235068, 0.949925, -0.20588, 0.229408, -0.572423, 0.035891, 0.819173, 1.505745, 0.0, 0.0, 0.0, 1.0],
                [0.802745, 0.319733, 0.50336, 0.156842, -0.256101, 0.947146, -0.193202, 0.230613, -0.538528, 0.026181, 0.842201, 1.513782, 0.0, 0.0, 0.0, 1.0],
                [0.820255, 0.328731, 0.468099, 0.154741, -0.277169, 0.944291, -0.177459, 0.231991, -0.500358, 0.015819, 0.865674, 1.519582, 0.0, 0.0, 0.0, 1.0],
                [0.837764, 0.337289, 0.429404, 0.152574, -0.297822, 0.941389, -0.158395, 0.233551, -0.457661, 0.004812, 0.889114, 1.523097, 0.0, 0.0, 0.0, 1.0],
                [0.854907, 0.345301, 0.387171, 0.150353, -0.317547, 0.938467, -0.135809, 0.235307, -0.410242, -0.006841, 0.911951, 1.524279, 0.0, 0.0, 0.0, 1.0],
                [0.870543, 0.352629, 0.343232, 0.1481, -0.337097, 0.935472, -0.106099, 0.237781, -0.358498, -0.023339, 0.933239, 1.523202, 0.0, 0.0, 0.0, 1.0],
                [0.883386, 0.359559, 0.300576, 0.145905, -0.356117, 0.931949, -0.068209, 0.24123, -0.304647, -0.046786, 0.951316, 1.51986, 0.0, 0.0, 0.0, 1.0],
                [0.893113, 0.366305, 0.261095, 0.143874, -0.372808, 0.927542, -0.026056, 0.245259, -0.251722, -0.074067, 0.964961, 1.514085, 0.0, 0.0, 0.0, 1.0],
                [0.89981, 0.372642, 0.226892, 0.142111, -0.386033, 0.922345, 0.016094, 0.249479, -0.203275, -0.102069, 0.973787, 1.505708, 0.0, 0.0, 0.0, 1.0],
                [0.903923, 0.377972, 0.200152, 0.140722, -0.395326, 0.916967, 0.053743, 0.253496, -0.16322, -0.127705, 0.97829, 1.494563, 0.0, 0.0, 0.0, 1.0],
                [0.906091, 0.381436, 0.183046, 0.139811, -0.400756, 0.912479, 0.082322, 0.256918, -0.135625, -0.147948, 0.979652, 1.48048, 0.0, 0.0, 0.0, 1.0],
                [0.90688, 0.382101, 0.177671, 0.139484, -0.40257, 0.9102, 0.097337, 0.259353, -0.124524, -0.159798, 0.979265, 1.463293, 0.0, 0.0, 0.0, 1.0],
                [0.906873, 0.381392, 0.179227, 0.139818, -0.402897, 0.909375, 0.10349, 0.261047, -0.123514, -0.166062, 0.978349, 1.442937, 0.0, 0.0, 0.0, 1.0],
                [0.90649, 0.38124, 0.181471, 0.140759, -0.403764, 0.908408, 0.108485, 0.262514, -0.123491, -0.171612, 0.977394, 1.419764, 0.0, 0.0, 0.0, 1.0],
                [0.905785, 0.381564, 0.184288, 0.142213, -0.405092, 0.907336, 0.112435, 0.263773, -0.12431, -0.176495, 0.97642, 1.39423, 0.0, 0.0, 0.0, 1.0],
                [0.90481, 0.382282, 0.187561, 0.144086, -0.406799, 0.906192, 0.115455, 0.264838, -0.12583, -0.180765, 0.975444, 1.366791, 0.0, 0.0, 0.0, 1.0],
                [0.903616, 0.383317, 0.191172, 0.146287, -0.4088, 0.905008, 0.117659, 0.265726, -0.127911, -0.18447, 0.974479, 1.337904, 0.0, 0.0, 0.0, 1.0],
                [0.902254, 0.384593, 0.195001, 0.14872, -0.41101, 0.90381, 0.119162, 0.266454, -0.130415, -0.187661, 0.973537, 1.308024, 0.0, 0.0, 0.0, 1.0],
                [0.90078, 0.386034, 0.198931, 0.151293, -0.413342, 0.902624, 0.120075, 0.267036, -0.133207, -0.190388, 0.97263, 1.277608, 0.0, 0.0, 0.0, 1.0],
                [0.899248, 0.387566, 0.202842, 0.153913, -0.415711, 0.901477, 0.120515, 0.267489, -0.13615, -0.192696, 0.971767, 1.24711, 0.0, 0.0, 0.0, 1.0],
                [0.897717, 0.389117, 0.206619, 0.156487, -0.418032, 0.900392, 0.120596, 0.26783, -0.139112, -0.194635, 0.970961, 1.216988, 0.0, 0.0, 0.0, 1.0],
                [0.896248, 0.390613, 0.210145, 0.15892, -0.420223, 0.899393, 0.120434, 0.268074, -0.141959, -0.196247, 0.970224, 1.187697, 0.0, 0.0, 0.0, 1.0],
                [0.894902, 0.391983, 0.213305, 0.16112, -0.422199, 0.898506, 0.120146, 0.268238, -0.14456, -0.197576, 0.96957, 1.159693, 0.0, 0.0, 0.0, 1.0],
                [0.893745, 0.393155, 0.215984, 0.162994, -0.423881, 0.897753, 0.119849, 0.268337, -0.146781, -0.198666, 0.969013, 1.133433, 0.0, 0.0, 0.0, 1.0],
                [0.892841, 0.394056, 0.218071, 0.164448, -0.425188, 0.89716, 0.11966, 0.268388, -0.148492, -0.199558, 0.968569, 1.109372, 0.0, 0.0, 0.0, 1.0],
                [0.892257, 0.394613, 0.21945, 0.165389, -0.42604, 0.896751, 0.119697, 0.268407, -0.149559, -0.200295, 0.968253, 1.087966, 0.0, 0.0, 0.0, 1.0],
                [0.892057, 0.394754, 0.220009, 0.165723, -0.426357, 0.89655, 0.120076, 0.26841, -0.149849, -0.200917, 0.968079, 1.069671, 0.0, 0.0, 0.0, 1.0],
                [0.89213, 0.394652, 0.219894, 0.165591, -0.426342, 0.89646, 0.1208, 0.268384, -0.149452, -0.20152, 0.968015, 1.0539, 0.0, 0.0, 0.0, 1.0],
                [0.892315, 0.394532, 0.219358, 0.165214, -0.42626, 0.896367, 0.121775, 0.268308, -0.148581, -0.202165, 0.968015, 1.039704, 0.0, 0.0, 0.0, 1.0],
                [0.892598, 0.394397, 0.218447, 0.164618, -0.426115, 0.896273, 0.122968, 0.268189, -0.14729, -0.202845, 0.96807, 1.027001, 0.0, 0.0, 0.0, 1.0],
                [0.892966, 0.39425, 0.217207, 0.163832, -0.425915, 0.896177, 0.12435, 0.268033, -0.145631, -0.203552, 0.968172, 1.015708, 0.0, 0.0, 0.0, 1.0],
                [0.893404, 0.394094, 0.215683, 0.162881, -0.425666, 0.896081, 0.125888, 0.267843, -0.143658, -0.204278, 0.968315, 1.005742, 0.0, 0.0, 0.0, 1.0],
                [0.893899, 0.393931, 0.213922, 0.161795, -0.425375, 0.895984, 0.127551, 0.267626, -0.141425, -0.205015, 0.968488, 0.99702, 0.0, 0.0, 0.0, 1.0],
                [0.894437, 0.393765, 0.211969, 0.160599, -0.425047, 0.895888, 0.129307, 0.267388, -0.138984, -0.205754, 0.968684, 0.98946, 0.0, 0.0, 0.0, 1.0],
                [0.895006, 0.393597, 0.20987, 0.159321, -0.42469, 0.895792, 0.131127, 0.267133, -0.136389, -0.206489, 0.968896, 0.982977, 0.0, 0.0, 0.0, 1.0],
                [0.895592, 0.39343, 0.207671, 0.157989, -0.424312, 0.895699, 0.132978, 0.266867, -0.133693, -0.207211, 0.969118, 0.977489, 0.0, 0.0, 0.0, 1.0],
                [0.896183, 0.393268, 0.205418, 0.156629, -0.42392, 0.895607, 0.134829, 0.266596, -0.13095, -0.207912, 0.969342, 0.972914, 0.0, 0.0, 0.0, 1.0],
                [0.896767, 0.393111, 0.203159, 0.15527, -0.423522, 0.89552, 0.13665, 0.266325, -0.128214, -0.208586, 0.969563, 0.969168, 0.0, 0.0, 0.0, 1.0],
                [0.897332, 0.392962, 0.200938, 0.153937, -0.423126, 0.895437, 0.13841, 0.266059, -0.125537, -0.209222, 0.969777, 0.966169, 0.0, 0.0, 0.0, 1.0],
                [0.897868, 0.392824, 0.198803, 0.15266, -0.422742, 0.895359, 0.140077, 0.265804, -0.122974, -0.209813, 0.969977, 0.963833, 0.0, 0.0, 0.0, 1.0],
                [0.898364, 0.392698, 0.1968, 0.151464, -0.422377, 0.895288, 0.141621, 0.265566, -0.120578, -0.210351, 0.970161, 0.962077, 0.0, 0.0, 0.0, 1.0],
                [0.898811, 0.392586, 0.194977, 0.150377, -0.422043, 0.895225, 0.143013, 0.265349, -0.118403, -0.21083, 0.970326, 0.960819, 0.0, 0.0, 0.0, 1.0],
                [0.899197, 0.39249, 0.19338, 0.149427, -0.421748, 0.89517, 0.144219, 0.265159, -0.116503, -0.211239, 0.970466, 0.959976, 0.0, 0.0, 0.0, 1.0],
                [0.899515, 0.392412, 0.192056, 0.14864, -0.421501, 0.895126, 0.145211, 0.265002, -0.114932, -0.211571, 0.970582, 0.959465, 0.0, 0.0, 0.0, 1.0],
                [0.899754, 0.392354, 0.191052, 0.148045, -0.421314, 0.895093, 0.145957, 0.264884, -0.113743, -0.211818, 0.970668, 0.959202, 0.0, 0.0, 0.0, 1.0],
                [0.899905, 0.392318, 0.190416, 0.147667, -0.421194, 0.895072, 0.146427, 0.264808, -0.11299, -0.211972, 0.970722, 0.959105, 0.0, 0.0, 0.0, 1.0],
                [0.899957, 0.392305, 0.190193, 0.147535, -0.421153, 0.895065, 0.146591, 0.264782, -0.112727, -0.212026, 0.970741, 0.959091, 0.0, 0.0, 0.0, 1.0]
            ]
        },
        {
            "name": "Thigh_R",
            "time": [0.0, 0.0083, 0.0167, 0.025, 0.0333, 0.0417, 0.05, 0.0583, 0.0667, 0.075, 0.0833, 0.0917, 0.1, 0.1083, 0.1167, 0.125, 0.1333, 0.1417, 0.15, 0.1583, 0.1667, 0.175, 0.1833, 0.1917, 0.2, 0.2083, 0.2167, 0.225, 0.2333, 0.2417, 0.25, 0.2583, 0.2667, 0.275, 0.2833, 0.2917, 0.3, 0.3083, 0.3167, 0.325, 0.3333, 0.3417, 0.35, 0.3583, 0.3667, 0.375, 0.3833, 0.3917, 0.4, 0.4083, 0.4167, 0.425, 0.4333, 0.4417, 0.45, 0.4583, 0.4667, 0.475, 0.4833, 0.4917, 0.5, 0.5083, 0.5167, 0.525, 0.5333, 0.5417, 0.55, 0.5583, 0.5667, 0.575, 0.5833, 0.5917, 0.6, 0.6083, 0.6167, 0.625, 0.6333, 0.6417, 0.65, 0.6583, 0.6667, 0.675, 0.6833, 0.6917, 0.7, 0.7083, 0.7167, 0.725, 0.7333, 0.7417, 0.75, 0.7583, 0.7667, 0.775, 0.7833, 0.7917, 0.8, 0.8083, 0.8167, 0.825, 0.8333, 0.8417, 0.85, 0.8583, 0.8667, 0.875, 0.8833, 0.8917, 0.9, 0.9083, 0.9167, 0.925, 0.9333, 0.9417, 0.95, 0.9583, 0.9667, 0.975, 0.9833, 0.9917, 1.0, 1.0083, 1.0167, 1.025, 1.0333, 1.0417, 1.05, 1.0583, 1.0667, 1.075, 1.0833, 1.0917, 1.1, 1.1083, 1.1167, 1.125, 1.1333, 1.1417, 1.15, 1.1583, 1.1667, 1.175, 1.1833, 1.1917, 1.2, 1.2083, 1.2167, 1.225, 1.2333, 1.2417, 1.25, 1.2583, 1.2667, 1.275, 1.2833, 1.2917, 1.3, 1.3083, 1.3167, 1.325, 1.3333],
            "transform": [
                [0.815388, 0.24558, 0.524244, 0.133511, 0.168071, -0.966981, 0.191569, 0.025782, 0.55398, -0.068093, -0.829741, 0.04799, 0.0, 0.0, 0.0, 1.0],
                [0.814649, 0.24922, 0.523675, 0.133511, 0.168592, -0.96573, 0.19733, 0.025783, 0.554909, -0.072468, -0.828749, 0.047991, 0.0, 0.0, 0.0, 1.0],
                [0.812558, 0.259148, 0.522102, 0.133511, 0.170031, -0.962153, 0.212949, 0.025783, 0.557528, -0.08426, -0.825871, 0.047991, 0.0, 0.0, 0.0, 1.0],
                [0.809295, 0.273518, 0.519835, 0.133511, 0.172217, -0.956566, 0.235198, 0.025782, 0.561589, -0.10082, -0.821251, 0.047991, 0.0, 0.0, 0.0, 1.0],
                [0.80503, 0.290648, 0.517155, 0.133511, 0.174987, -0.949308, 0.261133, 0.025782, 0.566838, -0.119724, -0.815083, 0.047991, 0.0, 0.0, 0.0, 1.0],
                [0.799942, 0.309307, 0.514218, 0.133511, 0.178166, -0.940701, 0.288679, 0.025782, 0.573016, -0.139311, -0.807617, 0.047991, 0.0, 0.0, 0.0, 1.0],
                [0.794231, 0.32863, 0.511076, 0.133511, 0.181564, -0.931045, 0.316522, 0.025782, 0.579854, -0.158598, -0.799134, 0.047991, 0.0, 0.0, 0.0, 1.0],
                [0.788124, 0.347981, 0.50771, 0.133511, 0.184968, -0.920622, 0.343862, 0.025782, 0.587067, -0.177095, -0.789931, 0.047991, 0.0, 0.0, 0.0, 1.0],
                [0.781892, 0.366815, 0.504074, 0.133511, 0.188145, -0.909714, 0.370162, 0.025782, 0.594345, -0.194588, -0.780314, 0.047991, 0.0, 0.0, 0.0, 1.0],
                [0.775854, 0.384623, 0.500114, 0.133511, 0.190842, -0.89862, 0.395041, 0.025782, 0.601356, -0.211051, -0.770602, 0.04799, 0.0, 0.0, 0.0, 1.0],
                [0.770378, 0.400883, 0.495793, 0.133511, 0.192807, -0.887674, 0.41816, 0.025782, 0.607737, -0.226549, -0.761138, 0.047991, 0.0, 0.0, 0.0, 1.0],
                [0.765861, 0.415053, 0.491108, 0.133511, 0.193803, -0.87725, 0.43917, 0.025783, 0.613104, -0.241164, -0.752291, 0.047991, 0.0, 0.0, 0.0, 1.0],
                [0.762714, 0.426577, 0.486106, 0.133511, 0.193634, -0.86777, 0.457689, 0.025782, 0.617068, -0.254959, -0.744461, 0.047991, 0.0, 0.0, 0.0, 1.0],
                [0.761307, 0.434915, 0.480894, 0.133511, 0.192157, -0.85969, 0.473292, 0.025782, 0.619263, -0.267914, -0.738062, 0.047991, 0.0, 0.0, 0.0, 1.0],
                [0.761926, 0.439565, 0.475659, 0.133511, 0.189296, -0.853491, 0.485509, 0.025782, 0.619384, -0.279881, -0.733506, 0.047991, 0.0, 0.0, 0.0, 1.0],
                [0.764712, 0.440087, 0.470677, 0.133511, 0.185035, -0.849655, 0.493809, 0.025783, 0.617233, -0.290529, -0.731175, 0.047991, 0.0, 0.0, 0.0, 1.0],
                [0.769646, 0.436086, 0.466338, 0.133511, 0.179393, -0.848678, 0.497555, 0.025783, 0.612749, -0.299283, -0.731415, 0.047991, 0.0, 0.0, 0.0, 1.0],
                [0.776543, 0.427138, 0.463178, 0.133511, 0.172398, -0.851116, 0.49586, 0.025782, 0.60602, -0.305205, -0.734567, 0.047991, 0.0, 0.0, 0.0, 1.0],
                [0.785086, 0.412574, 0.461977, 0.133511, 0.164047, -0.857728, 0.487226, 0.025782, 0.597268, -0.306727, -0.741074, 0.04799, 0.0, 0.0, 0.0, 1.0],
                [0.794896, 0.390899, 0.464046, 0.133511, 0.154284, -0.869892, 0.46849, 0.025783, 0.586802, -0.300805, -0.751785, 0.047991, 0.0, 0.0, 0.0, 1.0],
                [0.805586, 0.357588, 0.4724, 0.133511, 0.142982, -0.891096, 0.430699, 0.025782, 0.574968, -0.27942, -0.768984, 0.047991, 0.0, 0.0, 0.0, 1.0],
                [0.813991, 0.289493, 0.503599, 0.133511, 0.131073, -0.936139, 0.326281, 0.025782, 0.565896, -0.199582, -0.799955, 0.04799, 0.0, 0.0, 0.0, 1.0],
                [0.818217, 0.269836, 0.507651, 0.133511, 0.1195, -0.943547, 0.308926, 0.025782, 0.562353, -0.192104, -0.804273, 0.047991, 0.0, 0.0, 0.0, 1.0],
                [0.819289, 0.274857, 0.503209, 0.133511, 0.108256, -0.935981, 0.334989, 0.025783, 0.563068, -0.219977, -0.796595, 0.047991, 0.0, 0.0, 0.0, 1.0],
                [0.81782, 0.27851, 0.503589, 0.133511, 0.097524, -0.929502, 0.355686, 0.025782, 0.56715, -0.241775, -0.787328, 0.04799, 0.0, 0.0, 0.0, 1.0],
                [0.814223, 0.280894, 0.508074, 0.133511, 0.087691, -0.924619, 0.370657, 0.025782, 0.573891, -0.257243, -0.77748, 0.047991, 0.0, 0.0, 0.0, 1.0],
                [0.808835, 0.282059, 0.515973, 0.133511, 0.079364, -0.921784, 0.37949, 0.025782, 0.582655, -0.265994, -0.767958, 0.047991, 0.0, 0.0, 0.0, 1.0],
                [0.802011, 0.28199, 0.526554, 0.133511, 0.073386, -0.921382, 0.381661, 0.025782, 0.592783, -0.267455, -0.759655, 0.047991, 0.0, 0.0, 0.0, 1.0],
                [0.794191, 0.280589, 0.539009, 0.133511, 0.070851, -0.923717, 0.376463, 0.025783, 0.603524, -0.260793, -0.753489, 0.047991, 0.0, 0.0, 0.0, 1.0],
                [0.785937, 0.277646, 0.552462, 0.133511, 0.073075, -0.928956, 0.362902, 0.025783, 0.613972, -0.244847, -0.750391, 0.04799, 0.0, 0.0, 0.0, 1.0],
                [0.777938, 0.29555, 0.554492, 0.133511, 0.081511, -0.92248, 0.377336, 0.025782, 0.623031, -0.248347, -0.741724, 0.04799, 0.0, 0.0, 0.0, 1.0],
                [0.776124, 0.278196, 0.565896, 0.133511, 0.096146, -0.939134, 0.329819, 0.025782, 0.623207, -0.201572, -0.755633, 0.047991, 0.0, 0.0, 0.0, 1.0],
                [0.780446, 0.251546, 0.572388, 0.133511, 0.109079, -0.956233, 0.271506, 0.025782, 0.615634, -0.14946, -0.773729, 0.04799, 0.0, 0.0, 0.0, 1.0],
                [0.787022, 0.240645, 0.568055, 0.133511, 0.11908, -0.962724, 0.242858, 0.025782, 0.605323, -0.12349, -0.786342, 0.04799, 0.0, 0.0, 0.0, 1.0],
                [0.794617, 0.230773, 0.56154, 0.133511, 0.126021, -0.967488, 0.219276, 0.025782, 0.593887, -0.103474, -0.797867, 0.047991, 0.0, 0.0, 0.0, 1.0],
                [0.802757, 0.223502, 0.552836, 0.133511, 0.130215, -0.970428, 0.203248, 0.025783, 0.581915, -0.091171, -0.808123, 0.04799, 0.0, 0.0, 0.0, 1.0],
                [0.811211, 0.219863, 0.541845, 0.133511, 0.132526, -0.971635, 0.195852, 0.025782, 0.569537, -0.087068, -0.817341, 0.047991, 0.0, 0.0, 0.0, 1.0],
                [0.819871, 0.220401, 0.528427, 0.133511, 0.134125, -0.971189, 0.196973, 0.025782, 0.556616, -0.090617, -0.825813, 0.047991, 0.0, 0.0, 0.0, 1.0],
                [0.828703, 0.225354, 0.512315, 0.133511, 0.136367, -0.969068, 0.205687, 0.025782, 0.542821, -0.100591, -0.833802, 0.047991, 0.0, 0.0, 0.0, 1.0],
                [0.836818, 0.232344, 0.495734, 0.133511, 0.138036, -0.965766, 0.219633, 0.025782, 0.529794, -0.115364, -0.840244, 0.047991, 0.0, 0.0, 0.0, 1.0],
                [0.843574, 0.238586, 0.481102, 0.133511, 0.137859, -0.962074, 0.235385, 0.025782, 0.519015, -0.132241, -0.844474, 0.047991, 0.0, 0.0, 0.0, 1.0],
                [0.849236, 0.243689, 0.468416, 0.133511, 0.136951, -0.958426, 0.250322, 0.025783, 0.509944, -0.148432, -0.847305, 0.047991, 0.0, 0.0, 0.0, 1.0],
                [0.853994, 0.247403, 0.457696, 0.133511, 0.136284, -0.95536, 0.262128, 0.025783, 0.502116, -0.161479, -0.84959, 0.047991, 0.0, 0.0, 0.0, 1.0],
                [0.858063, 0.249651, 0.448778, 0.133511, 0.136865, -0.953446, 0.268711, 0.025782, 0.49497, -0.169149, -0.852287, 0.047991, 0.0, 0.0, 0.0, 1.0],
                [0.861743, 0.250554, 0.441159, 0.133511, 0.139866, -0.953171, 0.268141, 0.025782, 0.487684, -0.169365, -0.856434, 0.047991, 0.0, 0.0, 0.0, 1.0],
                [0.865483, 0.291601, 0.407316, 0.133511, 0.146615, -0.924956, 0.350652, 0.025782, 0.479001, -0.243764, -0.843289, 0.04799, 0.0, 0.0, 0.0, 1.0],
                [0.870346, 0.319891, 0.374389, 0.133511, 0.155948, -0.900187, 0.406621, 0.025782, 0.467095, -0.295515, -0.833362, 0.04799, 0.0, 0.0, 0.0, 1.0],
                [0.87652, 0.330766, 0.34972, 0.133511, 0.165246, -0.889129, 0.426781, 0.025782, 0.452112, -0.316292, -0.833999, 0.047991, 0.0, 0.0, 0.0, 1.0],
                [0.883261, 0.333192, 0.329897, 0.133511, 0.173739, -0.886071, 0.429757, 0.025782, 0.435505, -0.322271, -0.840522, 0.047991, 0.0, 0.0, 0.0, 1.0],
                [0.889923, 0.330154, 0.314697, 0.133511, 0.180853, -0.888822, 0.421052, 0.025783, 0.418722, -0.317789, -0.850694, 0.04799, 0.0, 0.0, 0.0, 1.0],
                [0.896064, 0.32333, 0.30418, 0.133511, 0.186288, -0.895831, 0.403461, 0.025782, 0.402945, -0.304862, -0.862957, 0.04799, 0.0, 0.0, 0.0, 1.0],
                [0.901451, 0.313777, 0.298211, 0.133511, 0.190002, -0.905793, 0.378729, 0.025782, 0.388954, -0.284745, -0.876148, 0.047991, 0.0, 0.0, 0.0, 1.0],
                [0.906005, 0.302162, 0.296396, 0.133511, 0.192132, -0.917552, 0.34811, 0.025782, 0.377145, -0.258442, -0.889364, 0.047991, 0.0, 0.0, 0.0, 1.0],
                [0.909747, 0.288901, 0.298153, 0.133511, 0.19291, -0.930086, 0.312607, 0.025783, 0.367621, -0.226876, -0.901877, 0.04799, 0.0, 0.0, 0.0, 1.0],
                [0.912738, 0.274251, 0.302812, 0.133511, 0.192596, -0.942509, 0.273094, 0.025782, 0.3603, -0.190943, -0.913085, 0.04799, 0.0, 0.0, 0.0, 1.0],
                [0.915055, 0.258393, 0.309689, 0.133511, 0.191438, -0.954078, 0.230399, 0.025782, 0.355001, -0.151541, -0.922502, 0.047991, 0.0, 0.0, 0.0, 1.0],
                [0.916771, 0.241487, 0.318142, 0.133511, 0.189662, -0.964195, 0.185343, 0.025782, 0.351509, -0.109578, -0.92975, 0.04799, 0.0, 0.0, 0.0, 1.0],
                [0.917953, 0.223706, 0.327592, 0.133511, 0.187458, -0.97242, 0.138768, 0.025782, 0.349601, -0.065973, -0.934574, 0.047991, 0.0, 0.0, 0.0, 1.0],
                [0.918661, 0.20528, 0.337523, 0.13351, 0.184994, -0.978461, 0.091586, 0.025782, 0.349054, -0.021697, -0.936852, 0.047991, 0.0, 0.0, 0.0, 1.0],
                [0.918948, 0.186502, 0.347491, 0.133511, 0.18242, -0.9822, 0.044745, 0.025782, 0.349652, 0.022271, -0.936615, 0.047991, 0.0, 0.0, 0.0, 1.0],
                [0.918874, 0.167886, 0.35705, 0.133511, 0.179879, -0.983687, -0.000388, 0.025782, 0.351161, 0.064582, -0.934086, 0.047991, 0.0, 0.0, 0.0, 1.0],
                [0.918541, 0.150045, 0.365742, 0.133511, 0.177701, -0.983145, -0.042952, 0.025783, 0.353133, 0.104445, -0.929725, 0.04799, 0.0, 0.0, 0.0, 1.0],
                [0.918042, 0.130795, 0.374287, 0.133511, 0.17611, -0.980302, -0.08939, 0.025782, 0.355224, 0.147979, -0.922995, 0.047991, 0.0, 0.0, 0.0, 1.0],
                [0.917422, 0.120056, 0.379372, 0.133511, 0.175097, -0.977933, -0.113954, 0.025783, 0.35732, 0.170971, -0.9182, 0.047991, 0.0, 0.0, 0.0, 1.0],
                [0.916732, 0.120042, 0.381041, 0.133511, 0.174652, -0.978238, -0.112006, 0.025783, 0.359303, 0.169228, -0.917749, 0.047991, 0.0, 0.0, 0.0, 1.0],
                [0.916023, 0.12142, 0.382305, 0.133511, 0.17476, -0.978678, -0.107905, 0.025782, 0.361052, 0.165655, -0.917714, 0.047991, 0.0, 0.0, 0.0, 1.0],
                [0.915348, 0.138547, 0.378077, 0.133511, 0.175396, -0.982371, -0.064652, 0.025782, 0.362455, 0.125492, -0.923515, 0.047991, 0.0, 0.0, 0.0, 1.0],
                [0.91475, 0.153917, 0.373552, 0.133511, 0.176521, -0.983928, -0.026847, 0.025782, 0.363418, 0.090498, -0.927221, 0.047991, 0.0, 0.0, 0.0, 1.0],
                [0.914269, 0.167717, 0.368758, 0.133511, 0.178072, -0.983997, 0.00604, 0.025782, 0.36387, 0.060143, -0.929506, 0.047991, 0.0, 0.0, 0.0, 1.0],
                [0.913934, 0.180687, 0.363423, 0.133511, 0.179964, -0.983006, 0.036162, 0.025782, 0.363781, 0.032353, -0.930922, 0.047991, 0.0, 0.0, 0.0, 1.0],
                [0.913764, 0.192792, 0.357585, 0.133511, 0.182077, -0.981214, 0.063749, 0.025782, 0.363158, 0.006856, -0.931702, 0.047991, 0.0, 0.0, 0.0, 1.0],
                [0.91376, 0.203837, 0.351415, 0.133511, 0.184258, -0.978868, 0.088678, 0.025782, 0.362065, -0.01628, -0.932011, 0.047991, 0.0, 0.0, 0.0, 1.0],
                [0.913912, 0.213524, 0.345214, 0.133511, 0.186314, -0.976244, 0.110594, 0.025782, 0.360627, -0.036755, -0.931986, 0.047991, 0.0, 0.0, 0.0, 1.0],
