{
    "animation": [
        {
            "name": "Root",
            "time": [0.0, 0.0167, 0.0333, 0.05, 0.0667, 0.0833, 0.1, 0.1167, 0.1333, 0.15, 0.1667, 0.1833, 0.2, 0.2167, 0.2333, 0.25, 0.2667, 0.2833, 0.3, 0.3167, 0.3333, 0.35, 0.3667, 0.3833, 0.4, 0.4167, 0.4333, 0.45, 0.4667, 0.4833, 0.5, 0.5167, 0.5333, 0.55, 0.5667, 0.5833, 0.6, 0.6167, 0.6333, 0.65, 0.6667, 0.6833, 0.7, 0.7167, 0.7333, 0.75, 0.7667, 0.7833, 0.8, 0.8167, 0.8333, 0.85, 0.8667, 0.8833, 0.9, 0.9167, 0.9333, 0.95, 0.9667, 0.9833, 1.0, 1.0167, 1.0333, 1.05, 1.0667, 1.0833, 1.1, 1.1167, 1.1333, 1.15, 1.1667, 1.1833, 1.2, 1.2167, 1.2333, 1.25, 1.2667, 1.2833, 1.3, 1.3167, 1.3333, 1.35, 1.3667, 1.3833, 1.4, 1.4167, 1.4333, 1.45, 1.4667, 1.4833, 1.5, 1.5167, 1.5333, 1.55, 1.5667, 1.5833, 1.6, 1.6167, 1.6333, 1.65, 1.6667, 1.6833, 1.7, 1.7167, 1.7333, 1.75, 1.7667, 1.7833, 1.8, 1.8167, 1.8333, 1.85, 1.8667, 1.8833, 1.9, 1.9167, 1.9333, 1.95, 1.9667, 1.9833, 2.0, 2.0167, 2.0333, 2.05, 2.0667, 2.0833, 2.1, 2.1167, 2.1333, 2.15, 2.1667, 2.1833, 2.2, 2.2167, 2.2333, 2.25, 2.2667, 2.2833, 2.3, 2.3167, 2.3333, 2.35, 2.3667, 2.3833, 2.4, 2.4167, 2.4333, 2.45, 2.4667, 2.4833, 2.5, 2.5167, 2.5333, 2.55, 2.5667, 2.5833, 2.6, 2.6167, 2.6333, 2.65, 2.6667, 2.6833, 2.7, 2.7167, 2.7333, 2.75, 2.7667, 2.7833, 2.8, 2.8167, 2.8333, 2.85, 2.8667, 2.8833, 2.9, 2.9167, 2.9333, 2.95, 2.9667, 2.9833, 3.0, 3.0167, 3.0333, 3.05, 3.0667, 3.0833, 3.1, 3.1167, 3.1333, 3.15, 3.1667, 3.1833, 3.2, 3.2167, 3.2333, 3.25, 3.2667, 3.2833, 3.3, 3.3167, 3.3333, 3.35, 3.3667, 3.3833, 3.4, 3.4167, 3.4333, 3.45, 3.4667, 3.4833, 3.5, 3.5167, 3.5333, 3.55, 3.5667, 3.5833, 3.6, 3.6167, 3.6333, 3.65, 3.6667, 3.6833, 3.7, 3.7167, 3.7333, 3.75, 3.7667, 3.7833, 3.8, 3.8167, 3.8333, 3.85, 3.8667, 3.8833, 3.9, 3.9167, 3.9333, 3.95, 3.9667, 3.9833, 4.0, 4.0167, 4.0333, 4.05, 4.0667, 4.0833, 4.1, 4.1167, 4.1333, 4.15, 4.1667, 4.1833, 4.2, 4.2167, 4.2333, 4.25, 4.2667, 4.2833, 4.3, 4.3167, 4.3333, 4.35, 4.3667, 4.3833, 4.4, 4.4167, 4.4333, 4.45, 4.4667, 4.4833, 4.5, 4.5167, 4.5333, 4.55, 4.5667, 4.5833, 4.6, 4.6167, 4.6333, 4.65, 4.6667, 4.6833, 4.7, 4.7167, 4.7333, 4.75, 4.7667, 4.7833, 4.8, 4.8167, 4.8333, 4.85, 4.8667, 4.8833, 4.9, 4.9167, 4.9333, 4.95, 4.9667, 4.9833, 5.0, 5.0167, 5.0333, 5.05, 5.0667, 5.0833, 5.1, 5.1167, 5.1333, 5.15, 5.1667, 5.1833, 5.2, 5.2167, 5.2333, 5.25, 5.2667, 5.2833, 5.3, 5.3167, 5.3333],
            "transform": [
                [-0.426803, -0.056426, 0.902583, -0.059739, 0.901327, 0.054931, 0.429643, 0.087375, -0.073823, 0.996895, 0.027414, 1.303067, 0.0, 0.0, 0.0, 1.0],
                [-0.43889, -0.05616, 0.896784, -0.052149, 0.895578, 0.053635, 0.441659, 0.085244, -0.072903, 0.99698, 0.026756, 1.30301, 0.0, 0.0, 0.0, 1.0],
                [-0.473033, -0.055413, 0.8793, -0.030797, 0.878231, 0.050048, 0.475611, 0.07946, -0.070362, 0.997208, 0.024991, 1.302854, 0.0, 0.0, 0.0, 1.0],
                [-0.525479, -0.054168, 0.849081, 0.002187, 0.848205, 0.044636, 0.527785, 0.070936, -0.066489, 0.997534, 0.02249, 1.302626, 0.0, 0.0, 0.0, 1.0],
                [-0.591879, -0.052349, 0.804326, 0.044676, 0.803674, 0.037873, 0.593864, 0.060585, -0.06155, 0.99791, 0.019655, 1.302348, 0.0, 0.0, 0.0, 1.0],
                [-0.667401, -0.049882, 0.743026, 0.094542, 0.742603, 0.030218, 0.66905, 0.049321, -0.055826, 0.998298, 0.016875, 1.302046, 0.0, 0.0, 0.0, 1.0],
                [-0.746823, -0.046737, 0.663378, 0.149656, 0.663168, 0.022111, 0.748144, 0.038058, -0.049633, 0.998663, 0.014481, 1.301744, 0.0, 0.0, 0.0, 1.0],
                [-0.824616, -0.042954, 0.56406, 0.207891, 0.564031, 0.013948, 0.825635, 0.027707, -0.043332, 0.99898, 0.012726, 1.301466, 0.0, 0.0, 0.0, 1.0],
                [-0.895001, -0.038653, 0.444387, 0.267118, 0.444501, 0.006069, 0.895759, 0.019183, -0.037321, 0.999234, 0.011749, 1.301237, 0.0, 0.0, 0.0, 1.0],
                [-0.951946, -0.03403, 0.304372, 0.325209, 0.304589, -0.001266, 0.952484, 0.013399, -0.032028, 0.99942, 0.01157, 1.301082, 0.0, 0.0, 0.0, 1.0],
                [-0.989026, -0.029344, 0.144798, 0.380036, 0.145085, -0.007892, 0.989388, 0.011268, -0.02789, 0.999538, 0.012063, 1.301025, 0.0, 0.0, 0.0, 1.0],
                [-0.999197, -0.024846, -0.031429, 0.430345, -0.031094, -0.013755, 0.999422, 0.016539, -0.025264, 0.999597, 0.012971, 1.301025, 0.0, 0.0, 0.0, 1.0],
                [-0.976355, -0.020464, -0.215201, 0.478378, -0.214833, -0.018785, 0.97647, 0.030921, -0.024025, 0.999614, 0.013944, 1.301025, 0.0, 0.0, 0.0, 1.0],
                [-0.919344, -0.016167, -0.39312, 0.527251, -0.39273, -0.02283, 0.91937, 0.052263, -0.023838, 0.999609, 0.014639, 1.301025, 0.0, 0.0, 0.0, 1.0],
                [-0.834398, -0.012103, -0.551029, 0.580081, -0.550627, -0.025744, 0.834354, 0.078418, -0.024284, 0.999595, 0.014817, 1.301025, 0.0, 0.0, 0.0, 1.0],
                [-0.734879, -0.008538, -0.678145, 0.639984, -0.677742, -0.027464, 0.734787, 0.107237, -0.024898, 0.999586, 0.014396, 1.301025, 0.0, 0.0, 0.0, 1.0],
                [-0.636498, -0.00571, -0.771257, 0.709446, -0.770862, -0.028127, 0.636381, 0.13662, -0.025326, 0.999588, 0.013501, 1.301025, 0.0, 0.0, 0.0, 1.0],
                [-0.546963, -0.003555, -0.83715, 0.788428, -0.836765, -0.028273, 0.546831, 0.164662, -0.025613, 0.999594, 0.01249, 1.301025, 0.0, 0.0, 0.0, 1.0],
                [-0.468326, -0.00181, -0.883554, 0.876261, -0.883174, -0.028428, 0.468183, 0.189507, -0.025965, 0.999594, 0.011715, 1.301024, 0.0, 0.0, 0.0, 1.0],
                [-0.399985, -0.00013, -0.916522, 0.972277, -0.916135, -0.029003, 0.39982, 0.209299, -0.026634, 0.999579, 0.011481, 1.301024, 0.0, 0.0, 0.0, 1.0],
                [-0.339889, 0.001866, -0.940464, 1.075806, -0.940052, -0.03033, 0.339679, 0.222181, -0.02789, 0.999538, 0.012063, 1.301024, 0.0, 0.0, 0.0, 1.0],
                [-0.285739, 0.00466, -0.958296, 1.185707, -0.957832, -0.032883, 0.285441, 0.230138, -0.030181, 0.999448, 0.01386, 1.314528, 0.0, 0.0, 0.0, 1.0],
                [-0.236824, 0.008145, -0.971519, 1.298941, -0.970963, -0.036829, 0.23638, 0.236509, -0.033855, 0.999288, 0.016631, 1.352747, 0.0, 0.0, 0.0, 1.0],
                [-0.19276, 0.011813, -0.981175, 1.412, -0.980471, -0.042044, 0.192116, 0.241472, -0.038983, 0.999046, 0.019687, 1.412247, 0.0, 0.0, 0.0, 1.0],
                [-0.15308, 0.015134, -0.988098, 1.521373, -0.987162, -0.048461, 0.152193, 0.245201, -0.045581, 0.99871, 0.022358, 1.489591, 0.0, 0.0, 0.0, 1.0],
                [-0.117269, 0.017562, -0.992945, 1.623549, -0.991652, -0.056054, 0.116125, 0.247872, -0.053619, 0.998273, 0.023989, 1.581345, 0.0, 0.0, 0.0, 1.0],
                [-0.084781, 0.018535, -0.996227, 1.71502, -0.994404, -0.064828, 0.083419, 0.249664, -0.063038, 0.997724, 0.023927, 1.684072, 0.0, 0.0, 0.0, 1.0],
                [-0.055048, 0.017476, -0.998331, 1.792273, -0.995757, -0.07481, 0.053596, 0.25075, -0.073748, 0.997045, 0.02152, 1.794336, 0.0, 0.0, 0.0, 1.0],
                [-0.027486, 0.013804, -0.999527, 1.8518, -0.995947, -0.086039, 0.0262, 0.251308, -0.085636, 0.996196, 0.016113, 1.908702, 0.0, 0.0, 0.0, 1.0],
                [-0.001501, 0.00693, -0.999975, 1.890091, -0.99513, -0.098564, 0.00081, 0.251513, -0.098556, 0.995107, 0.007044, 2.023734, 0.0, 0.0, 0.0, 1.0],
                [0.023518, -0.003724, -0.999717, 1.903634, -0.993394, -0.11244, -0.02295, 0.251543, -0.112323, 0.993652, -0.006344, 2.135996, 0.0, 0.0, 0.0, 1.0],
                [0.048336, -0.022358, -0.998581, 1.902009, -0.99096, -0.126334, -0.045138, 0.249859, -0.125146, 0.991736, -0.028263, 2.242819, 0.0, 0.0, 0.0, 1.0],
                [0.073389, -0.051918, -0.995951, 1.896914, -0.988124, -0.138967, -0.065568, 0.244911, -0.135001, 0.988935, -0.0615, 2.344594, 0.0, 0.0, 0.0, 1.0],
                [0.098704, -0.091041, -0.990943, 1.88802, -0.985024, -0.150406, -0.084296, 0.236853, -0.141369, 0.984423, -0.104524, 2.442478, 0.0, 0.0, 0.0, 1.0],
                [0.124176, -0.138285, -0.982577, 1.874997, -0.981785, -0.160635, -0.101468, 0.225838, -0.143805, 0.977279, -0.155713, 2.537629, 0.0, 0.0, 0.0, 1.0],
                [0.149574, -0.192113, -0.969907, 1.857515, -0.97851, -0.169578, -0.117311, 0.21202, -0.141938, 0.96661, -0.213349, 2.631204, 0.0, 0.0, 0.0, 1.0],
                [0.174568, -0.250912, -0.95214, 1.835245, -0.975279, -0.177123, -0.132134, 0.195553, -0.135492, 0.951667, -0.275629, 2.72436, 0.0, 0.0, 0.0, 1.0],
                [0.198754, -0.313022, -0.928716, 1.807857, -0.972137, -0.183142, -0.146319, 0.176592, -0.124286, 0.931921, -0.3407, 2.818255, 0.0, 0.0, 0.0, 1.0],
                [0.22169, -0.376793, -0.899378, 1.775022, -0.969091, -0.18751, -0.160317, 0.15529, -0.108236, 0.90712, -0.406716, 2.914047, 0.0, 0.0, 0.0, 1.0],
                [0.24293, -0.440656, -0.86418, 1.73641, -0.966103, -0.190127, -0.174634, 0.131801, -0.087351, 0.877311, -0.471907, 3.012892, 0.0, 0.0, 0.0, 1.0],
                [0.262061, -0.503184, -0.823486, 1.691692, -0.963077, -0.190919, -0.189824, 0.106278, -0.061703, 0.842826, -0.534638, 3.115947, 0.0, 0.0, 0.0, 1.0],
                [0.278692, -0.563166, -0.77793, 1.640742, -0.959859, -0.190019, -0.206308, 0.078917, -0.031636, 0.8042, -0.593517, 3.22388, 0.0, 0.0, 0.0, 1.0],
                [0.292382, -0.619617, -0.728414, 1.584248, -0.9563, -0.188227, -0.223741, 0.050068, 0.001527, 0.762001, -0.647574, 3.335394, 0.0, 0.0, 0.0, 1.0],
                [0.302882, -0.671673, -0.676105, 1.523105, -0.952342, -0.1864, -0.241453, 0.020126, 0.036152, 0.717015, -0.69612, 3.448701, 0.0, 0.0, 0.0, 1.0],
                [0.310237, -0.718607, -0.62238, 1.458204, -0.948036, -0.185264, -0.258659, -0.010518, 0.070569, 0.670285, -0.738741, 3.562014, 0.0, 0.0, 0.0, 1.0],
                [0.314776, -0.759884, -0.568763, 1.390439, -0.943547, -0.185407, -0.274488, -0.04147, 0.103127, 0.623057, -0.775348, 3.673546, 0.0, 0.0, 0.0, 1.0],
                [0.317092, -0.795187, -0.516847, 1.320702, -0.939131, -0.187286, -0.288022, -0.072339, 0.132233, 0.576717, -0.806171, 3.781508, 0.0, 0.0, 0.0, 1.0],
                [0.317985, -0.824408, -0.468227, 1.249887, -0.935108, -0.19125, -0.298322, -0.102731, 0.15639, 0.532705, -0.831726, 3.884114, 0.0, 0.0, 0.0, 1.0],
                [0.318394, -0.847623, -0.424455, 1.178887, -0.931817, -0.197568, -0.304441, -0.132255, 0.174193, 0.492446, -0.852733, 3.979576, 0.0, 0.0, 0.0, 1.0],
                [0.319115, -0.865301, -0.386548, 1.1084, -0.929493, -0.206162, -0.305843, -0.160612, 0.184955, 0.456892, -0.870081, 4.06636, 0.0, 0.0, 0.0, 1.0],
                [0.320021, -0.878978, -0.353532, 1.03835, -0.92804, -0.215762, -0.303627, -0.187887, 0.190603, 0.425259, -0.884774, 4.143942, 0.0, 0.0, 0.0, 1.0],
                [0.320486, -0.89019, -0.323806, 0.968466, -0.927248, -0.224937, -0.299357, -0.214258, 0.193649, 0.396188, -0.897516, 4.212055, 0.0, 0.0, 0.0, 1.0],
                [0.31966, -0.900229, -0.295645, 0.898477, -0.926923, -0.232372, -0.294649, -0.239903, 0.196552, 0.368227, -0.908722, 4.270428, 0.0, 0.0, 0.0, 1.0],
                [0.316513, -0.910165, -0.267242, 0.828114, -0.926891, -0.236835, -0.291175, -0.265002, 0.201725, 0.339865, -0.918585, 4.318791, 0.0, 0.0, 0.0, 1.0],
                [0.309837, -0.920843, -0.236747, 0.757106, -0.926964, -0.237165, -0.290672, -0.289733, 0.211515, 0.309517, -0.927071, 4.356877, 0.0, 0.0, 0.0, 1.0],
                [0.298198, -0.932812, -0.202334, 0.685182, -0.92684, -0.232311, -0.294956, -0.314274, 0.228135, 0.275487, -0.933843, 4.384414, 0.0, 0.0, 0.0, 1.0],
                [0.279868, -0.946218, -0.162312, 0.612071, -0.925955, -0.221396, -0.305927, -0.338805, 0.253538, 0.235913, -0.938117, 4.401134, 0.0, 0.0, 0.0, 1.0],
                [0.252755, -0.960635, -0.115303, 0.537504, -0.923295, -0.203858, -0.325526, -0.363505, 0.289206, 0.188738, -0.938476, 4.406767, 0.0, 0.0, 0.0, 1.0],
                [0.212436, -0.974987, -0.065358, 0.461096, -0.916443, -0.175575, -0.359592, -0.388531, 0.339122, 0.136287, -0.930818, 4.400294, 0.0, 0.0, 0.0, 1.0],
                [0.157215, -0.987372, -0.019514, 0.382017, -0.901657, -0.13545, -0.410691, -0.413967, 0.402862, 0.082161, -0.911566, 4.382195, 0.0, 0.0, 0.0, 1.0],
                [0.089559, -0.995808, 0.018594, 0.299322, -0.875525, -0.087614, -0.475164, -0.439874, 0.474801, 0.026275, -0.879701, 4.354451, 0.0, 0.0, 0.0, 1.0],
                [0.013015, -0.998875, 0.045595, 0.212066, -0.835351, -0.035924, -0.548543, -0.466313, 0.549564, -0.030948, -0.834879, 4.319044, 0.0, 0.0, 0.0, 1.0],
                [-0.067965, -0.995948, 0.058895, 0.119305, -0.779753, 0.0162, -0.625878, -0.493348, 0.622388, -0.088462, -0.777694, 4.277955, 0.0, 0.0, 0.0, 1.0],
                [-0.148446, -0.987274, 0.057037, 0.020095, -0.708876, 0.066017, -0.702237, -0.521039, 0.689535, -0.144677, -0.709655, 4.233164, 0.0, 0.0, 0.0, 1.0],
                [-0.223522, -0.973887, 0.039787, -0.08651, -0.624226, 0.11168, -0.77322, -0.54945, 0.748586, -0.197667, -0.632888, 4.186654, 0.0, 0.0, 0.0, 1.0],
                [-0.288737, -0.957375, 0.00796, -0.201452, -0.528209, 0.152358, -0.835334, -0.578641, 0.798515, -0.245396, -0.549685, 4.140404, 0.0, 0.0, 0.0, 1.0],
                [-0.340259, -0.939606, -0.036934, -0.325676, -0.423564, 0.188216, -0.886097, -0.608676, 0.839534, -0.285859, -0.462026, 4.096396, 0.0, 0.0, 0.0, 1.0],
                [-0.374736, -0.922445, -0.093107, -0.460128, -0.31284, 0.220342, -0.923894, -0.639616, 0.872757, -0.317089, -0.371148, 4.056612, 0.0, 0.0, 0.0, 1.0],
                [-0.394104, -0.905482, -0.157429, -0.605237, -0.19642, 0.250317, -0.94803, -0.671396, 0.897831, -0.3427, -0.276505, 4.022516, 0.0, 0.0, 0.0, 1.0],
                [-0.402424, -0.886972, -0.226572, -0.759381, -0.074875, 0.278558, -0.957496, -0.703448, 0.912386, -0.368355, -0.17851, 3.993505, 0.0, 0.0, 0.0, 1.0],
                [-0.399995, -0.866622, -0.298279, -0.920424, 0.048834, 0.304833, -0.951153, -0.735078, 0.915215, -0.395023, -0.079611, 3.968459, 0.0, 0.0, 0.0, 1.0],
                [-0.387727, -0.844173, -0.370189, -1.086228, 0.17122, 0.328658, -0.928799, -0.765589, 0.905732, -0.423504, 0.017109, 3.946258, 0.0, 0.0, 0.0, 1.0],
                [-0.36726, -0.819436, -0.44005, -1.254658, 0.288583, 0.349376, -0.891435, -0.794287, 0.884217, -0.454379, 0.108164, 3.925783, 0.0, 0.0, 0.0, 1.0],
                [-0.340981, -0.792293, -0.505969, -1.423577, 0.397439, 0.366261, -0.841365, -0.820477, 0.851924, -0.487981, 0.19, 3.905913, 0.0, 0.0, 0.0, 1.0],
                [-0.311913, -0.762657, -0.566625, -1.590849, 0.494938, 0.378643, -0.782091, -0.843464, 0.811016, -0.524388, 0.259364, 3.885531, 0.0, 0.0, 0.0, 1.0],
                [-0.28352, -0.730412, -0.621382, -1.754337, 0.579174, 0.386021, -0.718015, -0.862553, 0.764313, -0.56346, 0.313591, 3.863514, 0.0, 0.0, 0.0, 1.0],
                [-0.259471, -0.695314, -0.670234, -1.911904, 0.649289, 0.38815, -0.654036, -0.877048, 0.714912, -0.604879, 0.350746, 3.838745, 0.0, 0.0, 0.0, 1.0],
                [-0.243443, -0.656905, -0.713592, -2.061416, 0.705337, 0.385108, -0.595141, -0.886254, 0.66576, -0.648205, 0.369587, 3.810103, 0.0, 0.0, 0.0, 1.0],
                [-0.238983, -0.614429, -0.751907, -2.200734, 0.747946, 0.377339, -0.54607, -0.889478, 0.619245, -0.692888, 0.369382, 3.776468, 0.0, 0.0, 0.0, 1.0],
                [-0.242804, -0.567358, -0.786862, -2.328172, 0.782146, 0.365326, -0.504762, -0.888524, 0.573842, -0.737999, 0.355054, 3.736975, 0.0, 0.0, 0.0, 1.0],
                [-0.24893, -0.515795, -0.81975, -2.443838, 0.812611, 0.349291, -0.466539, -0.885787, 0.52697, -0.782273, 0.332192, 3.691776, 0.0, 0.0, 0.0, 1.0],
                [-0.256728, -0.459766, -0.850121, -2.548292, 0.839546, 0.329674, -0.43183, -0.881448, 0.478804, -0.824579, 0.301359, 3.641275, 0.0, 0.0, 0.0, 1.0],
                [-0.265563, -0.399429, -0.877458, -2.642091, 0.863115, 0.307006, -0.400974, -0.875694, 0.429546, -0.863831, 0.263224, 3.58588, 0.0, 0.0, 0.0, 1.0],
                [-0.274814, -0.335091, -0.901216, -2.725793, 0.883457, 0.281898, -0.374215, -0.868707, 0.379448, -0.899026, 0.218569, 3.525993, 0.0, 0.0, 0.0, 1.0],
                [-0.283896, -0.267213, -0.920869, -2.799956, 0.90071, 0.255028, -0.351684, -0.860671, 0.328822, -0.929278, 0.16828, 3.462023, 0.0, 0.0, 0.0, 1.0],
                [-0.292277, -0.19641, -0.935948, -2.865139, 0.915021, 0.227113, -0.333401, -0.851771, 0.278049, -0.953857, 0.11334, 3.394373, 0.0, 0.0, 0.0, 1.0],
                [-0.299493, -0.123426, -0.946082, -2.921899, 0.926562, 0.198887, -0.319261, -0.842189, 0.227568, -0.972219, 0.054796, 3.32345, 0.0, 0.0, 0.0, 1.0],
                [-0.305175, -0.049106, -0.951029, -2.970796, 0.935538, 0.171071, -0.309037, -0.832111, 0.177869, -0.984034, -0.006266, 3.249659, 0.0, 0.0, 0.0, 1.0],
                [-0.309051, 0.025643, -0.9507, -3.012386, 0.942192, 0.14434, -0.302392, -0.821721, 0.12947, -0.989196, -0.068769, 3.173406, 0.0, 0.0, 0.0, 1.0],
                [-0.310953, 0.099899, -0.94516, -3.047229, 0.946803, 0.119301, -0.298884, -0.811201, 0.0829, -0.98782, -0.131682, 3.095097, 0.0, 0.0, 0.0, 1.0],
                [-0.31082, 0.17277, -0.934634, -3.075882, 0.949681, 0.096465, -0.297993, -0.800736, 0.038675, -0.980227, -0.19406, 3.015135, 0.0, 0.0, 0.0, 1.0],
                [-0.308688, 0.243433, -0.919485, -3.098904, 0.951159, 0.076238, -0.299137, -0.79051, -0.00272, -0.966917, -0.255077, 2.933928, 0.0, 0.0, 0.0, 1.0],
                [-0.304675, 0.311168, -0.900193, -3.116853, 0.95158, 0.058914, -0.301703, -0.780707, -0.040846, -0.948527, -0.314051, 2.851881, 0.0, 0.0, 0.0, 1.0],
                [-0.298973, 0.375381, -0.877328, -3.130287, 0.951284, 0.044675, -0.305061, -0.77151, -0.075319, -0.925793, -0.37045, 2.7694, 0.0, 0.0, 0.0, 1.0],
                [-0.29182, 0.435614, -0.851517, -3.139764, 0.950602, 0.0336, -0.308588, -0.763105, -0.105814, -0.899506, -0.423901, 2.686889, 0.0, 0.0, 0.0, 1.0],
                [-0.283488, 0.491549, -0.823416, -3.145842, 0.949839, 0.025681, -0.311683, -0.755674, -0.132061, -0.870471, -0.474173, 2.604755, 0.0, 0.0, 0.0, 1.0],
                [-0.274266, 0.542997, -0.793683, -3.149079, 0.94927, 0.020841, -0.313772, -0.749401, -0.153837, -0.839476, -0.521167, 2.523403, 0.0, 0.0, 0.0, 1.0],
                [-0.264439, 0.589886, -0.762959, -3.150034, 0.949129, 0.018947, -0.314316, -0.744471, -0.170955, -0.807264, -0.564889, 2.443238, 0.0, 0.0, 0.0, 1.0],
                [-0.254577, 0.632617, -0.731428, -3.141706, 0.949447, 0.01984, -0.313299, -0.740981, -0.183686, -0.774211, -0.605687, 2.36477, 0.0, 0.0, 0.0, 1.0],
                [-0.245024, 0.671851, -0.698985, -3.117982, 0.95009, 0.02279, -0.311142, -0.738682, -0.193111, -0.740336, -0.643903, 2.288918, 0.0, 0.0, 0.0, 1.0],
                [-0.235651, 0.707946, -0.665794, -3.08075, 0.950992, 0.026844, -0.30805, -0.737238, -0.20021, -0.705757, -0.679576, 2.216705, 0.0, 0.0, 0.0, 1.0],
                [-0.226226, 0.74121, -0.632005, -3.0319, 0.952067, 0.031112, -0.304303, -0.736316, -0.205889, -0.670553, -0.71272, 2.149156, 0.0, 0.0, 0.0, 1.0],
                [-0.216435, 0.77191, -0.597755, -2.973319, 0.953224, 0.034757, -0.30026, -0.735579, -0.210997, -0.634781, -0.743326, 2.087294, 0.0, 0.0, 0.0, 1.0],
                [-0.205883, 0.80028, -0.563174, -2.906897, 0.954364, 0.036978, -0.296346, -0.734692, -0.216335, -0.598486, -0.771372, 2.03214, 0.0, 0.0, 0.0, 1.0],
                [-0.194098, 0.826514, -0.528394, -2.834522, 0.955377, 0.037003, -0.293063, -0.73332, -0.222668, -0.561699, -0.796815, 1.98472, 0.0, 0.0, 0.0, 1.0],
                [-0.180524, 0.850773, -0.493555, -2.758083, 0.956124, 0.034075, -0.290975, -0.731128, -0.230736, -0.524428, -0.819596, 1.946057, 0.0, 0.0, 0.0, 1.0],
                [-0.164526, 0.873167, -0.458814, -2.679468, 0.956414, 0.02745, -0.290721, -0.72778, -0.241254, -0.486648, -0.839625, 1.917173, 0.0, 0.0, 0.0, 1.0],
                [-0.145385, 0.893742, -0.424367, -2.600567, 0.95597, 0.016383, -0.293005, -0.722942, -0.254919, -0.448281, -0.856773, 1.899093, 0.0, 0.0, 0.0, 1.0],
                [-0.122293, 0.912458, -0.390468, -2.523268, 0.954381, 0.000135, -0.298593, -0.716277, -0.2724, -0.409171, -0.870848, 1.892838, 0.0, 0.0, 0.0, 1.0],
                [-0.095265, 0.929659, -0.355892, -2.44911, 0.951482, -0.020044, -0.307051, -0.706325, -0.292586, -0.367876, -0.882644, 1.893304, 0.0, 0.0, 0.0, 1.0],
                [-0.064839, 0.945429, -0.319312, -2.37824, 0.947319, -0.042262, -0.317491, -0.692047, -0.31366, -0.323076, -0.892882, 1.894663, 0.0, 0.0, 0.0, 1.0],
                [-0.030966, 0.959224, -0.280947, -2.310453, 0.941645, -0.066262, -0.330022, -0.673749, -0.335181, -0.274772, -0.901196, 1.896854, 0.0, 0.0, 0.0, 1.0],
                [0.006349, 0.970484, -0.241082, -2.245544, 0.934209, -0.091747, -0.344726, -0.651734, -0.35667, -0.223032, -0.907217, 1.899819, 0.0, 0.0, 0.0, 1.0],
                [0.047028, 0.978652, -0.200071, -2.18331, 0.924766, -0.118374, -0.361658, -0.626308, -0.377621, -0.168011, -0.910591, 1.903499, 0.0, 0.0, 0.0, 1.0],
                [0.090911, 0.983191, -0.15834, -2.123548, 0.913087, -0.145759, -0.380824, -0.597775, -0.397502, -0.109957, -0.910989, 1.907832, 0.0, 0.0, 0.0, 1.0],
                [0.137747, 0.983607, -0.11638, -2.066052, 0.898973, -0.173481, -0.402184, -0.566438, -0.415781, -0.049222, -0.908132, 1.912761, 0.0, 0.0, 0.0, 1.0],
                [0.187194, 0.979476, -0.074736, -2.010618, 0.882266, -0.201093, -0.42564, -0.532603, -0.431933, 0.013741, -0.901801, 1.918225, 0.0, 0.0, 0.0, 1.0],
                [0.238814, 0.97047, -0.033994, -1.957044, 0.862859, -0.228132, -0.451033, -0.496573, -0.445469, 0.078381, -0.89186, 1.924165, 0.0, 0.0, 0.0, 1.0],
                [0.292087, 0.956377, 0.005241, -1.905125, 0.840708, -0.25414, -0.478144, -0.458653, -0.455955, 0.144066, -0.878266, 1.930521, 0.0, 0.0, 0.0, 1.0],
                [0.346419, 0.937123, 0.042368, -1.854657, 0.81584, -0.278678, -0.506699, -0.419147, -0.463032, 0.210095, -0.861081, 1.937235, 0.0, 0.0, 0.0, 1.0],
                [0.401172, 0.912776, 0.076813, -1.805436, 0.78835, -0.301349, -0.536371, -0.37836, -0.466439, 0.275733, -0.84048, 1.944246, 0.0, 0.0, 0.0, 1.0],
                [0.455682, 0.883559, 0.10806, -1.757257, 0.758402, -0.321814, -0.5668, -0.336596, -0.466026, 0.340234, -0.816738, 1.951495, 0.0, 0.0, 0.0, 1.0],
                [0.509289, 0.849834, 0.135671, -1.709918, 0.726225, -0.339809, -0.597601, -0.294159, -0.46176, 0.402879, -0.790232, 1.958922, 0.0, 0.0, 0.0, 1.0],
                [0.561364, 0.812092, 0.1593, -1.663214, 0.692099, -0.355155, -0.628382, -0.251354, -0.453728, 0.463003, -0.761419, 1.966469, 0.0, 0.0, 0.0, 1.0],
                [0.611339, 0.770926, 0.178712, -1.616941, 0.656341, -0.367763, -0.658762, -0.208485, -0.442133, 0.520023, -0.730818, 1.974075, 0.0, 0.0, 0.0, 1.0],
                [0.658722, 0.727003, 0.193781, -1.570894, 0.619291, -0.37764, -0.68838, -0.165856, -0.427275, 0.573458, -0.698986, 1.981681, 0.0, 0.0, 0.0, 1.0],
                [0.703116, 0.681037, 0.20449, -1.524871, 0.581294, -0.384877, -0.716915, -0.123771, -0.409542, 0.622943, -0.666496, 1.989227, 0.0, 0.0, 0.0, 1.0],
                [0.744226, 0.63375, 0.210923, -1.478667, 0.542688, -0.389644, -0.744089, -0.082536, -0.389382, 0.668235, -0.633911, 1.996655, 0.0, 0.0, 0.0, 1.0],
                [0.781859, 0.585851, 0.213247, -1.432078, 0.503784, -0.392177, -0.769675, -0.042454, -0.367285, 0.709208, -0.601769, 2.003904, 0.0, 0.0, 0.0, 1.0],
                [0.815923, 0.538008, 0.2117, -1.3849, 0.464863, -0.392763, -0.793498, -0.00383, -0.343761, 0.745845, -0.570564, 2.010915, 0.0, 0.0, 0.0, 1.0],
                [0.846412, 0.490832, 0.206566, -1.33693, 0.426167, -0.391727, -0.815433, 0.033033, -0.319323, 0.778225, -0.540739, 2.017628, 0.0, 0.0, 0.0, 1.0],
                [0.873399, 0.444866, 0.198163, -1.287962, 0.387892, -0.389419, -0.8354, 0.067829, -0.294472, 0.806503, -0.512678, 2.023985, 0.0, 0.0, 0.0, 1.0],
                [0.897016, 0.400576, 0.186818, -1.237794, 0.350188, -0.386199, -0.853357, 0.100255, -0.269685, 0.830897, -0.486704, 2.029925, 0.0, 0.0, 0.0, 1.0],
                [0.917443, 0.358353, 0.17286, -1.18622, 0.313166, -0.382432, -0.869294, 0.130005, -0.245407, 0.851662, -0.463084, 2.035389, 0.0, 0.0, 0.0, 1.0],
                [0.934892, 0.318517, 0.156599, -1.133038, 0.276892, -0.378478, -0.883224, 0.156776, -0.222053, 0.86908, -0.442032, 2.040318, 0.0, 0.0, 0.0, 1.0],
                [0.949592, 0.28132, 0.138324, -1.078043, 0.2414, -0.37469, -0.895172, 0.180264, -0.200001, 0.88344, -0.423713, 2.044651, 0.0, 0.0, 0.0, 1.0],
                [0.96178, 0.246954, 0.11829, -1.021031, 0.206693, -0.371409, -0.90517, 0.200163, -0.179602, 0.895025, -0.408258, 2.04833, 0.0, 0.0, 0.0, 1.0],
                [0.971689, 0.215564, 0.096713, -0.961799, 0.172749, -0.368967, -0.913247, 0.21617, -0.16118, 0.904099, -0.39576, 2.051295, 0.0, 0.0, 0.0, 1.0],
                [0.979538, 0.187254, 0.073769, -0.900142, 0.139531, -0.367687, -0.919422, 0.227981, -0.145041, 0.910902, -0.386291, 2.053487, 0.0, 0.0, 0.0, 1.0],
                [0.985528, 0.162094, 0.049591, -0.835856, 0.106987, -0.367889, -0.923694, 0.23529, -0.131481, 0.915633, -0.379907, 2.054845, 0.0, 0.0, 0.0, 1.0],
                [0.989835, 0.140133, 0.024264, -0.768737, 0.075066, -0.369888, -0.926039, 0.237794, -0.120794, 0.918447, -0.376647, 2.055311, 0.0, 0.0, 0.0, 1.0],
                [0.992629, 0.121172, -0.002052, -0.698713, 0.043601, -0.372869, -0.926859, 0.232451, -0.113075, 0.919938, -0.375404, 2.046598, 0.0, 0.0, 0.0, 1.0],
                [0.994068, 0.104811, -0.029042, -0.626233, 0.012553, -0.375815, -0.92661, 0.217947, -0.108033, 0.920748, -0.374902, 2.022682, 0.0, 0.0, 0.0, 1.0],
                [0.994271, 0.090778, -0.056431, -0.55188, -0.01794, -0.378729, -0.925334, 0.196571, -0.105372, 0.921045, -0.37493, 1.986896, 0.0, 0.0, 0.0, 1.0],
                [0.993349, 0.078798, -0.083955, -0.476234, -0.047748, -0.381592, -0.923097, 0.170613, -0.104775, 0.920966, -0.375291, 1.942574, 0.0, 0.0, 0.0, 1.0],
                [0.99141, 0.068595, -0.111361, -0.399879, -0.076744, -0.38437, -0.919984, 0.142363, -0.10591, 0.920627, -0.375804, 1.89305, 0.0, 0.0, 0.0, 1.0],
                [0.988563, 0.059895, -0.138403, -0.323394, -0.10481, -0.387009, -0.9161, 0.114109, -0.108433, 0.920129, -0.376305, 1.841657, 0.0, 0.0, 0.0, 1.0],
                [0.984925, 0.052427, -0.164844, -0.247361, -0.131837, -0.389438, -0.911569, 0.088141, -0.111987, 0.91956, -0.376655, 1.791728, 0.0, 0.0, 0.0, 1.0],
                [0.980621, 0.045927, -0.190457, -0.172363, -0.157728, -0.391569, -0.906529, 0.066748, -0.116211, 0.919002, -0.376737, 1.746598, 0.0, 0.0, 0.0, 1.0],
                [0.975784, 0.040137, -0.215024, -0.09898, -0.182397, -0.3933, -0.901136, 0.05222, -0.120737, 0.918534, -0.376455, 1.709599, 0.0, 0.0, 0.0, 1.0],
                [0.970559, 0.034805, -0.238337, -0.027795, -0.205771, -0.394514, -0.895554, 0.046846, -0.125197, 0.918231, -0.375737, 1.684067, 0.0, 0.0, 0.0, 1.0],
                [0.965088, 0.029695, -0.260236, 0.040718, -0.227782, -0.395341, -0.889843, 0.046814, -0.129306, 0.918054, -0.374775, 1.666012, 0.0, 0.0, 0.0, 1.0],
                [0.959467, 0.024735, -0.280733, 0.106508, -0.248442, -0.39601, -0.883998, 0.046783, -0.133039, 0.917913, -0.373813, 1.649197, 0.0, 0.0, 0.0, 1.0],
                [0.953768, 0.019926, -0.299882, 0.169629, -0.267803, -0.396536, -0.878089, 0.046755, -0.136411, 0.917803, -0.372867, 1.633575, 0.0, 0.0, 0.0, 1.0],
                [0.948054, 0.015267, -0.317741, 0.230137, -0.285919, -0.396934, -0.872178, 0.046729, -0.139438, 0.91772, -0.37195, 1.619101, 0.0, 0.0, 0.0, 1.0],
                [0.942381, 0.010757, -0.334368, 0.288087, -0.302845, -0.397218, -0.866316, 0.046705, -0.142136, 0.917661, -0.371073, 1.605731, 0.0, 0.0, 0.0, 1.0],
                [0.936796, 0.006394, -0.349819, 0.343535, -0.318635, -0.3974, -0.860549, 0.046682, -0.14452, 0.917623, -0.370245, 1.593417, 0.0, 0.0, 0.0, 1.0],
                [0.931337, 0.002174, -0.364152, 0.396536, -0.333343, -0.397493, -0.854916, 0.046662, -0.146606, 0.917603, -0.369475, 1.582116, 0.0, 0.0, 0.0, 1.0],
                [0.926039, -0.001906, -0.377423, 0.447145, -0.347025, -0.397507, -0.849448, 0.046643, -0.14841, 0.917597, -0.368768, 1.571781, 0.0, 0.0, 0.0, 1.0],
                [0.920928, -0.005849, -0.389688, 0.495416, -0.359733, -0.397451, -0.844171, 0.046626, -0.149945, 0.917605, -0.368128, 1.562368, 0.0, 0.0, 0.0, 1.0],
                [0.916027, -0.00966, -0.401001, 0.541406, -0.371518, -0.397336, -0.839106, 0.046611, -0.151227, 0.917622, -0.367559, 1.55383, 0.0, 0.0, 0.0, 1.0],
                [0.911351, -0.013343, -0.411415, 0.58517, -0.382432, -0.397169, -0.834268, 0.046597, -0.15227, 0.917649, -0.367063, 1.546124, 0.0, 0.0, 0.0, 1.0],
                [0.906912, -0.016903, -0.42098, 0.626763, -0.392523, -0.396957, -0.829669, 0.046584, -0.153087, 0.917682, -0.36664, 1.539202, 0.0, 0.0, 0.0, 1.0],
                [0.902721, -0.020344, -0.429746, 0.66624, -0.401838, -0.396707, -0.825318, 0.046573, -0.153693, 0.91772, -0.36629, 1.533021, 0.0, 0.0, 0.0, 1.0],
                [0.898779, -0.023672, -0.437762, 0.703656, -0.410425, -0.396425, -0.821218, 0.046563, -0.1541, 0.917762, -0.366014, 1.527534, 0.0, 0.0, 0.0, 1.0],
                [0.89509, -0.02689, -0.445074, 0.739066, -0.418328, -0.396117, -0.81737, 0.046554, -0.154322, 0.917806, -0.365809, 1.522696, 0.0, 0.0, 0.0, 1.0],
                [0.891652, -0.030005, -0.451727, 0.772527, -0.42559, -0.395786, -0.813773, 0.046547, -0.15437, 0.917852, -0.365673, 1.518461, 0.0, 0.0, 0.0, 1.0],
                [0.88846, -0.03302, -0.457765, 0.804092, -0.432254, -0.395439, -0.810422, 0.04654, -0.154258, 0.917899, -0.365604, 1.514786, 0.0, 0.0, 0.0, 1.0],
                [0.885508, -0.035941, -0.463231, 0.833818, -0.43836, -0.395077, -0.807313, 0.046534, -0.153996, 0.917945, -0.365599, 1.511623, 0.0, 0.0, 0.0, 1.0],
                [0.882789, -0.038771, -0.468166, 0.861759, -0.443949, -0.394704, -0.804436, 0.046529, -0.153598, 0.91799, -0.365653, 1.508928, 0.0, 0.0, 0.0, 1.0],
                [0.880293, -0.041517, -0.472611, 0.887971, -0.449058, -0.394324, -0.801783, 0.046525, -0.153074, 0.918033, -0.365764, 1.506656, 0.0, 0.0, 0.0, 1.0],
                [0.878007, -0.044182, -0.476604, 0.912509, -0.453725, -0.393938, -0.799341, 0.046522, -0.152436, 0.918074, -0.365927, 1.50476, 0.0, 0.0, 0.0, 1.0],
                [0.875919, -0.04677, -0.480185, 0.935428, -0.457989, -0.393549, -0.797098, 0.046519, -0.151696, 0.918113, -0.366138, 1.503196, 0.0, 0.0, 0.0, 1.0],
                [0.874016, -0.049287, -0.483391, 0.956784, -0.461883, -0.393159, -0.795041, 0.046517, -0.150864, 0.918149, -0.366392, 1.501918, 0.0, 0.0, 0.0, 1.0],
                [0.872282, -0.051736, -0.486259, 0.976631, -0.465445, -0.392768, -0.793155, 0.046515, -0.149952, 0.918181, -0.366684, 1.500881, 0.0, 0.0, 0.0, 1.0],
                [0.870701, -0.054122, -0.488826, 0.995025, -0.468709, -0.392378, -0.791424, 0.046513, -0.148971, 0.918211, -0.367011, 1.50004, 0.0, 0.0, 0.0, 1.0],
                [0.869256, -0.056448, -0.491128, 1.012021, -0.471709, -0.39199, -0.789832, 0.046512, -0.147932, 0.918236, -0.367367, 1.499349, 0.0, 0.0, 0.0, 1.0],
                [0.867931, -0.058719, -0.493201, 1.027675, -0.47448, -0.391604, -0.788363, 0.046511, -0.146847, 0.918258, -0.367746, 1.498762, 0.0, 0.0, 0.0, 1.0],
                [0.866708, -0.060939, -0.495079, 1.042041, -0.477054, -0.391221, -0.786998, 0.04651, -0.145726, 0.918277, -0.368145, 1.498235, 0.0, 0.0, 0.0, 1.0],
                [0.865568, -0.063112, -0.496798, 1.055175, -0.479466, -0.39084, -0.78572, 0.046509, -0.144581, 0.918292, -0.368559, 1.497722, 0.0, 0.0, 0.0, 1.0],
                [0.864493, -0.06524, -0.498393, 1.067132, -0.481749, -0.390463, -0.78451, 0.046508, -0.143422, 0.918304, -0.368982, 1.497178, 0.0, 0.0, 0.0, 1.0],
                [0.863466, -0.067327, -0.499893, 1.077968, -0.483929, -0.390089, -0.783354, 0.046507, -0.142261, 0.918313, -0.36941, 1.496567, 0.0, 0.0, 0.0, 1.0],
                [0.862487, -0.06937, -0.501303, 1.087737, -0.486011, -0.389718, -0.782249, 0.046506, -0.141102, 0.918318, -0.369841, 1.495889, 0.0, 0.0, 0.0, 1.0],
                [0.861554, -0.071363, -0.502625, 1.096495, -0.487995, -0.389352, -0.781195, 0.046504, -0.139949, 0.918321, -0.370272, 1.495155, 0.0, 0.0, 0.0, 1.0],
                [0.860669, -0.073303, -0.503861, 1.104296, -0.489879, -0.388991, -0.780195, 0.046503, -0.138807, 0.91832, -0.370703, 1.494377, 0.0, 0.0, 0.0, 1.0],
                [0.859833, -0.075185, -0.50501, 1.111198, -0.491663, -0.388638, -0.779249, 0.046502, -0.137678, 0.918318, -0.371129, 1.493564, 0.0, 0.0, 0.0, 1.0],
                [0.859046, -0.077003, -0.506073, 1.117253, -0.493344, -0.388293, -0.778357, 0.0465, -0.136568, 0.918313, -0.371551, 1.492727, 0.0, 0.0, 0.0, 1.0],
                [0.85831, -0.078755, -0.507052, 1.122518, -0.494923, -0.387957, -0.777522, 0.046499, -0.135481, 0.918307, -0.371964, 1.491877, 0.0, 0.0, 0.0, 1.0],
                [0.857625, -0.080434, -0.507947, 1.127048, -0.496398, -0.387631, -0.776744, 0.046497, -0.134419, 0.918299, -0.372369, 1.491024, 0.0, 0.0, 0.0, 1.0],
                [0.856991, -0.082036, -0.508759, 1.130899, -0.497768, -0.387316, -0.776024, 0.046495, -0.133388, 0.91829, -0.372761, 1.490178, 0.0, 0.0, 0.0, 1.0],
                [0.85641, -0.083558, -0.509489, 1.134125, -0.499033, -0.387013, -0.775362, 0.046494, -0.132391, 0.91828, -0.373141, 1.489351, 0.0, 0.0, 0.0, 1.0],
                [0.855883, -0.084994, -0.510138, 1.136781, -0.50019, -0.386725, -0.77476, 0.046493, -0.131433, 0.91827, -0.373504, 1.488553, 0.0, 0.0, 0.0, 1.0],
                [0.855409, -0.08634, -0.510707, 1.138923, -0.50124, -0.38645, -0.774219, 0.046491, -0.130517, 0.91826, -0.37385, 1.487793, 0.0, 0.0, 0.0, 1.0],
                [0.85499, -0.08759, -0.511195, 1.140606, -0.50218, -0.386192, -0.773739, 0.04649, -0.129647, 0.918251, -0.374176, 1.487084, 0.0, 0.0, 0.0, 1.0],
                [0.854625, -0.088742, -0.511606, 1.141886, -0.50301, -0.385949, -0.77332, 0.046489, -0.128828, 0.918242, -0.37448, 1.486435, 0.0, 0.0, 0.0, 1.0],
                [0.854317, -0.089789, -0.511938, 1.142818, -0.503728, -0.385725, -0.772965, 0.046488, -0.128063, 0.918234, -0.374761, 1.485857, 0.0, 0.0, 0.0, 1.0],
                [0.854065, -0.090728, -0.512193, 1.143456, -0.504334, -0.385519, -0.772672, 0.046487, -0.127357, 0.918229, -0.375015, 1.48536, 0.0, 0.0, 0.0, 1.0],
                [0.85387, -0.091554, -0.512371, 1.143856, -0.504827, -0.385332, -0.772443, 0.046486, -0.126713, 0.918225, -0.375242, 1.484956, 0.0, 0.0, 0.0, 1.0],
                [0.853732, -0.092262, -0.512474, 1.144073, -0.505205, -0.385166, -0.772279, 0.046485, -0.126136, 0.918224, -0.375439, 1.484654, 0.0, 0.0, 0.0, 1.0],
                [0.853651, -0.092848, -0.512503, 1.144163, -0.505467, -0.385021, -0.77218, 0.046485, -0.125629, 0.918226, -0.375605, 1.484465, 0.0, 0.0, 0.0, 1.0],
                [0.853629, -0.093307, -0.512457, 1.144181, -0.505612, -0.384898, -0.772146, 0.046485, -0.125197, 0.918231, -0.375737, 1.484399, 0.0, 0.0, 0.0, 1.0],
                [0.85558, -0.091299, -0.509556, 1.142033, -0.502962, -0.379581, -0.776497, 0.058727, -0.122524, 0.920643, -0.370682, 1.49094, 0.0, 0.0, 0.0, 1.0],
                [0.86127, -0.085005, -0.500987, 1.135185, -0.49481, -0.364695, -0.788771, 0.093177, -0.115658, 0.927239, -0.356163, 1.509663, 0.0, 0.0, 0.0, 1.0],
                [0.870399, -0.075325, -0.486551, 1.123032, -0.480965, -0.341354, -0.807559, 0.146417, -0.105257, 0.936912, -0.333342, 1.539224, 0.0, 0.0, 0.0, 1.0],
                [0.882553, -0.063291, -0.465935, 1.104969, -0.461105, -0.310587, -0.831215, 0.215031, -0.092105, 0.948436, -0.303293, 1.578277, 0.0, 0.0, 0.0, 1.0],
                [0.897186, -0.050036, -0.43881, 1.080391, -0.434876, -0.27348, -0.857958, 0.295602, -0.077077, 0.960575, -0.267122, 1.625474, 0.0, 0.0, 0.0, 1.0],
                [0.913611, -0.036745, -0.404925, 1.048692, -0.401973, -0.231275, -0.885963, 0.384715, -0.061094, 0.972194, -0.226066, 1.679472, 0.0, 0.0, 0.0, 1.0],
                [0.931003, -0.024594, -0.364181, 1.009268, -0.362218, -0.185438, -0.913461, 0.478953, -0.045067, 0.982348, -0.181552, 1.738924, 0.0, 0.0, 0.0, 1.0],
                [0.94842, -0.014668, -0.316678, 0.961512, -0.315611, -0.137675, -0.938848, 0.574898, -0.029827, 0.990369, -0.135203, 1.802483, 0.0, 0.0, 0.0, 1.0],
                [0.964837, -0.007882, -0.26273, 0.90482, -0.262358, -0.089913, -0.960773, 0.669136, -0.01605, 0.995918, -0.088819, 1.868804, 0.0, 0.0, 0.0, 1.0],
                [0.979198, -0.004897, -0.20285, 0.838587, -0.202866, -0.044232, -0.978207, 0.758249, -0.004182, 0.999009, -0.044306, 1.936542, 0.0, 0.0, 0.0, 1.0],
                [0.990456, -0.006061, -0.137699, 0.762207, -0.137718, -0.002797, -0.990468, 0.83882, 0.005619, 0.999978, -0.003605, 2.004349, 0.0, 0.0, 0.0, 1.0],
                [0.997619, -0.011367, -0.068018, 0.675076, -0.067621, 0.032234, -0.99719, 0.907434, 0.013527, 0.999416, 0.031389, 2.070882, 0.0, 0.0, 0.0, 1.0],
                [0.999777, -0.020428, 0.00544, 0.576587, 0.006632, 0.058764, -0.99825, 0.960675, 0.020072, 0.998063, 0.058886, 2.134792, 0.0, 0.0, 0.0, 1.0],
                [0.996106, -0.032479, 0.081968, 0.466136, 0.084204, 0.074801, -0.993637, 0.995124, 0.026141, 0.996669, 0.077244, 2.194735, 0.0, 0.0, 0.0, 1.0],
                [0.985875, -0.046379, 0.160935, 0.343118, 0.164206, 0.078474, -0.9833, 1.007366, 0.032975, 0.995837, 0.084981, 2.249365, 0.0, 0.0, 0.0, 1.0],
                [0.968342, -0.061615, 0.241902, 0.207512, 0.246148, 0.074495, -0.966365, 1.007291, 0.041522, 0.995316, 0.087303, 2.297669, 0.0, 0.0, 0.0, 1.0],
                [0.942662, -0.078312, 0.324432, 0.061641, 0.329754, 0.068568, -0.941574, 1.006763, 0.051491, 0.994568, 0.09046, 2.339972, 0.0, 0.0, 0.0, 1.0],
                [0.908047, -0.095966, 0.407726, -0.091587, 0.414176, 0.060436, -0.908188, 1.005331, 0.062514, 0.993548, 0.094625, 2.376929, 0.0, 0.0, 0.0, 1.0],
                [0.863845, -0.114006, 0.490688, -0.249266, 0.498265, 0.04991, -0.865587, 1.002543, 0.074192, 0.992226, 0.09992, 2.409199, 0.0, 0.0, 0.0, 1.0],
                [0.809636, -0.131802, 0.571943, -0.408487, 0.580584, 0.036899, -0.813364, 0.997947, 0.086098, 0.990589, 0.106397, 2.437439, 0.0, 0.0, 0.0, 1.0],
                [0.74535, -0.148674, 0.649884, -0.566344, 0.659463, 0.021439, -0.751431, 0.991089, 0.097785, 0.988654, 0.114024, 2.462306, 0.0, 0.0, 0.0, 1.0],
                [0.671365, -0.163922, 0.722772, -0.719928, 0.733098, 0.003721, -0.680113, 0.981519, 0.108796, 0.986466, 0.122669, 2.484457, 0.0, 0.0, 0.0, 1.0],
                [0.588573, -0.176871, 0.788859, -0.866333, 0.799683, -0.015892, -0.600212, 0.968784, 0.118697, 0.984106, 0.132087, 2.50455, 0.0, 0.0, 0.0, 1.0],
                [0.498404, -0.186915, 0.846556, -1.00265, 0.857578, -0.036865, -0.513032, 0.952432, 0.127102, 0.981684, 0.141921, 2.523242, 0.0, 0.0, 0.0, 1.0],
                [0.402777, -0.193575, 0.894594, -1.125972, 0.90548, -0.058506, -0.420338, 0.932011, 0.133706, 0.979339, 0.151714, 2.54119, 0.0, 0.0, 0.0, 1.0],
                [0.303991, -0.19654, 0.932181, -1.233391, 0.942581, -0.08001, -0.324252, 0.907068, 0.138312, 0.977226, 0.160932, 2.55905, 0.0, 0.0, 0.0, 1.0],
                [0.204556, -0.19569, 0.959094, -1.322001, 0.968669, -0.100514, -0.227107, 0.877152, 0.140845, 0.975501, 0.168998, 2.577482, 0.0, 0.0, 0.0, 1.0],
                [0.107001, -0.1911, 0.975721, -1.388894, 0.984161, -0.119155, -0.131264, 0.84181, 0.141347, 0.974311, 0.175324, 2.597141, 0.0, 0.0, 0.0, 1.0],
                [0.013685, -0.183017, 0.983014, -1.431162, 0.990062, -0.135133, -0.038942, 0.800591, 0.139964, 0.973778, 0.179349, 2.618685, 0.0, 0.0, 0.0, 1.0],
