{
    "animation": [
        {
            "name": "Root",
            "time": [0.0, 0.0083, 0.0167, 0.025, 0.0333, 0.0417, 0.05, 0.0583, 0.0667, 0.075, 0.0833, 0.0917, 0.1, 0.1083, 0.1167, 0.125, 0.1333, 0.1417, 0.15, 0.1583, 0.1667, 0.175, 0.1833, 0.1917, 0.2, 0.2083, 0.2167, 0.225, 0.2333, 0.2417, 0.25, 0.2583, 0.2667, 0.275, 0.2833, 0.2917, 0.3, 0.3083, 0.3167, 0.325, 0.3333, 0.3417, 0.35, 0.3583, 0.3667, 0.375, 0.3833, 0.3917, 0.4, 0.4083, 0.4167, 0.425, 0.4333, 0.4417, 0.45, 0.4583, 0.4667, 0.475, 0.4833, 0.4917, 0.5, 0.5083, 0.5167, 0.525, 0.5333, 0.5417, 0.55, 0.5583, 0.5667, 0.575, 0.5833, 0.5917, 0.6, 0.6083, 0.6167, 0.625, 0.6333, 0.6417, 0.65, 0.6583, 0.6667, 0.675, 0.6833, 0.6917, 0.7, 0.7083, 0.7167, 0.725, 0.7333, 0.7417, 0.75, 0.7583, 0.7667, 0.775, 0.7833, 0.7917, 0.8, 0.8083, 0.8167, 0.825, 0.8333],
            "transform": [
                [0.846484, 0.267824, -0.460147, -0.024791, -0.392438, -0.270202, -0.879195, 0.06476, -0.359802, 0.924803, -0.123617, 0.641608, 0.0, 0.0, 0.0, 1.0],
                [0.846484, 0.267824, -0.460147, -0.024791, -0.392438, -0.270202, -0.879195, 0.06476, -0.359802, 0.924803, -0.123617, 0.641608, 0.0, 0.0, 0.0, 1.0],
                [0.846484, 0.267824, -0.460147, -0.024791, -0.392438, -0.270202, -0.879195, 0.06476, -0.359802, 0.924803, -0.123617, 0.64162, 0.0, 0.0, 0.0, 1.0],
                [0.846484, 0.267824, -0.460147, -0.024791, -0.392438, -0.270202, -0.879195, 0.06476, -0.359802, 0.924803, -0.123617, 0.641705, 0.0, 0.0, 0.0, 1.0],
                [0.846484, 0.267824, -0.460147, -0.024791, -0.392438, -0.270202, -0.879195, 0.06476, -0.359802, 0.924803, -0.123617, 0.641934, 0.0, 0.0, 0.0, 1.0],
                [0.846484, 0.267824, -0.460147, -0.024791, -0.392438, -0.270202, -0.879195, 0.06476, -0.359802, 0.924803, -0.123617, 0.642381, 0.0, 0.0, 0.0, 1.0],
                [0.846484, 0.267824, -0.460147, -0.024791, -0.392438, -0.270202, -0.879195, 0.06476, -0.359802, 0.924803, -0.123617, 0.643118, 0.0, 0.0, 0.0, 1.0],
                [0.846484, 0.267824, -0.460147, -0.024791, -0.392438, -0.270202, -0.879195, 0.06476, -0.359802, 0.924803, -0.123617, 0.644217, 0.0, 0.0, 0.0, 1.0],
                [0.846484, 0.267824, -0.460147, -0.024791, -0.392438, -0.270202, -0.879195, 0.06476, -0.359802, 0.924803, -0.123617, 0.64575, 0.0, 0.0, 0.0, 1.0],
                [0.846484, 0.267824, -0.460147, -0.024791, -0.392438, -0.270202, -0.879195, 0.06476, -0.359802, 0.924803, -0.123617, 0.647791, 0.0, 0.0, 0.0, 1.0],
                [0.846484, 0.267824, -0.460147, -0.024791, -0.392438, -0.270202, -0.879195, 0.06476, -0.359802, 0.924803, -0.123617, 0.650412, 0.0, 0.0, 0.0, 1.0],
                [0.845175, 0.268237, -0.462307, -0.024079, -0.400727, -0.254363, -0.88018, 0.067463, -0.353691, 0.929165, -0.107491, 0.65737, 0.0, 0.0, 0.0, 1.0],
                [0.841324, 0.269594, -0.4685, -0.022074, -0.423832, -0.208902, -0.881321, 0.075051, -0.33547, 0.940042, -0.061492, 0.672214, 0.0, 0.0, 0.0, 1.0],
                [0.834938, 0.272347, -0.478232, -0.018977, -0.458541, -0.136269, -0.878164, 0.086744, -0.304333, 0.952501, 0.011105, 0.694705, 0.0, 0.0, 0.0, 1.0],
                [0.825975, 0.277185, -0.49085, -0.014985, -0.500724, -0.039189, -0.86472, 0.101764, -0.258924, 0.960017, 0.106424, 0.724603, 0.0, 0.0, 0.0, 1.0],
                [0.814472, 0.28487, -0.505455, -0.010298, -0.545252, 0.078008, -0.834635, 0.119329, -0.198332, 0.955387, 0.218861, 0.761669, 0.0, 0.0, 0.0, 1.0],
                [0.800665, 0.296, -0.520883, -0.005114, -0.58633, 0.208504, -0.782779, 0.138662, -0.123096, 0.932153, 0.340496, 0.805664, 0.0, 0.0, 0.0, 1.0],
                [0.785051, 0.3107, -0.535873, 0.000369, -0.618395, 0.343097, -0.707016, 0.159037, -0.035813, 0.886425, 0.461484, 0.855985, 0.0, 0.0, 0.0, 1.0],
                [0.768345, 0.328222, -0.549469, 0.005951, -0.637302, 0.471596, -0.609461, 0.179958, 0.059088, 0.818454, 0.571525, 0.910578, 0.0, 0.0, 0.0, 1.0],
                [0.751245, 0.347275, -0.561276, 0.011433, -0.64135, 0.58494, -0.496503, 0.200983, 0.15589, 0.73297, 0.662158, 0.967028, 0.0, 0.0, 0.0, 1.0],
                [0.73422, 0.366344, -0.571589, 0.016618, -0.631658, 0.677219, -0.377336, 0.221672, 0.248856, 0.638096, 0.728632, 1.022918, 0.0, 0.0, 0.0, 1.0],
                [0.717381, 0.38396, -0.581325, 0.021305, -0.611667, 0.746568, -0.261723, 0.241583, 0.333507, 0.543332, 0.77043, 1.07583, 0.0, 0.0, 0.0, 1.0],
                [0.700461, 0.398866, -0.591828, 0.025297, -0.586092, 0.79467, -0.1581, 0.260275, 0.407247, 0.457608, 0.790408, 1.123349, 0.0, 0.0, 0.0, 1.0],
                [0.682872, 0.40998, -0.604651, 0.028394, -0.559907, 0.825359, -0.07271, 0.277306, 0.469245, 0.3882, 0.793165, 1.163058, 0.0, 0.0, 0.0, 1.0],
                [0.663801, 0.416199, -0.621407, 0.030398, -0.537746, 0.84305, -0.009783, 0.292237, 0.519806, 0.340653, 0.783427, 1.192541, 0.0, 0.0, 0.0, 1.0],
                [0.642304, 0.416043, -0.643703, 0.03111, -0.523772, 0.851409, 0.027656, 0.304626, 0.559561, 0.31939, 0.764776, 1.20938, 0.0, 0.0, 0.0, 1.0],
                [0.621229, 0.410932, -0.66724, 0.02806, -0.514822, 0.855961, 0.047838, 0.314535, 0.59079, 0.313792, 0.743305, 1.218154, 0.0, 0.0, 0.0, 1.0],
                [0.603448, 0.40356, -0.687742, 0.019782, -0.505315, 0.860727, 0.061686, 0.32247, 0.616853, 0.310302, 0.723329, 1.22518, 0.0, 0.0, 0.0, 1.0],
                [0.587779, 0.39384, -0.706686, 0.007582, -0.495327, 0.865837, 0.070551, 0.32865, 0.639661, 0.308572, 0.704001, 1.230651, 0.0, 0.0, 0.0, 1.0],
                [0.572798, 0.381719, -0.725392, -0.007232, -0.484724, 0.871378, 0.075783, 0.333294, 0.661018, 0.308207, 0.684152, 1.234763, 0.0, 0.0, 0.0, 1.0],
                [0.556885, 0.367162, -0.745031, -0.023353, -0.473224, 0.877421, 0.078687, 0.336622, 0.682596, 0.308747, 0.662373, 1.237709, 0.0, 0.0, 0.0, 1.0],
                [0.538237, 0.350135, -0.76662, -0.039474, -0.46044, 0.884034, 0.08049, 0.338852, 0.705901, 0.30966, 0.637036, 1.239684, 0.0, 0.0, 0.0, 1.0],
                [0.514833, 0.330608, -0.790978, -0.054288, -0.445884, 0.891297, 0.082321, 0.340205, 0.732212, 0.310302, 0.606282, 1.240882, 0.0, 0.0, 0.0, 1.0],
                [0.484377, 0.308568, -0.818636, -0.066488, -0.428948, 0.899305, 0.085171, 0.3409, 0.762484, 0.309897, 0.567962, 1.241497, 0.0, 0.0, 0.0, 1.0],
                [0.444234, 0.284065, -0.849684, -0.074766, -0.408866, 0.908161, 0.08985, 0.341156, 0.797173, 0.307492, 0.51958, 1.241724, 0.0, 0.0, 0.0, 1.0],
                [0.391389, 0.257287, -0.883526, -0.077816, -0.384661, 0.917956, 0.096913, 0.341193, 0.835973, 0.301928, 0.458246, 1.241756, 0.0, 0.0, 0.0, 1.0],
                [0.323457, 0.228464, -0.918248, -0.076641, -0.355586, 0.928637, 0.105792, 0.340152, 0.876889, 0.292297, 0.381613, 1.235195, 0.0, 0.0, 0.0, 1.0],
                [0.24282, 0.198033, -0.949643, -0.073173, -0.321886, 0.939926, 0.113702, 0.337249, 0.915111, 0.278067, 0.291977, 1.21759, 0.0, 0.0, 0.0, 1.0],
                [0.154143, 0.166688, -0.973886, -0.067501, -0.284329, 0.951456, 0.117847, 0.332815, 0.946254, 0.258739, 0.194055, 1.192062, 0.0, 0.0, 0.0, 1.0],
                [0.062929, 0.135027, -0.988842, -0.059715, -0.24423, 0.962763, 0.115924, 0.327179, 0.967673, 0.23421, 0.093563, 1.16173, 0.0, 0.0, 0.0, 1.0],
                [-0.025024, 0.103344, -0.994331, -0.049902, -0.203238, 0.973344, 0.106278, 0.320673, 0.97881, 0.204746, -0.003354, 1.129712, 0.0, 0.0, 0.0, 1.0],
                [-0.107238, 0.073167, -0.991537, -0.038175, -0.164449, 0.982246, 0.090268, 0.313594, 0.980539, 0.172738, -0.093302, 1.098624, 0.0, 0.0, 0.0, 1.0],
                [-0.184888, 0.04592, -0.981687, -0.024733, -0.130024, 0.988984, 0.070749, 0.306108, 0.97412, 0.140723, -0.17688, 1.069061, 0.0, 0.0, 0.0, 1.0],
                [-0.258053, 0.021358, -0.965895, -0.009799, -0.100114, 0.993782, 0.048722, 0.298346, 0.96093, 0.109272, -0.254311, 1.041116, 0.0, 0.0, 0.0, 1.0],
                [-0.327074, -0.000784, -0.944999, 0.006406, -0.074707, 0.996892, 0.025029, 0.290443, 0.942041, 0.078784, -0.326116, 1.01488, 0.0, 0.0, 0.0, 1.0],
                [-0.392443, -0.020765, -0.919542, 0.023659, -0.053699, 0.998557, 0.000368, 0.28253, 0.918207, 0.049523, -0.392992, 0.990444, 0.0, 0.0, 0.0, 1.0],
                [-0.454731, -0.038811, -0.889782, 0.041739, -0.036937, 0.999012, -0.024698, 0.274741, 0.889862, 0.021635, -0.455716, 0.967901, 0.0, 0.0, 0.0, 1.0],
                [-0.514517, -0.055109, -0.855708, 0.060422, -0.024261, 0.998469, -0.049715, 0.267208, 0.857137, -0.004819, -0.515066, 0.947342, 0.0, 0.0, 0.0, 1.0],
                [-0.572326, -0.069796, -0.817051, 0.079487, -0.015527, 0.997115, -0.074302, 0.260064, 0.819879, -0.029839, -0.571758, 0.928858, 0.0, 0.0, 0.0, 1.0],
                [-0.628586, -0.08296, -0.773303, 0.098711, -0.010616, 0.995117, -0.098128, 0.253442, 0.777668, -0.053473, -0.626397, 0.912541, 0.0, 0.0, 0.0, 1.0],
                [-0.683561, -0.094637, -0.723732, 0.117873, -0.009449, 0.992623, -0.120873, 0.247474, 0.729832, -0.075786, -0.679413, 0.898483, 0.0, 0.0, 0.0, 1.0],
                [-0.737296, -0.104811, -0.66739, 0.136749, -0.011976, 0.989765, -0.142208, 0.242294, 0.675464, -0.096857, -0.731005, 0.886776, 0.0, 0.0, 0.0, 1.0],
                [-0.789529, -0.11342, -0.603142, 0.155119, -0.018171, 0.986664, -0.161755, 0.238034, 0.613445, -0.11675, -0.78106, 0.877511, 0.0, 0.0, 0.0, 1.0],
                [-0.839598, -0.120357, -0.529707, 0.172759, -0.028004, 0.983439, -0.179065, 0.234826, 0.542486, -0.135509, -0.829064, 0.870779, 0.0, 0.0, 0.0, 1.0],
                [-0.886327, -0.125476, -0.445736, 0.189448, -0.04141, 0.980208, -0.19359, 0.232804, 0.461205, -0.153126, -0.873981, 0.866673, 0.0, 0.0, 0.0, 1.0],
                [-0.927899, -0.128607, -0.349949, 0.204963, -0.058237, 0.977097, -0.204668, 0.232101, 0.368256, -0.169532, -0.914137, 0.865284, 0.0, 0.0, 0.0, 1.0],
                [-0.96144, -0.130651, -0.241998, 0.219128, -0.077432, 0.972951, -0.217649, 0.232509, 0.263888, -0.190518, -0.945551, 0.868848, 0.0, 0.0, 0.0, 1.0],
                [-0.983664, -0.131078, -0.123382, 0.231954, -0.099044, 0.966428, -0.237081, 0.233644, 0.150316, -0.220988, -0.963623, 0.878843, 0.0, 0.0, 0.0, 1.0],
                [-0.991803, -0.127736, 0.003238, 0.243498, -0.124152, 0.957361, -0.260855, 0.235374, 0.030221, -0.259119, -0.965373, 0.894225, 0.0, 0.0, 0.0, 1.0],
                [-0.983846, -0.118888, 0.133839, 0.253816, -0.153275, 0.945687, -0.286676, 0.237567, -0.092487, -0.30256, -0.948633, 0.913948, 0.0, 0.0, 0.0, 1.0],
                [-0.959146, -0.103506, 0.263299, 0.262964, -0.186236, 0.931581, -0.312207, 0.240092, -0.212969, -0.348488, -0.912798, 0.936968, 0.0, 0.0, 0.0, 1.0],
                [-0.918877, -0.081521, 0.386031, 0.270999, -0.222102, 0.915546, -0.33533, 0.242814, -0.326092, -0.393865, -0.85938, 0.962239, 0.0, 0.0, 0.0, 1.0],
                [-0.866146, -0.053929, 0.496874, 0.277979, -0.259274, 0.89841, -0.354453, 0.245603, -0.427281, -0.435834, -0.792136, 0.988716, 0.0, 0.0, 0.0, 1.0],
                [-0.80566, -0.022666, 0.591945, 0.283959, -0.295711, 0.881246, -0.36873, 0.248327, -0.513292, -0.472115, -0.716686, 1.015355, 0.0, 0.0, 0.0, 1.0],
                [-0.743054, 0.009696, 0.669162, 0.288996, -0.329228, 0.865237, -0.378119, 0.250852, -0.58265, -0.501269, -0.639726, 1.04111, 0.0, 0.0, 0.0, 1.0],
                [-0.684122, 0.040341, 0.728252, 0.293147, -0.357754, 0.851548, -0.383246, 0.253048, -0.635602, -0.522722, -0.56813, 1.064936, 0.0, 0.0, 0.0, 1.0],
                [-0.633343, 0.067016, 0.770964, 0.296465, -0.380005, 0.84093, -0.38527, 0.254812, -0.674146, -0.536979, -0.507131, 1.085862, 0.0, 0.0, 0.0, 1.0],
                [-0.590783, 0.089717, 0.801828, 0.298986, -0.397071, 0.83279, -0.385741, 0.256175, -0.702361, -0.546272, -0.456373, 1.103202, 0.0, 0.0, 0.0, 1.0],
                [-0.554553, 0.109433, 0.824922, 0.300746, -0.410707, 0.826171, -0.385697, 0.257194, -0.723734, -0.552691, -0.41321, 1.116344, 0.0, 0.0, 0.0, 1.0],
                [-0.52213, 0.12746, 0.843287, 0.301777, -0.422687, 0.820118, -0.38567, 0.257931, -0.740753, -0.557817, -0.374333, 1.124679, 0.0, 0.0, 0.0, 1.0],
                [-0.490658, 0.145246, 0.859162, 0.302113, -0.434755, 0.813704, -0.385844, 0.258444, -0.755145, -0.562842, -0.336103, 1.127593, 0.0, 0.0, 0.0, 1.0],
                [-0.456708, 0.16365, 0.874435, 0.301653, -0.448074, 0.806837, -0.385023, 0.258791, -0.768536, -0.567655, -0.295161, 1.127474, 0.0, 0.0, 0.0, 1.0],
                [-0.418942, 0.182477, 0.889489, 0.300315, -0.462333, 0.80024, -0.381923, 0.259012, -0.781497, -0.571243, -0.250888, 1.127007, 0.0, 0.0, 0.0, 1.0],
                [-0.377504, 0.201614, 0.903794, 0.298167, -0.477, 0.794222, -0.376408, 0.259147, -0.793702, -0.573205, -0.203652, 1.126026, 0.0, 0.0, 0.0, 1.0],
                [-0.332583, 0.220871, 0.916845, 0.295276, -0.491515, 0.789112, -0.368396, 0.259232, -0.804862, -0.573165, -0.153884, 1.124368, 0.0, 0.0, 0.0, 1.0],
                [-0.284427, 0.239986, 0.928175, 0.291709, -0.505282, 0.785252, -0.357869, 0.259308, -0.814734, -0.570777, -0.102086, 1.121867, 0.0, 0.0, 0.0, 1.0],
                [-0.233282, 0.258665, 0.937375, 0.287529, -0.517783, 0.782908, -0.3449, 0.259404, -0.823092, -0.565815, -0.048706, 1.1184, 0.0, 0.0, 0.0, 1.0],
                [-0.179184, 0.276757, 0.944086, 0.282786, -0.5289, 0.782051, -0.329639, 0.259528, -0.829553, -0.558393, 0.006246, 1.114008, 0.0, 0.0, 0.0, 1.0],
                [-0.122142, 0.294152, 0.947922, 0.277526, -0.538609, 0.782563, -0.312241, 0.259676, -0.833655, -0.548697, 0.062849, 1.108773, 0.0, 0.0, 0.0, 1.0],
                [-0.062218, 0.310745, 0.948455, 0.271793, -0.546878, 0.784325, -0.292846, 0.259848, -0.834897, -0.536909, 0.121141, 1.102776, 0.0, 0.0, 0.0, 1.0],
                [0.000471, 0.326434, 0.94522, 0.265635, -0.553666, 0.787207, -0.271588, 0.260042, -0.832739, -0.523208, 0.181106, 1.096102, 0.0, 0.0, 0.0, 1.0],
                [0.065736, 0.341121, 0.937718, 0.259097, -0.558925, 0.791077, -0.248595, 0.260258, -0.826609, -0.507772, 0.242663, 1.08883, 0.0, 0.0, 0.0, 1.0],
                [0.133306, 0.354721, 0.92542, 0.252224, -0.562606, 0.795802, -0.223994, 0.260493, -0.815907, -0.490787, 0.305653, 1.081045, 0.0, 0.0, 0.0, 1.0],
                [0.202815, 0.367156, 0.907779, 0.245063, -0.564655, 0.801246, -0.197914, 0.260747, -0.80002, -0.472442, 0.369821, 1.072829, 0.0, 0.0, 0.0, 1.0],
                [0.273788, 0.378367, 0.884239, 0.237658, -0.56502, 0.807271, -0.170485, 0.261018, -0.778327, -0.452936, 0.434806, 1.064262, 0.0, 0.0, 0.0, 1.0],
                [0.345631, 0.388312, 0.854255, 0.230057, -0.563652, 0.813742, -0.141844, 0.261304, -0.750224, -0.432477, 0.500128, 1.055429, 0.0, 0.0, 0.0, 1.0],
                [0.417483, 0.396928, 0.817408, 0.222311, -0.560462, 0.820545, -0.1122, 0.261605, -0.715256, -0.411285, 0.565026, 1.046413, 0.0, 0.0, 0.0, 1.0],
                [0.487839, 0.404004, 0.773818, 0.214503, -0.555243, 0.82763, -0.082056, 0.261915, -0.673586, -0.389627, 0.62807, 1.037318, 0.0, 0.0, 0.0, 1.0],
                [0.555088, 0.409361, 0.724087, 0.20672, -0.547882, 0.834936, -0.052021, 0.26223, -0.625862, -0.367838, 0.687744, 1.028245, 0.0, 0.0, 0.0, 1.0],
                [0.617768, 0.412914, 0.669227, 0.199052, -0.538427, 0.842366, -0.022716, 0.262547, -0.573113, -0.346297, 0.742711, 1.0193, 0.0, 0.0, 0.0, 1.0],
                [0.674679, 0.414687, 0.610609, 0.191585, -0.527087, 0.849795, 0.005266, 0.262859, -0.516708, -0.325397, 0.791915, 1.010586, 0.0, 0.0, 0.0, 1.0],
                [0.724962, 0.414808, 0.549877, 0.184411, -0.514222, 0.857082, 0.031402, 0.263163, -0.458263, -0.305524, 0.834656, 1.002208, 0.0, 0.0, 0.0, 1.0],
                [0.768151, 0.4135, 0.488837, 0.177615, -0.500311, 0.86408, 0.055269, 0.263455, -0.399541, -0.287026, 0.870622, 0.994269, 0.0, 0.0, 0.0, 1.0],
                [0.804168, 0.411065, 0.429347, 0.171288, -0.48592, 0.870644, 0.076559, 0.263729, -0.342337, -0.270194, 0.899889, 0.986875, 0.0, 0.0, 0.0, 1.0],
                [0.833288, 0.407854, 0.373211, 0.165517, -0.471658, 0.87664, 0.095081, 0.263981, -0.288393, -0.255258, 0.922861, 0.980129, 0.0, 0.0, 0.0, 1.0],
                [0.856055, 0.404243, 0.322114, 0.160391, -0.458144, 0.881952, 0.11075, 0.264207, -0.239319, -0.242383, 0.940201, 0.974135, 0.0, 0.0, 0.0, 1.0],
                [0.873193, 0.400607, 0.277574, 0.155999, -0.445977, 0.886475, 0.123556, 0.264402, -0.196565, -0.23168, 0.952726, 0.968997, 0.0, 0.0, 0.0, 1.0],
                [0.88549, 0.397304, 0.240948, 0.152429, -0.435717, 0.890124, 0.133531, 0.264561, -0.161422, -0.223225, 0.961308, 0.964819, 0.0, 0.0, 0.0, 1.0],
                [0.893695, 0.394651, 0.213447, 0.149769, -0.427871, 0.89282, 0.14071, 0.264681, -0.135039, -0.21708, 0.966769, 0.961707, 0.0, 0.0, 0.0, 1.0],
                [0.898404, 0.392916, 0.196179, 0.148109, -0.422888, 0.894491, 0.145092, 0.264756, -0.118471, -0.213313, 0.969774, 0.959763, 0.0, 0.0, 0.0, 1.0],
                [0.899957, 0.392305, 0.190193, 0.147535, -0.421153, 0.895066, 0.146591, 0.264782, -0.112727, -0.212026, 0.970741, 0.959091, 0.0, 0.0, 0.0, 1.0]
            ]
        },
        {
            "name": "Thigh_R",
            "time": [0.0, 0.0083, 0.0167, 0.025, 0.0333, 0.0417, 0.05, 0.0583, 0.0667, 0.075, 0.0833, 0.0917, 0.1, 0.1083, 0.1167, 0.125, 0.1333, 0.1417, 0.15, 0.1583, 0.1667, 0.175, 0.1833, 0.1917, 0.2, 0.2083, 0.2167, 0.225, 0.2333, 0.2417, 0.25, 0.2583, 0.2667, 0.275, 0.2833, 0.2917, 0.3, 0.3083, 0.3167, 0.325, 0.3333, 0.3417, 0.35, 0.3583, 0.3667, 0.375, 0.3833, 0.3917, 0.4, 0.4083, 0.4167, 0.425, 0.4333, 0.4417, 0.45, 0.4583, 0.4667, 0.475, 0.4833, 0.4917, 0.5, 0.5083, 0.5167, 0.525, 0.5333, 0.5417, 0.55, 0.5583, 0.5667, 0.575, 0.5833, 0.5917, 0.6, 0.6083, 0.6167, 0.625, 0.6333, 0.6417, 0.65, 0.6583, 0.6667, 0.675, 0.6833, 0.6917, 0.7, 0.7083, 0.7167, 0.725, 0.7333, 0.7417, 0.75, 0.7583, 0.7667, 0.775, 0.7833, 0.7917, 0.8, 0.8083, 0.8167, 0.825, 0.8333],
            "transform": [
                [0.907805, 0.394652, -0.14191, 0.10957, 0.406002, -0.9118, 0.061487, 0.0376, -0.105127, -0.113434, -0.987968, -0.066693, 0.0, 0.0, 0.0, 1.0],
                [0.907805, 0.394652, -0.14191, 0.10957, 0.406002, -0.9118, 0.061487, 0.0376, -0.105128, -0.113433, -0.987968, -0.066693, 0.0, 0.0, 0.0, 1.0],
                [0.907616, 0.391232, -0.152219, 0.10957, 0.406213, -0.909977, 0.08325, 0.0376, -0.105946, -0.137392, -0.984835, -0.066693, 0.0, 0.0, 0.0, 1.0],
                [0.907022, 0.381975, -0.177214, 0.10957, 0.406866, -0.903439, 0.135111, 0.0376, -0.108493, -0.194651, -0.974854, -0.066693, 0.0, 0.0, 0.0, 1.0],
                [0.905964, 0.368189, -0.208965, 0.10957, 0.408006, -0.891048, 0.198902, 0.0376, -0.112965, -0.265457, -0.957481, -0.066693, 0.0, 0.0, 0.0, 1.0],
                [0.904349, 0.350668, -0.243276, 0.10957, 0.409687, -0.873024, 0.264545, 0.0376, -0.119619, -0.338907, -0.933184, -0.066693, 0.0, 0.0, 0.0, 1.0],
                [0.902062, 0.329994, -0.278188, 0.10957, 0.41196, -0.850546, 0.326891, 0.0376, -0.12874, -0.409478, -0.903191, -0.066693, 0.0, 0.0, 0.0, 1.0],
                [0.898958, 0.306809, -0.312637, 0.10957, 0.41486, -0.825412, 0.382863, 0.0376, -0.140589, -0.473878, -0.869295, -0.066693, 0.0, 0.0, 0.0, 1.0],
                [0.89489, 0.282039, -0.345868, 0.10957, 0.418382, -0.799918, 0.430215, 0.0376, -0.155329, -0.529699, -0.833841, -0.066693, 0.0, 0.0, 0.0, 1.0],
                [0.889732, 0.257153, -0.377158, 0.10957, 0.422463, -0.776846, 0.46694, 0.0376, -0.172919, -0.574786, -0.799824, -0.066693, 0.0, 0.0, 0.0, 1.0],
                [0.88344, 0.234509, -0.405633, 0.10957, 0.426943, -0.759534, 0.490741, 0.0376, -0.193009, -0.606721, -0.771127, -0.066693, 0.0, 0.0, 0.0, 1.0],
                [0.879098, 0.217929, -0.423903, 0.10978, 0.429579, -0.747584, 0.506536, 0.037663, -0.206514, -0.627393, -0.750818, -0.066569, 0.0, 0.0, 0.0, 1.0],
                [0.879147, 0.210193, -0.42769, 0.110369, 0.428742, -0.740659, 0.517304, 0.037839, -0.208039, -0.638154, -0.741268, -0.066224, 0.0, 0.0, 0.0, 1.0],
                [0.882702, 0.210256, -0.420274, 0.11128, 0.424424, -0.740633, 0.52089, 0.03811, -0.201749, -0.638163, -0.742997, -0.065706, 0.0, 0.0, 0.0, 1.0],
                [0.88903, 0.213793, -0.404868, 0.112454, 0.415906, -0.74684, 0.518893, 0.038461, -0.191436, -0.629697, -0.752882, -0.065056, 0.0, 0.0, 0.0, 1.0],
                [0.897601, 0.214235, -0.385246, 0.113832, 0.402086, -0.7561, 0.516369, 0.038872, -0.180661, -0.618394, -0.76482, -0.064322, 0.0, 0.0, 0.0, 1.0],
                [0.907914, 0.205529, -0.365307, 0.115356, 0.381915, -0.76476, 0.518923, 0.039327, -0.172719, -0.610652, -0.772834, -0.063546, 0.0, 0.0, 0.0, 1.0],
                [0.919082, 0.184836, -0.348026, 0.116968, 0.355294, -0.770686, 0.528967, 0.039809, -0.170446, -0.609815, -0.773998, -0.062736, 0.0, 0.0, 0.0, 1.0],
                [0.929631, 0.154117, -0.334714, 0.11861, 0.32411, -0.774152, 0.543727, 0.040298, -0.175323, -0.613948, -0.769629, -0.061747, 0.0, 0.0, 0.0, 1.0],
                [0.93805, 0.117924, -0.325814, 0.120221, 0.29142, -0.777175, 0.557738, 0.040777, -0.187444, -0.618134, -0.763397, -0.060395, 0.0, 0.0, 0.0, 1.0],
                [0.943354, 0.081991, -0.321497, 0.121746, 0.260421, -0.783378, 0.564357, 0.041226, -0.205581, -0.616112, -0.760357, -0.058497, 0.0, 0.0, 0.0, 1.0],
                [0.945301, 0.051837, -0.322054, 0.123124, 0.233803, -0.79614, 0.558118, 0.041627, -0.227469, -0.602885, -0.764712, -0.05587, 0.0, 0.0, 0.0, 1.0],
                [0.944349, 0.03232, -0.327354, 0.124298, 0.213355, -0.817624, 0.534761, 0.041961, -0.25037, -0.574842, -0.779019, -0.05233, 0.0, 0.0, 0.0, 1.0],
                [0.9414, 0.027188, -0.336192, 0.125209, 0.200118, -0.847373, 0.491843, 0.042209, -0.271508, -0.530298, -0.80316, -0.047696, 0.0, 0.0, 0.0, 1.0],
                [0.937533, 0.038066, -0.345807, 0.125798, 0.194878, -0.880871, 0.431377, 0.042353, -0.288191, -0.47182, -0.833266, -0.041782, 0.0, 0.0, 0.0, 1.0],
                [0.933769, 0.06151, -0.352549, 0.126007, 0.19892, -0.908127, 0.368421, 0.042375, -0.297498, -0.414148, -0.860219, -0.034407, 0.0, 0.0, 0.0, 1.0],
                [0.932191, 0.092219, -0.350023, 0.125463, 0.212358, -0.92243, 0.322529, 0.042032, -0.293128, -0.374988, -0.879466, -0.0255, 0.0, 0.0, 0.0, 1.0],
                [0.934332, 0.128443, -0.332456, 0.123985, 0.231945, -0.927371, 0.293567, 0.041181, -0.270603, -0.3514, -0.896266, -0.015444, 0.0, 0.0, 0.0, 1.0],
                [0.93958, 0.168032, -0.298254, 0.121807, 0.254902, -0.924964, 0.281894, 0.03995, -0.228507, -0.340887, -0.911911, -0.004728, 0.0, 0.0, 0.0, 1.0],
                [0.946298, 0.21033, -0.245522, 0.119163, 0.27804, -0.916976, 0.286086, 0.038468, -0.164966, -0.338987, -0.926215, 0.006154, 0.0, 0.0, 0.0, 1.0],
                [0.951479, 0.254695, -0.17268, 0.116285, 0.297448, -0.905008, 0.304109, 0.036861, -0.078821, -0.340716, -0.936857, 0.016711, 0.0, 0.0, 0.0, 1.0],
                [0.950778, 0.299204, -0.080606, 0.113407, 0.30862, -0.890971, 0.333051, 0.03526, 0.027832, -0.341533, -0.939458, 0.026452, 0.0, 0.0, 0.0, 1.0],
                [0.940161, 0.339864, 0.024264, 0.110762, 0.307763, -0.877598, 0.36756, 0.033792, 0.146215, -0.338097, -0.929683, 0.034884, 0.0, 0.0, 0.0, 1.0],
                [0.919739, 0.370849, 0.128649, 0.108584, 0.29441, -0.868499, 0.398786, 0.032584, 0.259621, -0.328903, -0.907975, 0.041516, 0.0, 0.0, 0.0, 1.0],
                [0.896848, 0.386028, 0.215974, 0.107107, 0.273213, -0.867413, 0.415868, 0.031765, 0.347875, -0.313963, -0.883408, 0.045855, 0.0, 0.0, 0.0, 1.0],
                [0.88375, 0.380763, 0.272038, 0.106563, 0.252143, -0.877175, 0.40864, 0.031464, 0.39422, -0.292543, -0.871211, 0.047411, 0.0, 0.0, 0.0, 1.0],
                [0.881359, 0.37163, 0.291712, 0.106562, 0.240555, -0.884417, 0.399921, 0.031464, 0.406618, -0.282301, -0.868889, 0.047411, 0.0, 0.0, 0.0, 1.0],
                [0.881916, 0.374214, 0.286682, 0.106562, 0.239738, -0.879663, 0.410751, 0.031464, 0.405893, -0.293519, -0.865504, 0.047411, 0.0, 0.0, 0.0, 1.0],
                [0.883693, 0.380088, 0.273167, 0.106562, 0.244858, -0.87277, 0.422273, 0.031464, 0.398913, -0.306272, -0.86433, 0.047411, 0.0, 0.0, 0.0, 1.0],
                [0.884835, 0.383609, 0.264407, 0.106562, 0.2507, -0.870371, 0.423794, 0.031464, 0.392703, -0.308701, -0.866308, 0.047411, 0.0, 0.0, 0.0, 1.0],
                [0.883749, 0.380763, 0.27204, 0.106562, 0.252142, -0.877175, 0.40864, 0.031464, 0.394222, -0.292542, -0.871212, 0.047411, 0.0, 0.0, 0.0, 1.0],
                [0.880267, 0.370989, 0.2958, 0.106562, 0.245129, -0.889355, 0.385947, 0.031464, 0.406254, -0.267227, -0.873812, 0.047411, 0.0, 0.0, 0.0, 1.0],
                [0.875126, 0.362375, 0.320685, 0.106562, 0.231201, -0.895299, 0.380765, 0.031464, 0.425089, -0.259074, -0.867283, 0.047411, 0.0, 0.0, 0.0, 1.0],
                [0.868259, 0.359967, 0.341391, 0.106562, 0.214026, -0.89259, 0.396829, 0.031464, 0.447568, -0.271483, -0.852044, 0.047411, 0.0, 0.0, 0.0, 1.0],
                [0.860075, 0.36213, 0.359349, 0.106562, 0.196991, -0.88548, 0.420855, 0.031464, 0.4706, -0.291178, -0.832917, 0.047411, 0.0, 0.0, 0.0, 1.0],
                [0.851435, 0.366834, 0.374819, 0.106562, 0.182869, -0.877478, 0.443383, 0.031464, 0.491544, -0.308969, -0.8142, 0.047411, 0.0, 0.0, 0.0, 1.0],
                [0.843449, 0.373197, 0.386416, 0.106562, 0.173615, -0.870066, 0.461347, 0.031464, 0.508381, -0.322035, -0.79865, 0.047411, 0.0, 0.0, 0.0, 1.0],
                [0.837195, 0.380541, 0.392799, 0.106562, 0.170315, -0.863917, 0.473959, 0.031464, 0.519708, -0.329896, -0.788082, 0.047411, 0.0, 0.0, 0.0, 1.0],
                [0.833524, 0.388392, 0.392924, 0.106562, 0.17329, -0.859096, 0.481584, 0.031464, 0.524603, -0.333321, -0.783383, 0.047411, 0.0, 0.0, 0.0, 1.0],
                [0.832952, 0.396442, 0.386036, 0.106562, 0.182256, -0.85527, 0.485072, 0.031464, 0.522468, -0.333683, -0.784654, 0.047411, 0.0, 0.0, 0.0, 1.0],
                [0.835656, 0.404505, 0.371556, 0.106562, 0.19648, -0.851864, 0.485512, 0.031464, 0.512908, -0.332717, -0.791344, 0.047411, 0.0, 0.0, 0.0, 1.0],
                [0.841501, 0.412408, 0.348991, 0.106562, 0.214906, -0.848191, 0.484134, 0.031464, 0.495672, -0.332399, -0.802384, 0.047411, 0.0, 0.0, 0.0, 1.0],
                [0.850097, 0.419805, 0.317957, 0.106562, 0.236227, -0.843591, 0.482233, 0.031464, 0.47067, -0.334834, -0.816305, 0.047411, 0.0, 0.0, 0.0, 1.0],
                [0.860859, 0.425982, 0.278316, 0.106562, 0.25893, -0.83757, 0.481071, 0.031464, 0.438037, -0.342069, -0.831331, 0.047411, 0.0, 0.0, 0.0, 1.0],
                [0.873076, 0.429669, 0.230483, 0.106562, 0.281287, -0.829962, 0.481705, 0.031464, 0.398266, -0.355732, -0.845482, 0.047411, 0.0, 0.0, 0.0, 1.0],
                [0.886017, 0.428973, 0.17594, 0.106562, 0.3013, -0.821125, 0.484737, 0.031464, 0.352408, -0.376474, -0.856783, 0.047411, 0.0, 0.0, 0.0, 1.0],
                [0.898281, 0.420538, 0.127428, 0.106562, 0.313599, -0.816657, 0.484483, 0.031464, 0.307809, -0.39524, -0.86547, 0.047411, 0.0, 0.0, 0.0, 1.0],
                [0.908697, 0.405887, 0.097593, 0.106562, 0.31524, -0.820439, 0.476971, 0.031464, 0.273666, -0.402656, -0.873484, 0.047411, 0.0, 0.0, 0.0, 1.0],
                [0.91656, 0.389817, 0.089204, 0.106562, 0.308148, -0.830652, 0.463745, 0.031464, 0.254874, -0.397561, -0.881467, 0.047411, 0.0, 0.0, 0.0, 1.0],
                [0.920572, 0.376434, 0.104136, 0.106562, 0.295294, -0.845313, 0.445248, 0.031464, 0.255634, -0.379131, -0.889332, 0.047411, 0.0, 0.0, 0.0, 1.0],
                [0.918892, 0.368369, 0.141213, 0.106562, 0.280958, -0.862328, 0.421248, 0.031464, 0.276946, -0.347405, -0.895886, 0.047411, 0.0, 0.0, 0.0, 1.0],
                [0.910024, 0.36621, 0.194282, 0.106562, 0.270353, -0.879543, 0.391549, 0.031464, 0.314269, -0.303794, -0.899413, 0.047411, 0.0, 0.0, 0.0, 1.0],
                [0.894381, 0.368889, 0.252988, 0.106562, 0.268144, -0.894849, 0.35685, 0.031464, 0.358025, -0.251321, -0.899253, 0.047411, 0.0, 0.0, 0.0, 1.0],
                [0.874726, 0.374878, 0.307119, 0.106562, 0.276518, -0.906528, 0.318971, 0.031464, 0.397987, -0.194088, -0.896625, 0.047411, 0.0, 0.0, 0.0, 1.0],
                [0.854481, 0.382965, 0.350998, 0.106562, 0.294401, -0.913682, 0.280197, 0.031464, 0.428007, -0.136088, -0.893471, 0.047411, 0.0, 0.0, 0.0, 1.0],
                [0.835818, 0.39205, 0.384324, 0.106562, 0.318388, -0.916434, 0.242437, 0.031464, 0.447255, -0.080269, -0.890797, 0.047411, 0.0, 0.0, 0.0, 1.0],
                [0.819477, 0.400608, 0.40984, 0.106562, 0.344311, -0.915811, 0.206731, 0.031464, 0.458155, -0.028299, -0.888422, 0.047411, 0.0, 0.0, 0.0, 1.0],
                [0.806199, 0.406884, 0.429522, 0.106562, 0.368668, -0.913286, 0.173176, 0.031464, 0.462739, 0.018736, -0.886297, 0.047411, 0.0, 0.0, 0.0, 1.0],
                [0.797046, 0.410348, 0.443094, 0.106562, 0.389107, -0.910046, 0.142859, 0.031464, 0.461858, 0.058545, -0.885019, 0.047411, 0.0, 0.0, 0.0, 1.0],
                [0.793319, 0.412776, 0.447505, 0.106562, 0.404041, -0.906811, 0.120171, 0.031464, 0.455406, 0.085476, -0.886172, 0.047411, 0.0, 0.0, 0.0, 1.0],
                [0.796381, 0.417013, 0.438038, 0.106562, 0.412228, -0.904244, 0.111389, 0.031464, 0.442544, 0.091863, -0.89203, 0.047411, 0.0, 0.0, 0.0, 1.0],
                [0.803913, 0.42162, 0.419473, 0.106666, 0.415427, -0.902794, 0.11126, 0.031454, 0.425608, 0.084817, -0.900924, 0.047417, 0.0, 0.0, 0.0, 1.0],
                [0.812469, 0.424281, 0.399849, 0.106976, 0.416196, -0.902371, 0.111827, 0.031429, 0.408259, 0.075559, -0.909734, 0.047437, 0.0, 0.0, 0.0, 1.0],
                [0.821631, 0.424632, 0.380274, 0.107491, 0.414549, -0.903023, 0.112674, 0.031395, 0.391242, 0.065066, -0.917985, 0.047477, 0.0, 0.0, 0.0, 1.0],
                [0.83103, 0.422343, 0.361959, 0.108205, 0.41052, -0.904794, 0.113218, 0.031359, 0.375315, 0.054503, -0.925293, 0.04754, 0.0, 0.0, 0.0, 1.0],
                [0.840333, 0.417344, 0.345924, 0.109119, 0.40415, -0.907651, 0.113271, 0.031327, 0.361252, 0.04462, -0.9314, 0.047633, 0.0, 0.0, 0.0, 1.0],
                [0.849275, 0.409703, 0.33298, 0.110224, 0.395568, -0.911503, 0.112623, 0.031304, 0.349654, 0.036068, -0.936185, 0.047756, 0.0, 0.0, 0.0, 1.0],
                [0.857729, 0.399957, 0.323009, 0.111493, 0.385244, -0.916075, 0.111317, 0.031285, 0.340422, 0.028957, -0.939827, 0.047904, 0.0, 0.0, 0.0, 1.0],
                [0.865587, 0.388726, 0.315675, 0.112896, 0.373726, -0.921058, 0.109442, 0.031264, 0.333299, 0.023244, -0.942535, 0.048068, 0.0, 0.0, 0.0, 1.0],
                [0.87273, 0.376641, 0.310617, 0.1144, 0.361561, -0.926167, 0.107168, 0.031235, 0.328048, 0.018778, -0.944475, 0.048238, 0.0, 0.0, 0.0, 1.0],
                [0.879048, 0.364344, 0.307454, 0.115976, 0.349293, -0.931137, 0.104762, 0.031192, 0.324452, 0.0153, -0.945779, 0.048407, 0.0, 0.0, 0.0, 1.0],
                [0.884441, 0.3525, 0.305787, 0.117591, 0.337455, -0.935728, 0.102637, 0.031128, 0.322313, 0.012413, -0.946552, 0.048564, 0.0, 0.0, 0.0, 1.0],
                [0.888834, 0.341798, 0.3052, 0.119215, 0.326561, -0.939723, 0.101367, 0.031037, 0.321451, 0.009568, -0.946878, 0.048702, 0.0, 0.0, 0.0, 1.0],
                [0.892169, 0.332934, 0.305271, 0.120815, 0.317085, -0.942929, 0.101682, 0.030914, 0.321703, 0.006079, -0.946822, 0.048811, 0.0, 0.0, 0.0, 1.0],
                [0.894405, 0.326582, 0.305588, 0.122361, 0.309446, -0.945167, 0.104408, 0.030751, 0.322929, 0.00118, -0.946423, 0.048882, 0.0, 0.0, 0.0, 1.0],
                [0.895518, 0.323364, 0.30575, 0.123821, 0.303982, -0.946254, 0.11043, 0.030542, 0.325027, -0.00595, -0.945686, 0.048907, 0.0, 0.0, 0.0, 1.0],
                [0.895201, 0.322215, 0.307882, 0.125171, 0.299271, -0.946534, 0.120439, 0.030278, 0.330228, -0.015677, -0.943771, 0.048894, 0.0, 0.0, 0.0, 1.0],
                [0.89295, 0.321437, 0.315145, 0.126406, 0.293461, -0.94654, 0.133933, 0.02996, 0.341349, -0.027112, -0.939546, 0.04886, 0.0, 0.0, 0.0, 1.0],
                [0.888556, 0.320586, 0.328162, 0.127531, 0.286175, -0.94641, 0.149693, 0.029599, 0.358566, -0.039099, -0.932685, 0.048809, 0.0, 0.0, 0.0, 1.0],
                [0.88202, 0.319172, 0.346656, 0.128548, 0.277129, -0.946348, 0.166204, 0.029205, 0.381104, -0.050527, -0.923151, 0.048743, 0.0, 0.0, 0.0, 1.0],
                [0.873624, 0.316687, 0.369446, 0.12946, 0.26625, -0.946599, 0.181823, 0.02879, 0.407298, -0.06048, -0.911291, 0.048666, 0.0, 0.0, 0.0, 1.0],
                [0.863971, 0.312684, 0.394693, 0.130271, 0.253771, -0.947393, 0.19505, 0.028363, 0.434919, -0.068355, -0.897872, 0.048581, 0.0, 0.0, 0.0, 1.0],
                [0.853889, 0.30689, 0.420345, 0.130984, 0.240223, -0.948871, 0.204774, 0.027935, 0.461698, -0.073878, -0.883955, 0.048491, 0.0, 0.0, 0.0, 1.0],
                [0.844253, 0.2993, 0.444585, 0.131601, 0.226322, -0.951039, 0.210475, 0.027518, 0.485813, -0.077074, -0.870658, 0.048401, 0.0, 0.0, 0.0, 1.0],
                [0.835762, 0.290216, 0.466128, 0.132126, 0.212822, -0.95376, 0.212237, 0.027122, 0.50617, -0.078177, -0.858883, 0.048311, 0.0, 0.0, 0.0, 1.0],
                [0.828824, 0.280209, 0.484286, 0.132562, 0.200379, -0.956797, 0.210672, 0.026757, 0.522397, -0.077569, -0.849167, 0.048226, 0.0, 0.0, 0.0, 1.0],
                [0.823536, 0.270045, 0.498861, 0.132912, 0.189505, -0.959862, 0.206758, 0.026435, 0.534672, -0.075736, -0.841659, 0.04815, 0.0, 0.0, 0.0, 1.0],
                [0.819771, 0.2606, 0.509962, 0.133178, 0.180565, -0.962662, 0.201678, 0.026165, 0.54348, -0.073248, -0.836221, 0.048085, 0.0, 0.0, 0.0, 1.0],
                [0.817292, 0.252787, 0.517815, 0.133365, 0.173838, -0.964931, 0.196684, 0.02596, 0.549376, -0.070733, -0.832576, 0.048035, 0.0, 0.0, 0.0, 1.0],
                [0.815868, 0.247502, 0.52259, 0.133475, 0.169574, -0.966438, 0.192973, 0.025829, 0.552814, -0.068823, -0.830458, 0.048002, 0.0, 0.0, 0.0, 1.0],
                [0.815388, 0.24558, 0.524244, 0.133511, 0.168071, -0.96698, 0.191569, 0.025782, 0.553981, -0.068093, -0.829741, 0.04799, 0.0, 0.0, 0.0, 1.0]
            ]
        },
        {
            "name": "Leg_R",
            "time": [0.0, 0.0083, 0.0167, 0.025, 0.0333, 0.0417, 0.05, 0.0583, 0.0667, 0.075, 0.0833, 0.0917, 0.1, 0.1083, 0.1167, 0.125, 0.1333, 0.1417, 0.15, 0.1583, 0.1667, 0.175, 0.1833, 0.1917, 0.2, 0.2083, 0.2167, 0.225, 0.2333, 0.2417, 0.25, 0.2583, 0.2667, 0.275, 0.2833, 0.2917, 0.3, 0.3083, 0.3167, 0.325, 0.3333, 0.3417, 0.35, 0.3583, 0.3667, 0.375, 0.3833, 0.3917, 0.4, 0.4083, 0.4167, 0.425, 0.4333, 0.4417, 0.45, 0.4583, 0.4667, 0.475, 0.4833, 0.4917, 0.5, 0.5083, 0.5167, 0.525, 0.5333, 0.5417, 0.55, 0.5583, 0.5667, 0.575, 0.5833, 0.5917, 0.6, 0.6083, 0.6167, 0.625, 0.6333, 0.6417, 0.65, 0.6583, 0.6667, 0.675, 0.6833, 0.6917, 0.7, 0.7083, 0.7167, 0.725, 0.7333, 0.7417, 0.75, 0.7583, 0.7667, 0.775, 0.7833, 0.7917, 0.8, 0.8083, 0.8167, 0.825, 0.8333],
            "transform": [
                [1.000001, -0.0, 1e-06, 0.0, -0.0, 0.920136, 0.391607, 0.374726, -1e-06, -0.391609, 0.920128, -0.0, 0.0, 0.0, 0.0, 1.0],
                [1.0, -0.0, 1e-06, 0.0, -0.0, 0.920136, 0.391607, 0.374726, -1e-06, -0.391609, 0.920128, 0.0, 0.0, 0.0, 0.0, 1.0],
                [1.0, -0.0, 1e-06, -0.0, -0.0, 0.900117, 0.435654, 0.374726, -1e-06, -0.435656, 0.90011, -0.0, 0.0, 0.0, 0.0, 1.0],
                [1.0, -0.0, 1e-06, -0.0, -0.0, 0.843042, 0.537851, 0.374726, -1e-06, -0.537853, 0.843036, -0.0, 0.0, 0.0, 0.0, 1.0],
                [1.0, -0.0, 1e-06, 0.0, -0.0, 0.754091, 0.656771, 0.374726, -1e-06, -0.656774, 0.754086, 0.0, 0.0, 0.0, 0.0, 1.0],
                [1.0, -1e-06, 1e-06, 0.0, -0.0, 0.639099, 0.769125, 0.374726, -1e-06, -0.769127, 0.639096, 0.0, 0.0, 0.0, 0.0, 1.0],
                [1.0, -1e-06, 1e-06, 0.0, -0.0, 0.504276, 0.863542, 0.374726, -1e-06, -0.863544, 0.504273, 0.0, 0.0, 0.0, 0.0, 1.0],
                [1.0, -1e-06, 1e-06, -0.0, -0.0, 0.35598, 0.934492, 0.374726, -1e-06, -0.934494, 0.355978, -0.0, 0.0, 0.0, 0.0, 1.0],
                [1.0, -1e-06, 0.0, -0.0, -0.0, 0.200532, 0.979686, 0.374726, -1e-06, -0.979688, 0.200531, -0.0, 0.0, 0.0, 0.0, 1.0],
                [1.0, -1e-06, 0.0, 0.0, -0.0, 0.044096, 0.999026, 0.374726, -1e-06, -0.999028, 0.044095, -0.0, 0.0, 0.0, 0.0, 1.0],
                [1.0, 1.8e-05, 2.1e-05, 0.0, -1.9e-05, -0.107194, 0.99424, 0.374726, 2.1e-05, -0.994236, -0.107194, -0.0, 0.0, 0.0, 0.0, 1.0],
                [1.0, 1.7e-05, 2.3e-05, 0.0, -1.8e-05, -0.236276, 0.971687, 0.374726, 2.2e-05, -0.971684, -0.236276, -0.0, 0.0, 0.0, 0.0, 1.0],
                [1.0, 2.2e-05, 3.2e-05, 0.0, -2.3e-05, -0.328483, 0.944511, 0.374726, 3.2e-05, -0.944509, -0.328483, 0.0, 0.0, 0.0, 0.0, 1.0],
                [1.0, 2.1e-05, 3.3e-05, 0.0, -2.2e-05, -0.382973, 0.923761, 0.374726, 3.2e-05, -0.923758, -0.382972, 0.0, 0.0, 0.0, 0.0, 1.0],
                [1.000001, 2.2e-05, 3.4e-05, 0.0, -2.2e-05, -0.398415, 0.917207, 0.374726, 3.3e-05, -0.917205, -0.398414, 0.0, 0.0, 0.0, 0.0, 1.0],
                [1.000001, 2.2e-05, 3.3e-05, 0.0, -2.3e-05, -0.374149, 0.927371, 0.374726, 3.3e-05, -0.927368, -0.374148, -0.0, 0.0, 0.0, 0.0, 1.0],
                [1.0, 2e-05, 2.8e-05, 0.0, -2.1e-05, -0.310691, 0.950512, 0.374726, 2.8e-05, -0.950509, -0.310691, -0.0, 0.0, 0.0, 0.0, 1.0],
                [1.000001, 2.2e-05, 2.8e-05, -0.0, -2.3e-05, -0.210481, 0.9776, 0.374726, 2.7e-05, -0.977597, -0.210481, -0.0, 0.0, 0.0, 0.0, 1.0],
                [1.0, 2.1e-05, 2.3e-05, 0.0, -2.2e-05, -0.078875, 0.996886, 0.374726, 2.3e-05, -0.996883, -0.078875, -0.0, 0.0, 0.0, 0.0, 1.0],
                [1.0, -1e-06, 0.0, -0.0, -0.0, 0.076402, 0.997076, 0.374726, -1e-06, -0.997078, 0.076402, -0.0, 0.0, 0.0, 0.0, 1.0],
                [1.000001, -1e-06, 0.0, -0.0, -0.0, 0.247233, 0.968955, 0.374726, -1e-06, -0.968957, 0.247232, 0.0, 0.0, 0.0, 0.0, 1.0],
                [1.0, -1e-06, 1e-06, -0.0, -0.0, 0.422857, 0.906196, 0.374726, -1e-06, -0.906198, 0.422854, 0.0, 0.0, 0.0, 0.0, 1.0],
                [1.0, -0.0, 1e-06, -0.0, -0.0, 0.590732, 0.806868, 0.374726, -1e-06, -0.806871, 0.590728, 0.0, 0.0, 0.0, 0.0, 1.0],
                [1.0, -1e-06, 1e-06, -0.0, -0.0, 0.736702, 0.676219, 0.374726, -1e-06, -0.676222, 0.736696, -0.0, 0.0, 0.0, 0.0, 1.0],
                [1.000001, -0.0, 1e-06, 0.0, -0.0, 0.845724, 0.533625, 0.374726, -1e-06, -0.533628, 0.845715, -0.0, 0.0, 0.0, 0.0, 1.0],
                [1.0, -0.0, 1e-06, -0.0, -0.0, 0.902962, 0.429728, 0.374726, -1e-06, -0.429731, 0.902953, 0.0, 0.0, 0.0, 0.0, 1.0],
                [1.0, -0.0, 1e-06, -0.0, -0.0, 0.923976, 0.382461, 0.374726, -1e-06, -0.382463, 0.923967, 0.0, 0.0, 0.0, 0.0, 1.0],
                [1.0, -0.0, 1e-06, -0.0, 0.0, 0.935162, 0.35423, 0.374726, -1e-06, -0.354232, 0.935154, 0.0, 0.0, 0.0, 0.0, 1.0],
                [1.0, -0.0, 1e-06, -0.0, -0.0, 0.939471, 0.34264, 0.374726, -1e-06, -0.342642, 0.939462, -0.0, 0.0, 0.0, 0.0, 1.0],
                [1.0, -0.0, 1e-06, -0.0, -0.0, 0.940073, 0.340983, 0.374726, -1e-06, -0.340985, 0.940064, 0.0, 0.0, 0.0, 0.0, 1.0],
                [1.000001, -0.0, 1e-06, 0.0, -0.0, 0.939753, 0.341865, 0.374726, -1e-06, -0.341868, 0.939745, -0.0, 0.0, 0.0, 0.0, 1.0],
                [1.0, -0.0, 1e-06, 0.0, -0.0, 0.940646, 0.339403, 0.374726, -1e-06, -0.339405, 0.940636, 0.0, 0.0, 0.0, 0.0, 1.0],
                [1.0, -0.0, 1e-06, 0.0, -0.0, 0.944078, 0.329734, 0.374726, -1e-06, -0.329736, 0.944069, 0.0, 0.0, 0.0, 0.0, 1.0],
                [1.0, -0.0, 1e-06, -0.0, -0.0, 0.950615, 0.310383, 0.374726, -1e-06, -0.310384, 0.950607, 0.0, 0.0, 0.0, 0.0, 1.0],
                [1.0, -0.0, 1e-06, -0.0, -0.0, 0.960319, 0.278919, 0.374726, -1e-06, -0.278921, 0.96031, -0.0, 0.0, 0.0, 0.0, 1.0],
                [1.0, -0.0, 1e-06, -0.0, -0.0, 0.972912, 0.231193, 0.374726, -1e-06, -0.231194, 0.972903, 0.0, 0.0, 0.0, 0.0, 1.0],
