{
    "animation": [
        {
            "name": "Root",
            "time": [0.0, 0.01, 0.02, 0.03, 0.04, 0.05, 0.06, 0.07, 0.08, 0.09, 0.1, 0.11, 0.12, 0.13, 0.14, 0.15, 0.16, 0.17, 0.18, 0.19, 0.2, 0.21, 0.22, 0.23, 0.24, 0.25, 0.26, 0.27, 0.28, 0.29, 0.3, 0.31, 0.32, 0.33, 0.34, 0.35, 0.36, 0.37, 0.38, 0.39, 0.4, 0.41, 0.42, 0.43, 0.44, 0.45, 0.46, 0.47, 0.48, 0.49, 0.5, 0.51, 0.52, 0.53, 0.54, 0.55, 0.56, 0.57, 0.58, 0.59, 0.6, 0.61, 0.62, 0.63, 0.64, 0.65, 0.66, 0.67, 0.68, 0.69, 0.7, 0.71, 0.72, 0.73, 0.74, 0.75, 0.76, 0.77, 0.78, 0.79, 0.8],
            "transform": [
                [0.846484, 0.267824, -0.460147, -0.024791, -0.392438, -0.270202, -0.879195, 0.06476, -0.359802, 0.924803, -0.123617, 0.715196, 0.0, 0.0, 0.0, 1.0],
                [0.854158, 0.274147, -0.44188, -0.020376, -0.374615, -0.264957, -0.888517, 0.064813, -0.360663, 0.924468, -0.123615, 0.715144, 0.0, 0.0, 0.0, 1.0],
                [0.873888, 0.291325, -0.389164, -0.008394, -0.32338, -0.249348, -0.912826, 0.065184, -0.362966, 0.923556, -0.123693, 0.715003, 0.0, 0.0, 0.0, 1.0],
                [0.898683, 0.316033, -0.304124, 0.009264, -0.241257, -0.222882, -0.94452, 0.066192, -0.366283, 0.922197, -0.124055, 0.714795, 0.0, 0.0, 0.0, 1.0],
                [0.919658, 0.344104, -0.189264, 0.030706, -0.131241, -0.184935, -0.973948, 0.068153, -0.370141, 0.920539, -0.124917, 0.714542, 0.0, 0.0, 0.0, 1.0],
                [0.927426, 0.370731, -0.049391, 0.05404, 0.00148, -0.135696, -0.990749, 0.071386, -0.374004, 0.918774, -0.126397, 0.714267, 0.0, 0.0, 0.0, 1.0],
                [0.914079, 0.391078, 0.107323, 0.077375, 0.148654, -0.076896, -0.985895, 0.07621, -0.377309, 0.91714, -0.128424, 0.713993, 0.0, 0.0, 0.0, 1.0],
                [0.875342, 0.40124, 0.269782, 0.098817, 0.299528, -0.012, -0.954012, 0.082942, -0.379551, 0.915894, -0.130686, 0.71374, 0.0, 0.0, 0.0, 1.0],
                [0.811913, 0.399168, 0.425983, 0.116475, 0.442841, 0.054329, -0.894953, 0.091901, -0.38038, 0.915267, -0.132657, 0.713532, 0.0, 0.0, 0.0, 1.0],
                [0.72919, 0.385036, 0.565712, 0.128457, 0.569338, 0.11729, -0.813694, 0.103403, -0.379654, 0.915418, -0.133689, 0.713391, 0.0, 0.0, 0.0, 1.0],
                [0.63552, 0.360876, 0.682556, 0.132872, 0.673556, 0.172997, -0.718606, 0.117768, -0.377408, 0.916428, -0.133127, 0.713339, 0.0, 0.0, 0.0, 1.0],
                [0.537704, 0.331533, 0.775216, 0.129791, 0.754736, 0.220581, -0.617834, 0.137239, -0.37583, 0.917295, -0.131613, 0.721953, 0.0, 0.0, 0.0, 1.0],
                [0.43814, 0.300437, 0.847214, 0.121101, 0.816199, 0.261933, -0.514986, 0.162601, -0.376634, 0.917131, -0.130453, 0.746016, 0.0, 0.0, 0.0, 1.0],
                [0.338328, 0.26795, 0.902074, 0.107627, 0.861208, 0.298202, -0.411578, 0.191982, -0.379283, 0.916121, -0.129871, 0.782854, 0.0, 0.0, 0.0, 1.0],
                [0.238813, 0.234026, 0.942444, 0.090198, 0.892213, 0.330212, -0.308083, 0.223514, -0.383306, 0.914435, -0.129942, 0.829797, 0.0, 0.0, 0.0, 1.0],
                [0.139628, 0.198366, 0.970131, 0.069638, 0.910895, 0.358457, -0.204397, 0.255325, -0.388296, 0.912228, -0.13064, 0.884171, 0.0, 0.0, 0.0, 1.0],
                [0.040596, 0.160542, 0.986194, 0.046777, 0.918259, 0.383103, -0.100165, 0.285546, -0.393895, 0.909647, -0.131867, 0.943306, 0.0, 0.0, 0.0, 1.0],
                [-0.058442, 0.120087, 0.991041, 0.022439, 0.914746, 0.403999, 0.004989, 0.312307, -0.39978, 0.906843, -0.13346, 1.004529, 0.0, 0.0, 0.0, 1.0],
                [-0.15746, 0.076586, 0.984551, -0.002548, 0.900356, 0.420688, 0.11127, 0.333737, -0.405667, 0.903967, -0.135196, 1.065169, 0.0, 0.0, 0.0, 1.0],
                [-0.256109, 0.029769, 0.96619, -0.027357, 0.874779, 0.432429, 0.218555, 0.347967, -0.411303, 0.901176, -0.13679, 1.122553, 0.0, 0.0, 0.0, 1.0],
                [-0.353597, -0.020385, 0.935176, -0.051161, 0.837564, 0.438239, 0.326242, 0.353126, -0.416481, 0.898628, -0.137886, 1.174009, 0.0, 0.0, 0.0, 1.0],
                [-0.448481, -0.073395, 0.890774, -0.073256, 0.788372, 0.437076, 0.432938, 0.352127, -0.421111, 0.896425, -0.138157, 1.217609, 0.0, 0.0, 0.0, 1.0],
                [-0.538411, -0.12788, 0.832923, -0.093426, 0.727442, 0.428407, 0.536, 0.349288, -0.425374, 0.894491, -0.137633, 1.254391, 0.0, 0.0, 0.0, 1.0],
                [-0.620996, -0.18222, 0.762339, -0.111575, 0.655676, 0.412159, 0.632625, 0.344842, -0.429482, 0.892704, -0.136472, 1.28614, 0.0, 0.0, 0.0, 1.0],
                [-0.694182, -0.234847, 0.68041, -0.12761, 0.574539, 0.388653, 0.720314, 0.339023, -0.433608, 0.890952, -0.134867, 1.314637, 0.0, 0.0, 0.0, 1.0],
                [-0.756404, -0.284368, 0.589058, -0.141437, 0.48592, 0.358568, 0.797064, 0.332066, -0.437877, 0.889137, -0.133042, 1.341665, 0.0, 0.0, 0.0, 1.0],
                [-0.806657, -0.329651, 0.490544, -0.152962, 0.391941, 0.32286, 0.861477, 0.324204, -0.442364, 0.887182, -0.131234, 1.369006, 0.0, 0.0, 0.0, 1.0],
                [-0.844523, -0.369883, 0.387257, -0.162089, 0.294767, 0.282665, 0.912806, 0.315672, -0.447095, 0.885035, -0.129688, 1.398444, 0.0, 0.0, 0.0, 1.0],
                [-0.870093, -0.404588, 0.281509, -0.168725, 0.196431, 0.239188, 0.950897, 0.306703, -0.452055, 0.882665, -0.128642, 1.43176, 0.0, 0.0, 0.0, 1.0],
                [-0.883875, -0.433597, 0.175381, -0.172776, 0.098704, 0.193608, 0.976101, 0.297532, -0.45719, 0.880062, -0.128327, 1.470738, 0.0, 0.0, 0.0, 1.0],
                [-0.886656, -0.457007, 0.070619, -0.174148, 0.003013, 0.147, 0.989132, 0.288393, -0.462422, 0.877232, -0.128961, 1.51716, 0.0, 0.0, 0.0, 1.0],
                [-0.87972, -0.474442, -0.031579, -0.172217, -0.089529, 0.10005, 0.990946, 0.279502, -0.466987, 0.874583, -0.130492, 1.572264, 0.0, 0.0, 0.0, 1.0],
                [-0.864312, -0.485764, -0.130375, -0.166761, -0.178144, 0.053257, 0.982563, 0.271005, -0.47035, 0.872466, -0.132567, 1.635116, 0.0, 0.0, 0.0, 1.0],
                [-0.84121, -0.491617, -0.225119, -0.158285, -0.262397, 0.007133, 0.964934, 0.263029, -0.472772, 0.870782, -0.135, 1.704234, 0.0, 0.0, 0.0, 1.0],
                [-0.811053, -0.492627, -0.315457, -0.147291, -0.342086, -0.038026, 0.938899, 0.255702, -0.474522, 0.869409, -0.13768, 1.778139, 0.0, 0.0, 0.0, 1.0],
                [-0.774292, -0.489357, -0.401251, -0.134283, -0.417157, -0.082106, 0.905119, 0.249152, -0.475871, 0.86821, -0.140565, 1.855351, 0.0, 0.0, 0.0, 1.0],
                [-0.731171, -0.482273, -0.482495, -0.119767, -0.487633, -0.125134, 0.864034, 0.243506, -0.477077, 0.867037, -0.143678, 1.93439, 0.0, 0.0, 0.0, 1.0],
                [-0.68172, -0.471718, -0.559232, -0.104244, -0.553543, -0.167242, 0.815856, 0.238893, -0.478381, 0.865744, -0.147104, 2.013776, 0.0, 0.0, 0.0, 1.0],
                [-0.625752, -0.457898, -0.631479, -0.08822, -0.614846, -0.208629, 0.760552, 0.235439, -0.48, 0.864178, -0.150987, 2.092029, 0.0, 0.0, 0.0, 1.0],
                [-0.56288, -0.440869, -0.699144, -0.072199, -0.671362, -0.249529, 0.697861, 0.233273, -0.482121, 0.862189, -0.155528, 2.16767, 0.0, 0.0, 0.0, 1.0],
                [-0.492538, -0.420529, -0.761946, -0.056684, -0.722691, -0.290168, 0.627311, 0.232523, -0.484895, 0.859626, -0.160994, 2.239219, 0.0, 0.0, 0.0, 1.0],
                [-0.414667, -0.395738, -0.819416, -0.04209, -0.768364, -0.330159, 0.548282, 0.233691, -0.487514, 0.856963, -0.167165, 2.305477, 0.0, 0.0, 0.0, 1.0],
                [-0.329914, -0.365484, -0.87039, -0.028482, -0.807427, -0.368451, 0.460765, 0.237034, -0.489098, 0.85479, -0.173544, 2.366374, 0.0, 0.0, 0.0, 1.0],
                [-0.238968, -0.329865, -0.913281, -0.015832, -0.838526, -0.404181, 0.365393, 0.24231, -0.489661, 0.853128, -0.180014, 2.422124, 0.0, 0.0, 0.0, 1.0],
                [-0.142942, -0.289204, -0.946535, -0.004116, -0.860364, -0.43642, 0.263273, 0.249278, -0.489226, 0.851997, -0.186438, 2.472938, 0.0, 0.0, 0.0, 1.0],
                [-0.04338, -0.244081, -0.968784, 0.006692, -0.871855, -0.464254, 0.156007, 0.257696, -0.48784, 0.851406, -0.192664, 2.519028, 0.0, 0.0, 0.0, 1.0],
                [0.057791, -0.195348, -0.97903, 0.016618, -0.87228, -0.486871, 0.045657, 0.267322, -0.48558, 0.85135, -0.198535, 2.560607, 0.0, 0.0, 0.0, 1.0],
                [0.158374, -0.144102, -0.976807, 0.025687, -0.861428, -0.503657, -0.065365, 0.277915, -0.482556, 0.851801, -0.2039, 2.597887, 0.0, 0.0, 0.0, 1.0],
                [0.256069, -0.091628, -0.962306, 0.033924, -0.839687, -0.514282, -0.174471, 0.289233, -0.478911, 0.852712, -0.20863, 2.631079, 0.0, 0.0, 0.0, 1.0],
                [0.348665, -0.0393, -0.936423, 0.041356, -0.808077, -0.51876, -0.279106, 0.301034, -0.47481, 0.854016, -0.212631, 2.660397, 0.0, 0.0, 0.0, 1.0],
                [0.434239, 0.011523, -0.900724, 0.048007, -0.768197, -0.517463, -0.376968, 0.313077, -0.470435, 0.855628, -0.215851, 2.686052, 0.0, 0.0, 0.0, 1.0],
                [0.511308, 0.059607, -0.857328, 0.053904, -0.722106, -0.5111, -0.466197, 0.32512, -0.465969, 0.857452, -0.218287, 2.708257, 0.0, 0.0, 0.0, 1.0],
                [0.578925, 0.103927, -0.808731, 0.059071, -0.672152, -0.500649, -0.545493, 0.336921, -0.461581, 0.859389, -0.219983, 2.727223, 0.0, 0.0, 0.0, 1.0],
                [0.636691, 0.143716, -0.757608, 0.063535, -0.620797, -0.487271, -0.614149, 0.348239, -0.457423, 0.861344, -0.221023, 2.743164, 0.0, 0.0, 0.0, 1.0],
                [0.684704, 0.178473, -0.706631, 0.067321, -0.570449, -0.472214, -0.672013, 0.358832, -0.453618, 0.863227, -0.221518, 2.75629, 0.0, 0.0, 0.0, 1.0],
                [0.723448, 0.207935, -0.658321, 0.070455, -0.523345, -0.45673, -0.71938, 0.368458, -0.45026, 0.864963, -0.221599, 2.766815, 0.0, 0.0, 0.0, 1.0],
                [0.753651, 0.232022, -0.61496, 0.072961, -0.481484, -0.442004, -0.756839, 0.376876, -0.447418, 0.866486, -0.221402, 2.774951, 0.0, 0.0, 0.0, 1.0],
                [0.776141, 0.250763, -0.578553, 0.074866, -0.446601, -0.429115, -0.785116, 0.383843, -0.445144, 0.867743, -0.221063, 2.780909, 0.0, 0.0, 0.0, 1.0],
                [0.791689, 0.264217, -0.550835, 0.076195, -0.420191, -0.419008, -0.804905, 0.38912, -0.443474, 0.86869, -0.220702, 2.784902, 0.0, 0.0, 0.0, 1.0],
                [0.800875, 0.272395, -0.533292, 0.076973, -0.40354, -0.412485, -0.816708, 0.392463, -0.442442, 0.869285, -0.220427, 2.787142, 0.0, 0.0, 0.0, 1.0],
                [0.803953, 0.275179, -0.527196, 0.077227, -0.397766, -0.410195, -0.820685, 0.393631, -0.442088, 0.869492, -0.220321, 2.787842, 0.0, 0.0, 0.0, 1.0],
                [0.803953, 0.275179, -0.527196, 0.077227, -0.397765, -0.410194, -0.820685, 0.393631, -0.442088, 0.869492, -0.220321, 2.787842, 0.0, 0.0, 0.0, 1.0],
                [0.803953, 0.275179, -0.527196, 0.077227, -0.397765, -0.410194, -0.820685, 0.393631, -0.442088, 0.869492, -0.220321, 2.787842, 0.0, 0.0, 0.0, 1.0],
                [0.803953, 0.275179, -0.527196, 0.077227, -0.397765, -0.410194, -0.820685, 0.393631, -0.442088, 0.869492, -0.220321, 2.787842, 0.0, 0.0, 0.0, 1.0],
                [0.803953, 0.275179, -0.527196, 0.077227, -0.397765, -0.410194, -0.820685, 0.393631, -0.442088, 0.869492, -0.220321, 2.787842, 0.0, 0.0, 0.0, 1.0],
                [0.803953, 0.275179, -0.527196, 0.077227, -0.397765, -0.410194, -0.820685, 0.393631, -0.442088, 0.869492, -0.220321, 2.787842, 0.0, 0.0, 0.0, 1.0],
                [0.803953, 0.275179, -0.527196, 0.077227, -0.397765, -0.410194, -0.820685, 0.393631, -0.442088, 0.869492, -0.220321, 2.787842, 0.0, 0.0, 0.0, 1.0],
                [0.803953, 0.275179, -0.527196, 0.077227, -0.397765, -0.410194, -0.820685, 0.393631, -0.442088, 0.869492, -0.220321, 2.787842, 0.0, 0.0, 0.0, 1.0],
                [0.803953, 0.275179, -0.527196, 0.077227, -0.397765, -0.410194, -0.820685, 0.393631, -0.442088, 0.869492, -0.220321, 2.787842, 0.0, 0.0, 0.0, 1.0],
                [0.803953, 0.275179, -0.527196, 0.077227, -0.397765, -0.410194, -0.820685, 0.393631, -0.442088, 0.869492, -0.220321, 2.787842, 0.0, 0.0, 0.0, 1.0],
                [0.803953, 0.275179, -0.527196, 0.077227, -0.397765, -0.410194, -0.820685, 0.393631, -0.442088, 0.869492, -0.220321, 2.787842, 0.0, 0.0, 0.0, 1.0],
                [0.804327, 0.27443, -0.527016, 0.076891, -0.397855, -0.410037, -0.82072, 0.393702, -0.441326, 0.869803, -0.220621, 2.729871, 0.0, 0.0, 0.0, 1.0],
                [0.80534, 0.272396, -0.526525, 0.075976, -0.398098, -0.409609, -0.820816, 0.393897, -0.439257, 0.870644, -0.221434, 2.572523, 0.0, 0.0, 0.0, 1.0],
                [0.806823, 0.269396, -0.525798, 0.074629, -0.398453, -0.408978, -0.820958, 0.394184, -0.436202, 0.871873, -0.222631, 2.340641, 0.0, 0.0, 0.0, 1.0],
                [0.808609, 0.265747, -0.52491, 0.072993, -0.398882, -0.40821, -0.821132, 0.394532, -0.432486, 0.873352, -0.224081, 2.059071, 0.0, 0.0, 0.0, 1.0],
                [0.810536, 0.261768, -0.523936, 0.071213, -0.399345, -0.407372, -0.821323, 0.394911, -0.428433, 0.874943, -0.225654, 1.752655, 0.0, 0.0, 0.0, 1.0],
                [0.812444, 0.257783, -0.522956, 0.069432, -0.399805, -0.406533, -0.821515, 0.39529, -0.424372, 0.876515, -0.227222, 1.44624, 0.0, 0.0, 0.0, 1.0],
                [0.814181, 0.254115, -0.522049, 0.067796, -0.400223, -0.40576, -0.821693, 0.395638, -0.420631, 0.877943, -0.22866, 1.164669, 0.0, 0.0, 0.0, 1.0],
                [0.8156, 0.25109, -0.521297, 0.066449, -0.400565, -0.405123, -0.821841, 0.395924, -0.417545, 0.879107, -0.22984, 0.932787, 0.0, 0.0, 0.0, 1.0],
                [0.816557, 0.249035, -0.520785, 0.065535, -0.400796, -0.40469, -0.821942, 0.396119, -0.415448, 0.879891, -0.23064, 0.775439, 0.0, 0.0, 0.0, 1.0],
                [0.816908, 0.248277, -0.520595, 0.065198, -0.400881, -0.40453, -0.821979, 0.396191, -0.414675, 0.880178, -0.230934, 0.717469, 0.0, 0.0, 0.0, 1.0]
            ]
        },
        {
            "name": "Thigh_R",
            "time": [0.0, 0.01, 0.02, 0.03, 0.04, 0.05, 0.06, 0.07, 0.08, 0.09, 0.1, 0.11, 0.12, 0.13, 0.14, 0.15, 0.16, 0.17, 0.18, 0.19, 0.2, 0.21, 0.22, 0.23, 0.24, 0.25, 0.26, 0.27, 0.28, 0.29, 0.3, 0.31, 0.32, 0.33, 0.34, 0.35, 0.36, 0.37, 0.38, 0.39, 0.4, 0.41, 0.42, 0.43, 0.44, 0.45, 0.46, 0.47, 0.48, 0.49, 0.5, 0.51, 0.52, 0.53, 0.54, 0.55, 0.56, 0.57, 0.58, 0.59, 0.6, 0.61, 0.62, 0.63, 0.64, 0.65, 0.66, 0.67, 0.68, 0.69, 0.7, 0.71, 0.72, 0.73, 0.74, 0.75, 0.76, 0.77, 0.78, 0.79, 0.8],
            "transform": [
                [0.907805, 0.394652, -0.141909, 0.10957, 0.406002, -0.9118, 0.061486, 0.0376, -0.105128, -0.113433, -0.987968, -0.066693, 0.0, 0.0, 0.0, 1.0],
                [0.909541, 0.391367, -0.139879, 0.10957, 0.402548, -0.91328, 0.062234, 0.0376, -0.103392, -0.112912, -0.988211, -0.066693, 0.0, 0.0, 0.0, 1.0],
                [0.91413, 0.382838, -0.133418, 0.10957, 0.393475, -0.917074, 0.064426, 0.037601, -0.09769, -0.11139, -0.988964, -0.066693, 0.0, 0.0, 0.0, 1.0],
                [0.92044, 0.371476, -0.121632, 0.10957, 0.381155, -0.921962, 0.068589, 0.0376, -0.086661, -0.109493, -0.990203, -0.066693, 0.0, 0.0, 0.0, 1.0],
                [0.927008, 0.360224, -0.10438, 0.10957, 0.368562, -0.92651, 0.075756, 0.0376, -0.06942, -0.108697, -0.991649, -0.066693, 0.0, 0.0, 0.0, 1.0],
                [0.932162, 0.352327, -0.0833, 0.10957, 0.358989, -0.929317, 0.086568, 0.0376, -0.046912, -0.110599, -0.992757, -0.066693, 0.0, 0.0, 0.0, 1.0],
                [0.934429, 0.350605, -0.062586, 0.109571, 0.3554, -0.92934, 0.100076, 0.0376, -0.023077, -0.115757, -0.99301, -0.066693, 0.0, 0.0, 0.0, 1.0],
                [0.933047, 0.356365, -0.049243, 0.10957, 0.35971, -0.926245, 0.112582, 0.0376, -0.005491, -0.122757, -0.992422, -0.066693, 0.0, 0.0, 0.0, 1.0],
                [0.928177, 0.368434, -0.052384, 0.10957, 0.372105, -0.920782, 0.117029, 0.0376, -0.005117, -0.128116, -0.991746, -0.066693, 0.0, 0.0, 0.0, 1.0],
                [0.920168, 0.382997, -0.081255, 0.10957, 0.389981, -0.914988, 0.103482, 0.0376, -0.034714, -0.126909, -0.991307, -0.066693, 0.0, 0.0, 0.0, 1.0],
                [0.907805, 0.394652, -0.141909, 0.10957, 0.406002, -0.9118, 0.061486, 0.0376, -0.105127, -0.113433, -0.987969, -0.066693, 0.0, 0.0, 0.0, 1.0],
                [0.893763, 0.397118, -0.208531, 0.10957, 0.407268, -0.913286, 0.006318, 0.0376, -0.18794, -0.090575, -0.977996, -0.066693, 0.0, 0.0, 0.0, 1.0],
                [0.884943, 0.38971, -0.254953, 0.10957, 0.39482, -0.918162, -0.033044, 0.0376, -0.246966, -0.071418, -0.966389, -0.066693, 0.0, 0.0, 0.0, 1.0],
                [0.882215, 0.375894, -0.28355, 0.10957, 0.377113, -0.924676, -0.052499, 0.0376, -0.281926, -0.060615, -0.95752, -0.066693, 0.0, 0.0, 0.0, 1.0],
                [0.884544, 0.359807, -0.296851, 0.10957, 0.360431, -0.931181, -0.054671, 0.0376, -0.296093, -0.058635, -0.953358, -0.066693, 0.0, 0.0, 0.0, 1.0],
                [0.890192, 0.345706, -0.296724, 0.10957, 0.348716, -0.936168, -0.044537, 0.0376, -0.29318, -0.063826, -0.953924, -0.066693, 0.0, 0.0, 0.0, 1.0],
                [0.897358, 0.337247, -0.284625, 0.10957, 0.344164, -0.938521, -0.026969, 0.0376, -0.276222, -0.073757, -0.95826, -0.066693, 0.0, 0.0, 0.0, 1.0],
                [0.904345, 0.337024, -0.261868, 0.10957, 0.347773, -0.937561, -0.00563, 0.037601, -0.247415, -0.085979, -0.965088, -0.066693, 0.0, 0.0, 0.0, 1.0],
                [0.909512, 0.346432, -0.229723, 0.10957, 0.359706, -0.932904, 0.017275, 0.0376, -0.208325, -0.098345, -0.973103, -0.066693, 0.0, 0.0, 0.0, 1.0],
                [0.91121, 0.365825, -0.189389, 0.109571, 0.379477, -0.924319, 0.04036, 0.0376, -0.160291, -0.108645, -0.981072, -0.066693, 0.0, 0.0, 0.0, 1.0],
                [0.907805, 0.394653, -0.141909, 0.10957, 0.406002, -0.9118, 0.061486, 0.037601, -0.105127, -0.113432, -0.987969, -0.066693, 0.0, 0.0, 0.0, 1.0],
                [0.898196, 0.418734, -0.133813, 0.10957, 0.428878, -0.901517, 0.057687, 0.0376, -0.096479, -0.109204, -0.989327, -0.066693, 0.0, 0.0, 0.0, 1.0],
                [0.882124, 0.422231, -0.20875, 0.10957, 0.432624, -0.901561, 0.004599, 0.037601, -0.186259, -0.094367, -0.977958, -0.066693, 0.0, 0.0, 0.0, 1.0],
                [0.853735, 0.412509, -0.317761, 0.10957, 0.410946, -0.908539, -0.075348, 0.0376, -0.31978, -0.066255, -0.945173, -0.066693, 0.0, 0.0, 0.0, 1.0],
                [0.827389, 0.405312, -0.388778, 0.10957, 0.380581, -0.913685, -0.142602, 0.0376, -0.41302, -0.029975, -0.910229, -0.066693, 0.0, 0.0, 0.0, 1.0],
                [0.821454, 0.406545, -0.399919, 0.10957, 0.362374, -0.913605, -0.184411, 0.0376, -0.44034, 0.006564, -0.897807, -0.066693, 0.0, 0.0, 0.0, 1.0],
                [0.833829, 0.413361, -0.36587, 0.10957, 0.36003, -0.90964, -0.207199, 0.037601, -0.418459, 0.041045, -0.907308, -0.066693, 0.0, 0.0, 0.0, 1.0],
                [0.854007, 0.421975, -0.304317, 0.10957, 0.368779, -0.903583, -0.218031, 0.037601, -0.366979, 0.073974, -0.927283, -0.066693, 0.0, 0.0, 0.0, 1.0],
                [0.873499, 0.430009, -0.228231, 0.10957, 0.38358, -0.896612, -0.221248, 0.0376, -0.299774, 0.105715, -0.948135, -0.066693, 0.0, 0.0, 0.0, 1.0],
                [0.887609, 0.436458, -0.147151, 0.10957, 0.400937, -0.8894, -0.219579, 0.0376, -0.226714, 0.135902, -0.964433, -0.066693, 0.0, 0.0, 0.0, 1.0],
                [0.894692, 0.44131, -0.069074, 0.10957, 0.418546, -0.882265, -0.215463, 0.0376, -0.156028, 0.163862, -0.974066, -0.066693, 0.0, 0.0, 0.0, 1.0],
                [0.896961, 0.441913, -0.013174, 0.10957, 0.429573, -0.878181, -0.210384, 0.0376, -0.10454, 0.183047, -0.97753, -0.066693, 0.0, 0.0, 0.0, 1.0],
                [0.898903, 0.438068, 0.008252, 0.10957, 0.430291, -0.879081, -0.205094, 0.0376, -0.082591, 0.18791, -0.978708, -0.066693, 0.0, 0.0, 0.0, 1.0],
                [0.901718, 0.432322, -0.000554, 0.10957, 0.42333, -0.883218, -0.201774, 0.0376, -0.087721, 0.181709, -0.979432, -0.066693, 0.0, 0.0, 0.0, 1.0],
                [0.904175, 0.425948, -0.032183, 0.10957, 0.411501, -0.888761, -0.201911, 0.0376, -0.114607, 0.169319, -0.978875, -0.066693, 0.0, 0.0, 0.0, 1.0],
                [0.904283, 0.42018, -0.075636, 0.10957, 0.398206, -0.893982, -0.205487, 0.037601, -0.153959, 0.1557, -0.975733, -0.066693, 0.0, 0.0, 0.0, 1.0],
                [0.901385, 0.416735, -0.117623, 0.10957, 0.387352, -0.897425, -0.211153, 0.0376, -0.193553, 0.144768, -0.970351, -0.066693, 0.0, 0.0, 0.0, 1.0],
                [0.89705, 0.417248, -0.145621, 0.109571, 0.382507, -0.898101, -0.217028, 0.037601, -0.221337, 0.138984, -0.965243, -0.066693, 0.0, 0.0, 0.0, 1.0],
                [0.893883, 0.422317, -0.150402, 0.10957, 0.385919, -0.895619, -0.221203, 0.037601, -0.228121, 0.139687, -0.963561, -0.066693, 0.0, 0.0, 0.0, 1.0],
                [0.89345, 0.431066, -0.12621, 0.10957, 0.398172, -0.890145, -0.221577, 0.0376, -0.20786, 0.147714, -0.966941, -0.066693, 0.0, 0.0, 0.0, 1.0],
                [0.894692, 0.44131, -0.069074, 0.109571, 0.418547, -0.882265, -0.215464, 0.0376, -0.156028, 0.163863, -0.974066, -0.066693, 0.0, 0.0, 0.0, 1.0],
                [0.893247, 0.449566, 0.000437, 0.109571, 0.440147, -0.874331, -0.204481, 0.0376, -0.091546, 0.182844, -0.978871, -0.066693, 0.0, 0.0, 0.0, 1.0],
                [0.888452, 0.455155, 0.059047, 0.10957, 0.457493, -0.86792, -0.193422, 0.037601, -0.036789, 0.198859, -0.979338, -0.066693, 0.0, 0.0, 0.0, 1.0],
                [0.88209, 0.458985, 0.106061, 0.10957, 0.47103, -0.862666, -0.184218, 0.0376, 0.006942, 0.212454, -0.977146, -0.066693, 0.0, 0.0, 0.0, 1.0],
                [0.875961, 0.461511, 0.140351, 0.10957, 0.480909, -0.858217, -0.179409, 0.0376, 0.037652, 0.224652, -0.973712, -0.066693, 0.0, 0.0, 0.0, 1.0],
                [0.87178, 0.462775, 0.160739, 0.109571, 0.487014, -0.854212, -0.182035, 0.0376, 0.053064, 0.236976, -0.970066, -0.066693, 0.0, 0.0, 0.0, 1.0],
                [0.870803, 0.462637, 0.166341, 0.109571, 0.488949, -0.850274, -0.194833, 0.0376, 0.051299, 0.250993, -0.966629, -0.066693, 0.0, 0.0, 0.0, 1.0],
                [0.873286, 0.460927, 0.157852, 0.10957, 0.486156, -0.845672, -0.220202, 0.037601, 0.031994, 0.26904, -0.962598, -0.066693, 0.0, 0.0, 0.0, 1.0],
                [0.878181, 0.457836, 0.138505, 0.10957, 0.478322, -0.839101, -0.259063, 0.037601, -0.002388, 0.293754, -0.955878, -0.066693, 0.0, 0.0, 0.0, 1.0],
                [0.883565, 0.453754, 0.115835, 0.109571, 0.466047, -0.827706, -0.312572, 0.037601, -0.045953, 0.330161, -0.942805, -0.066693, 0.0, 0.0, 0.0, 1.0],
                [0.887789, 0.445824, 0.114322, 0.10957, 0.451241, -0.794229, -0.406915, 0.0376, -0.090615, 0.41284, -0.906285, -0.066693, 0.0, 0.0, 0.0, 1.0],
                [0.890352, 0.447437, 0.084093, 0.109571, 0.436633, -0.786893, -0.436061, 0.0376, -0.128938, 0.424965, -0.89598, -0.066693, 0.0, 0.0, 0.0, 1.0],
                [0.891731, 0.448016, 0.064002, 0.10957, 0.424623, -0.779342, -0.460781, 0.0376, -0.156558, 0.438068, -0.885204, -0.066693, 0.0, 0.0, 0.0, 1.0],
                [0.892617, 0.447471, 0.054815, 0.10957, 0.416453, -0.771897, -0.480355, 0.0376, -0.172633, 0.451599, -0.87536, -0.066693, 0.0, 0.0, 0.0, 1.0],
                [0.893403, 0.445887, 0.054899, 0.109571, 0.412154, -0.764853, -0.495103, 0.0376, -0.178771, 0.464952, -0.867099, -0.066693, 0.0, 0.0, 0.0, 1.0],
                [0.894159, 0.443506, 0.061479, 0.109571, 0.410979, -0.758465, -0.505792, 0.037599, -0.177692, 0.477524, -0.860463, -0.066693, 0.0, 0.0, 0.0, 1.0],
                [0.894806, 0.440681, 0.071562, 0.10957, 0.411863, -0.752939, -0.513274, 0.037601, -0.172308, 0.488753, -0.855237, -0.066693, 0.0, 0.0, 0.0, 1.0],
                [0.895271, 0.437828, 0.082435, 0.109571, 0.413745, -0.748436, -0.518321, 0.0376, -0.165238, 0.498143, -0.851204, -0.066693, 0.0, 0.0, 0.0, 1.0],
                [0.895548, 0.435374, 0.091879, 0.109571, 0.415735, -0.745082, -0.52155, 0.0376, -0.158612, 0.505269, -0.84826, -0.066693, 0.0, 0.0, 0.0, 1.0],
                [0.895683, 0.433705, 0.098237, 0.109571, 0.417173, -0.74299, -0.523384, 0.037601, -0.154005, 0.509767, -0.846416, -0.066693, 0.0, 0.0, 0.0, 1.0],
                [0.895724, 0.433107, 0.100472, 0.109571, 0.417684, -0.742266, -0.524003, 0.0376, -0.152373, 0.511327, -0.84577, -0.066693, 0.0, 0.0, 0.0, 1.0],
                [0.895724, 0.433107, 0.100472, 0.10957, 0.417684, -0.742266, -0.524003, 0.0376, -0.152373, 0.511327, -0.84577, -0.066693, 0.0, 0.0, 0.0, 1.0],
                [0.895724, 0.433107, 0.100472, 0.10957, 0.417683, -0.742266, -0.524003, 0.0376, -0.152373, 0.511327, -0.84577, -0.066693, 0.0, 0.0, 0.0, 1.0],
                [0.895724, 0.433107, 0.100472, 0.10957, 0.417683, -0.742266, -0.524003, 0.0376, -0.152373, 0.511327, -0.84577, -0.066693, 0.0, 0.0, 0.0, 1.0],
                [0.895724, 0.433107, 0.100472, 0.10957, 0.417683, -0.742266, -0.524003, 0.0376, -0.152373, 0.511327, -0.84577, -0.066693, 0.0, 0.0, 0.0, 1.0],
                [0.895724, 0.433107, 0.100472, 0.10957, 0.417683, -0.742266, -0.524003, 0.0376, -0.152373, 0.511327, -0.84577, -0.066693, 0.0, 0.0, 0.0, 1.0],
                [0.895724, 0.433107, 0.100472, 0.10957, 0.417683, -0.742266, -0.524003, 0.0376, -0.152373, 0.511327, -0.84577, -0.066693, 0.0, 0.0, 0.0, 1.0],
                [0.895724, 0.433107, 0.100472, 0.10957, 0.417683, -0.742266, -0.524003, 0.0376, -0.152373, 0.511327, -0.84577, -0.066693, 0.0, 0.0, 0.0, 1.0],
                [0.895724, 0.433107, 0.100472, 0.10957, 0.417683, -0.742266, -0.524003, 0.0376, -0.152373, 0.511327, -0.84577, -0.066693, 0.0, 0.0, 0.0, 1.0],
                [0.895724, 0.433107, 0.100472, 0.10957, 0.417683, -0.742266, -0.524003, 0.0376, -0.152373, 0.511327, -0.84577, -0.066693, 0.0, 0.0, 0.0, 1.0],
                [0.895724, 0.433107, 0.100472, 0.10957, 0.417683, -0.742266, -0.524003, 0.0376, -0.152373, 0.511327, -0.84577, -0.066693, 0.0, 0.0, 0.0, 1.0],
                [0.896569, 0.432711, 0.09446, 0.10957, 0.414418, -0.744357, -0.52363, 0.037601, -0.156268, 0.508616, -0.846693, -0.066693, 0.0, 0.0, 0.0, 1.0],
                [0.898676, 0.431601, 0.078108, 0.10957, 0.405604, -0.749984, -0.522501, 0.0376, -0.166932, 0.501239, -0.849054, -0.066693, 0.0, 0.0, 0.0, 1.0],
                [0.901278, 0.429872, 0.053922, 0.10957, 0.39275, -0.758153, -0.520528, 0.037601, -0.182879, 0.490317, -0.852141, -0.066693, 0.0, 0.0, 0.0, 1.0],
                [0.903624, 0.427627, 0.02445, 0.109571, 0.377388, -0.767865, -0.517649, 0.0376, -0.202586, 0.476986, -0.855245, -0.066693, 0.0, 0.0, 0.0, 1.0],
                [0.905157, 0.425006, -0.007695, 0.10957, 0.361013, -0.77817, -0.513925, 0.0376, -0.224409, 0.462404, -0.857801, -0.066693, 0.0, 0.0, 0.0, 1.0],
                [0.905624, 0.422204, -0.039851, 0.10957, 0.345034, -0.788193, -0.509608, 0.0376, -0.246569, 0.447762, -0.859484, -0.066693, 0.0, 0.0, 0.0, 1.0],
                [0.905114, 0.419474, -0.069352, 0.10957, 0.330735, -0.79715, -0.505137, 0.037601, -0.267176, 0.434268, -0.860248, -0.066693, 0.0, 0.0, 0.0, 1.0],
                [0.904022, 0.417117, -0.093573, 0.10957, 0.319257, -0.804341, -0.501106, 0.0376, -0.284285, 0.423137, -0.860312, -0.066693, 0.0, 0.0, 0.0, 1.0],
                [0.902938, 0.415464, -0.109955, 0.10957, 0.311631, -0.809124, -0.498198, 0.0376, -0.295951, 0.415577, -0.860063, -0.066693, 0.0, 0.0, 0.0, 1.0],
                [0.90247, 0.414844, -0.115976, 0.10957, 0.308856, -0.810866, -0.497094, 0.0376, -0.300258, 0.412791, -0.859912, -0.066693, 0.0, 0.0, 0.0, 1.0]
            ]
        },
        {
            "name": "Leg_R",
            "time": [0.0, 0.01, 0.02, 0.03, 0.04, 0.05, 0.06, 0.07, 0.08, 0.09, 0.1, 0.11, 0.12, 0.13, 0.14, 0.15, 0.16, 0.17, 0.18, 0.19, 0.2, 0.21, 0.22, 0.23, 0.24, 0.25, 0.26, 0.27, 0.28, 0.29, 0.3, 0.31, 0.32, 0.33, 0.34, 0.35, 0.36, 0.37, 0.38, 0.39, 0.4, 0.41, 0.42, 0.43, 0.44, 0.45, 0.46, 0.47, 0.48, 0.49, 0.5, 0.51, 0.52, 0.53, 0.54, 0.55, 0.56, 0.57, 0.58, 0.59, 0.6, 0.61, 0.62, 0.63, 0.64, 0.65, 0.66, 0.67, 0.68, 0.69, 0.7, 0.71, 0.72, 0.73, 0.74, 0.75, 0.76, 0.77, 0.78, 0.79, 0.8],
            "transform": [
                [1.0, -0.0, 1e-06, 0.0, -0.0, 0.920137, 0.391605, 0.374726, -1e-06, -0.391607, 0.920129, -0.0, 0.0, 0.0, 0.0, 1.0],
                [1.0, -0.0, 1e-06, 0.0, -0.0, 0.9185, 0.395429, 0.374726, -1e-06, -0.395431, 0.918492, -0.0, 0.0, 0.0, 0.0, 1.0],
                [1.0, -0.0, 1e-06, -0.0, -0.0, 0.914793, 0.40393, 0.374726, -1e-06, -0.403932, 0.914785, 0.0, 0.0, 0.0, 0.0, 1.0],
                [1.0, -0.0, 1e-06, 0.0, -0.0, 0.91112, 0.412148, 0.374726, -1e-06, -0.412151, 0.911112, -0.0, 0.0, 0.0, 0.0, 1.0],
                [1.0, -0.0, 1e-06, 0.0, -0.0, 0.909086, 0.416617, 0.374726, -1e-06, -0.41662, 0.909077, -0.0, 0.0, 0.0, 0.0, 1.0],
                [1.0, -0.0, 1e-06, -0.0, -0.0, 0.909216, 0.416331, 0.374726, -1e-06, -0.416334, 0.909209, 0.0, 0.0, 0.0, 0.0, 1.0],
                [1.0, -0.0, 1e-06, 0.0, -0.0, 0.911004, 0.412405, 0.374726, -1e-06, -0.412407, 0.910995, -0.0, 0.0, 0.0, 0.0, 1.0],
                [1.0, -0.0, 1e-06, 0.0, -0.0, 0.913482, 0.406888, 0.374726, -1e-06, -0.40689, 0.913473, 0.0, 0.0, 0.0, 0.0, 1.0],
                [1.0, -0.0, 1e-06, -0.0, -0.0, 0.915869, 0.401484, 0.374726, -1e-06, -0.401486, 0.915861, 0.0, 0.0, 0.0, 0.0, 1.0],
                [1.0, -0.0, 1e-06, 0.0, -0.0, 0.917945, 0.396717, 0.374726, -1e-06, -0.39672, 0.917936, 0.0, 0.0, 0.0, 0.0, 1.0],
                [1.0, -0.0, 1e-06, -0.0, -0.0, 0.920137, 0.391606, 0.374726, -1e-06, -0.391608, 0.920127, 0.0, 0.0, 0.0, 0.0, 1.0],
                [1.0, -0.0, 1e-06, 0.0, -0.0, 0.922407, 0.386228, 0.374726, -1e-06, -0.38623, 0.922399, -0.0, 0.0, 0.0, 0.0, 1.0],
                [1.0, -0.0, 1e-06, 0.0, -0.0, 0.922963, 0.384896, 0.374726, -1e-06, -0.384899, 0.922955, 0.0, 0.0, 0.0, 0.0, 1.0],
                [1.0, -0.0, 1e-06, 0.0, -0.0, 0.921879, 0.387487, 0.374726, -1e-06, -0.387489, 0.92187, 0.0, 0.0, 0.0, 0.0, 1.0],
                [1.0, -0.0, 1e-06, 0.0, -0.0, 0.920428, 0.390921, 0.374726, -1e-06, -0.390923, 0.92042, -0.0, 0.0, 0.0, 0.0, 1.0],
                [1.0, -0.0, 1e-06, -0.0, -0.0, 0.919946, 0.392054, 0.374726, -1e-06, -0.392057, 0.919937, 0.0, 0.0, 0.0, 0.0, 1.0],
                [1.0, -0.0, 1e-06, -0.0, -0.0, 0.921038, 0.389481, 0.374726, -1e-06, -0.389484, 0.921029, -0.0, 0.0, 0.0, 0.0, 1.0],
                [1.0, -0.0, 1e-06, 0.0, -0.0, 0.923221, 0.384279, 0.374726, -1e-06, -0.384281, 0.923213, 0.0, 0.0, 0.0, 0.0, 1.0],
                [1.0, -0.0, 1e-06, -0.0, -0.0, 0.924999, 0.379979, 0.374726, -1e-06, -0.379981, 0.92499, 0.0, 0.0, 0.0, 0.0, 1.0],
                [1.0, -0.0, 1e-06, 0.0, -0.0, 0.924443, 0.38133, 0.374726, -1e-06, -0.381332, 0.924434, 0.0, 0.0, 0.0, 0.0, 1.0],
                [1.0, -0.0, 1e-06, 0.0, -0.0, 0.920137, 0.391604, 0.374726, -1e-06, -0.391606, 0.920128, 0.0, 0.0, 0.0, 0.0, 1.0],
                [1.0, -0.0, 1e-06, 0.0, -0.0, 0.913119, 0.407698, 0.374726, -1e-06, -0.4077, 0.913112, 0.0, 0.0, 0.0, 0.0, 1.0],
                [1.0, -0.0, 1e-06, 0.0, -0.0, 0.905732, 0.423856, 0.374726, -1e-06, -0.423859, 0.905724, -0.0, 0.0, 0.0, 0.0, 1.0],
                [1.0, -0.0, 1e-06, 0.0, -0.0, 0.899552, 0.436822, 0.374726, -1e-06, -0.436824, 0.899543, -0.0, 0.0, 0.0, 0.0, 1.0],
                [1.0, -0.0, 1e-06, -0.0, -0.0, 0.895795, 0.444474, 0.374726, -1e-06, -0.444477, 0.895786, 0.0, 0.0, 0.0, 0.0, 1.0],
                [1.0, -0.0, 1e-06, -0.0, -0.0, 0.895121, 0.44583, 0.374726, -1e-06, -0.445833, 0.895113, -0.0, 0.0, 0.0, 0.0, 1.0],
                [1.0, -0.0, 1e-06, 0.0, -0.0, 0.897636, 0.440745, 0.374726, -1e-06, -0.440747, 0.897628, -0.0, 0.0, 0.0, 0.0, 1.0],
                [1.0, -0.0, 1e-06, 0.0, -0.0, 0.902925, 0.429807, 0.374726, -1e-06, -0.429809, 0.902915, -0.0, 0.0, 0.0, 0.0, 1.0],
                [1.0, -0.0, 1e-06, 0.0, -0.0, 0.910242, 0.414087, 0.374726, -1e-06, -0.414089, 0.910232, -0.0, 0.0, 0.0, 0.0, 1.0],
                [1.0, -0.0, 1e-06, 0.0, -0.0, 0.918647, 0.395086, 0.374726, -1e-06, -0.395088, 0.918639, -0.0, 0.0, 0.0, 0.0, 1.0],
                [1.0, -0.0, 1e-06, 0.0, -0.0, 0.927259, 0.374431, 0.374726, -1e-06, -0.374433, 0.92725, 0.0, 0.0, 0.0, 0.0, 1.0],
                [1.0, -0.0, 1e-06, -0.0, -0.0, 0.933118, 0.359584, 0.374726, -1e-06, -0.359586, 0.933108, 0.0, 0.0, 0.0, 0.0, 1.0],
                [1.000001, -0.0, 1e-06, -0.0, -0.0, 0.933945, 0.357431, 0.374726, -1e-06, -0.357434, 0.933933, -0.0, 0.0, 0.0, 0.0, 1.0],
                [1.0, -0.0, 1e-06, 0.0, -0.0, 0.930899, 0.365288, 0.374726, -1e-06, -0.365291, 0.930889, 0.0, 0.0, 0.0, 0.0, 1.0],
                [1.0, -0.0, 1e-06, 0.0, -0.0, 0.925701, 0.378267, 0.374726, -1e-06, -0.378269, 0.925691, -0.0, 0.0, 0.0, 0.0, 1.0],
                [1.0, -0.0, 1e-06, 0.0, -0.0, 0.920187, 0.391488, 0.374726, -1e-06, -0.391491, 0.920178, 0.0, 0.0, 0.0, 0.0, 1.0],
                [1.0, -0.0, 1e-06, -0.0, -0.0, 0.915955, 0.401288, 0.374726, -1e-06, -0.40129, 0.915947, 0.0, 0.0, 0.0, 0.0, 1.0],
                [1.0, -0.0, 1e-06, 0.0, -0.0, 0.914145, 0.405397, 0.374726, -1e-06, -0.405399, 0.914136, -0.0, 0.0, 0.0, 0.0, 1.0],
                [1.0, -0.0, 1e-06, -0.0, -0.0, 0.915372, 0.402621, 0.374726, -1e-06, -0.402623, 0.915362, -0.0, 0.0, 0.0, 0.0, 1.0],
                [1.0, -0.0, 1e-06, 0.0, -0.0, 0.919786, 0.39243, 0.374726, -1e-06, -0.392432, 0.919777, 0.0, 0.0, 0.0, 0.0, 1.0],
                [1.0, -0.0, 1e-06, 0.0, -0.0, 0.927259, 0.374429, 0.374726, -1e-06, -0.374431, 0.927251, 0.0, 0.0, 0.0, 0.0, 1.0],
                [1.0, -0.0, 1e-06, -0.0, -0.0, 0.935345, 0.35375, 0.374726, -1e-06, -0.353752, 0.935334, -0.0, 0.0, 0.0, 0.0, 1.0],
                [1.0, -0.0, 1e-06, 0.0, -0.0, 0.941897, 0.335913, 0.374726, -1e-06, -0.335915, 0.941888, 0.0, 0.0, 0.0, 0.0, 1.0],
                [1.0, -0.0, 1e-06, 0.0, -0.0, 0.94728, 0.320417, 0.374726, -1e-06, -0.320418, 0.947272, 0.0, 0.0, 0.0, 0.0, 1.0],
                [1.0, -0.0, 1e-06, 0.0, -0.0, 0.951999, 0.306115, 0.374725, -1e-06, -0.306117, 0.951989, -0.0, 0.0, 0.0, 0.0, 1.0],
                [1.0, -0.0, 1e-06, -0.0, -0.0, 0.956713, 0.291047, 0.374726, -1e-06, -0.291048, 0.956704, -0.0, 0.0, 0.0, 0.0, 1.0],
                [1.0, -0.0, 1e-06, 0.0, -0.0, 0.961949, 0.273246, 0.374726, -1e-06, -0.273248, 0.961939, 0.0, 0.0, 0.0, 0.0, 1.0],
                [1.0, -0.0, 1e-06, -0.0, -0.0, 0.968451, 0.249221, 0.374726, -1e-06, -0.249223, 0.968441, 0.0, 0.0, 0.0, 0.0, 1.0],
                [1.000001, -0.0, 1e-06, -0.0, -0.0, 0.976718, 0.21455, 0.374726, -1e-06, -0.214552, 0.976707, 0.0, 0.0, 0.0, 0.0, 1.0],
                [1.000001, -0.0, 1e-06, -0.0, -0.0, 0.987306, 0.158856, 0.374726, -1e-06, -0.158857, 0.987296, -0.0, 0.0, 0.0, 0.0, 1.0],
                [1.0, -0.0, 1e-06, 0.0, 0.0, 0.999994, 0.00468, 0.374726, -1e-06, -0.00468, 0.999983, 0.0, 0.0, 0.0, 0.0, 1.0],
                [1.0, 0.0, 1e-06, 0.0, -0.0, 0.999994, 0.004684, 0.374726, -1e-06, -0.004684, 0.999983, -0.0, 0.0, 0.0, 0.0, 1.0],
                [1.000001, -0.0, 1e-06, -0.0, 0.0, 0.999995, 0.004689, 0.374726, -1e-06, -0.004689, 0.999983, -0.0, 0.0, 0.0, 0.0, 1.0],
                [1.0, -0.0, 1e-06, 0.0, -0.0, 0.999995, 0.004694, 0.374727, -1e-06, -0.004695, 0.999983, -0.0, 0.0, 0.0, 0.0, 1.0],
                [1.0, -0.0, 1e-06, 0.0, -0.0, 0.999994, 0.0047, 0.374726, -1e-06, -0.0047, 0.999983, -0.0, 0.0, 0.0, 0.0, 1.0],
                [1.0, -0.0, 1e-06, 0.0, -0.0, 0.999995, 0.004705, 0.374726, -1e-06, -0.004706, 0.999983, -0.0, 0.0, 0.0, 0.0, 1.0],
                [1.0, 0.0, 1e-06, 0.0, 0.0, 0.999995, 0.00471, 0.374726, -1e-06, -0.004711, 0.999983, -0.0, 0.0, 0.0, 0.0, 1.0],
                [1.0, -0.0, 1e-06, 0.0, -0.0, 0.999994, 0.004715, 0.374726, -1e-06, -0.004715, 0.999983, -0.0, 0.0, 0.0, 0.0, 1.0],
                [1.0, -0.0, 1e-06, -0.0, -0.0, 0.999994, 0.004718, 0.374727, -1e-06, -0.004718, 0.999983, -0.0, 0.0, 0.0, 0.0, 1.0],
                [1.0, -0.0, 1e-06, 0.0, -0.0, 0.999994, 0.00472, 0.374726, -1e-06, -0.00472, 0.999984, 0.0, 0.0, 0.0, 0.0, 1.0],
                [1.0, -0.0, 1e-06, -0.0, -0.0, 0.999995, 0.004721, 0.374726, -1e-06, -0.004721, 0.999983, -0.0, 0.0, 0.0, 0.0, 1.0],
                [1.0, 0.0, 1e-06, 0.0, 0.0, 0.999994, 0.004721, 0.374725, -1e-06, -0.004721, 0.999983, 0.0, 0.0, 0.0, 0.0, 1.0],
                [1.0, -0.0, 1e-06, 0.0, -0.0, 0.999995, 0.004721, 0.374726, -1e-06, -0.004721, 0.999984, -0.0, 0.0, 0.0, 0.0, 1.0],
                [1.0, -0.0, 1e-06, -0.0, -0.0, 0.999995, 0.004721, 0.374726, -1e-06, -0.004721, 0.999983, -0.0, 0.0, 0.0, 0.0, 1.0],
                [1.0, 0.0, 1e-06, -0.0, -0.0, 0.999995, 0.004721, 0.374726, -1e-06, -0.004721, 0.999983, -0.0, 0.0, 0.0, 0.0, 1.0],
                [1.0, -0.0, 1e-06, -0.0, -0.0, 0.999995, 0.004721, 0.374726, -1e-06, -0.004721, 0.999983, -0.0, 0.0, 0.0, 0.0, 1.0],
                [1.0, 0.0, 1e-06, -0.0, -0.0, 0.999995, 0.004721, 0.374726, -1e-06, -0.004721, 0.999983, -0.0, 0.0, 0.0, 0.0, 1.0],
                [1.0, -0.0, 1e-06, -0.0, -0.0, 0.999995, 0.004721, 0.374726, -1e-06, -0.004721, 0.999983, -0.0, 0.0, 0.0, 0.0, 1.0],
                [1.0, 0.0, 1e-06, -0.0, -0.0, 0.999995, 0.004721, 0.374726, -1e-06, -0.004721, 0.999983, -0.0, 0.0, 0.0, 0.0, 1.0],
                [1.0, -0.0, 1e-06, -0.0, -0.0, 0.999995, 0.004721, 0.374726, -1e-06, -0.004721, 0.999983, -0.0, 0.0, 0.0, 0.0, 1.0],
                [1.0, 0.0, 1e-06, -0.0, -0.0, 0.999995, 0.004721, 0.374726, -1e-06, -0.004721, 0.999983, -0.0, 0.0, 0.0, 0.0, 1.0],
                [1.000001, -0.0, 1e-06, 0.0, 0.0, 0.999994, 0.004721, 0.374726, -1e-06, -0.004721, 0.999984, 0.0, 0.0, 0.0, 0.0, 1.0],
                [1.0, -0.0, 1e-06, -0.0, -0.0, 0.999994, 0.004722, 0.374726, -1e-06, -0.004722, 0.999983, 0.0, 0.0, 0.0, 0.0, 1.0],
                [1.0, 0.0, 1e-06, 0.0, 0.0, 0.999994, 0.004724, 0.374726, -1e-06, -0.004724, 0.999984, -0.0, 0.0, 0.0, 0.0, 1.0],
                [1.0, -0.0, 1e-06, 0.0, 0.0, 0.999994, 0.004726, 0.374726, -1e-06, -0.004726, 0.999983, 0.0, 0.0, 0.0, 0.0, 1.0],
                [1.0, 0.0, 1e-06, -0.0, 0.0, 0.999995, 0.004728, 0.374726, -1e-06, -0.004728, 0.999983, -0.0, 0.0, 0.0, 0.0, 1.0],
                [1.000001, -0.0, 1e-06, 0.0, -0.0, 0.999994, 0.004731, 0.374726, -1e-06, -0.004731, 0.999984, 0.0, 0.0, 0.0, 0.0, 1.0],
                [1.0, -0.0, 1e-06, -0.0, -0.0, 0.999994, 0.004733, 0.374726, -1e-06, -0.004734, 0.999984, 0.0, 0.0, 0.0, 0.0, 1.0],
                [1.000001, -0.0, 1e-06, 0.0, 0.0, 0.999994, 0.004736, 0.374726, -1e-06, -0.004736, 0.999984, -0.0, 0.0, 0.0, 0.0, 1.0],
                [1.000001, -0.0, 1e-06, 0.0, 0.0, 0.999994, 0.004738, 0.374726, -1e-06, -0.004738, 0.999984, 0.0, 0.0, 0.0, 0.0, 1.0],
                [1.0, -0.0, 1e-06, 0.0, -0.0, 0.999994, 0.004738, 0.374726, -1e-06, -0.004739, 0.999983, 0.0, 0.0, 0.0, 0.0, 1.0]
            ]
        },
        {
            "name": "Knee_R",
            "time": [0.0, 0.8],
            "transform": [
                [1.0, 0.0, -0.0, 0.0, -0.0, 0.00567, -0.999984, 0.374726, -0.0, 0.999984, 0.00567, -0.0, 0.0, 0.0, 0.0, 1.0],
                [1.0, 0.0, -0.0, 0.0, -0.0, 0.00567, -0.999984, 0.374726, -0.0, 0.999984, 0.00567, -0.0, 0.0, 0.0, 0.0, 1.0]
            ]
        },
        {
            "name": "Thigh_L",
            "time": [0.0, 0.01, 0.02, 0.03, 0.04, 0.05, 0.06, 0.07, 0.08, 0.09, 0.1, 0.11, 0.12, 0.13, 0.14, 0.15, 0.16, 0.17, 0.18, 0.19, 0.2, 0.21, 0.22, 0.23, 0.24, 0.25, 0.26, 0.27, 0.28, 0.29, 0.3, 0.31, 0.32, 0.33, 0.34, 0.35, 0.36, 0.37, 0.38, 0.39, 0.4, 0.41, 0.42, 0.43, 0.44, 0.45, 0.46, 0.47, 0.48, 0.49, 0.5, 0.51, 0.52, 0.53, 0.54, 0.55, 0.56, 0.57, 0.58, 0.59, 0.6, 0.61, 0.62, 0.63, 0.64, 0.65, 0.66, 0.67, 0.68, 0.69, 0.7, 0.71, 0.72, 0.73, 0.74, 0.75, 0.76, 0.77, 0.78, 0.79, 0.8],
            "transform": [
                [0.916991, 0.155436, -0.367378, -0.078698, 0.298815, -0.877768, 0.374474, -0.021979, -0.264266, -0.453167, -0.851353, 0.0767, 0.0, 0.0, 0.0, 1.0],
                [0.914535, 0.154379, -0.37389, -0.078698, 0.302169, -0.875224, 0.377726, -0.021979, -0.268924, -0.458421, -0.847071, 0.0767, 0.0, 0.0, 0.0, 1.0],
