{
    "animation": [
        {
            "name": "Root",
            "time": [0.0, 0.0333, 0.0667, 0.1, 0.1333, 0.1667, 0.2, 0.2333, 0.2667, 0.3, 0.3333, 0.3667, 0.4, 0.4333, 0.4667, 0.5, 0.5333, 0.5667, 0.6, 0.6333, 0.6667, 0.7, 0.7333, 0.7667, 0.8, 0.8333, 0.8667, 0.9, 0.9333, 0.9667, 1.0, 1.0333, 1.0667, 1.1, 1.1333, 1.1667, 1.2, 1.2333, 1.2667, 1.3, 1.3333, 1.3667, 1.4, 1.4333, 1.4667, 1.5, 1.5333, 1.5667, 1.6, 1.6333, 1.6667, 1.7, 1.7333, 1.7667, 1.8, 1.8333, 1.8667, 1.9, 1.9333, 1.9667, 2.0, 2.0333, 2.0667, 2.1, 2.1333, 2.1667, 2.2, 2.2333, 2.2667, 2.3, 2.3333, 2.3667, 2.4, 2.4333, 2.4667, 2.5, 2.5333, 2.5667, 2.6, 2.6333, 2.6667, 2.7, 2.7333, 2.7667, 2.8, 2.8333, 2.8667, 2.9, 2.9333, 2.9667, 3.0, 3.0333, 3.0667, 3.1, 3.1333, 3.1667, 3.2, 3.2333, 3.2667, 3.3, 3.3333, 3.3667, 3.4, 3.4333, 3.4667, 3.5, 3.5333, 3.5667, 3.6, 3.6333, 3.6667, 3.7, 3.7333, 3.7667, 3.8, 3.8333, 3.8667, 3.9, 3.9333, 3.9667, 4.0],
            "transform": [
                [0.942572, 0.0, -0.334002, 0.011781, -0.334002, 0.0, -0.942572, -0.075157, 0.0, 1.0, 0.0, 1.627948, 0.0, 0.0, 0.0, 1.0],
                [0.942572, 0.0, -0.334002, 0.011788, -0.334002, 0.0, -0.942572, -0.075157, 0.0, 1.0, 0.0, 1.628177, 0.0, 0.0, 0.0, 1.0],
                [0.942572, 0.0, -0.334002, 0.011807, -0.334002, 0.0, -0.942572, -0.075157, 0.0, 1.0, 0.0, 1.628852, 0.0, 0.0, 0.0, 1.0],
                [0.942572, 0.0, -0.334002, 0.011839, -0.334002, 0.0, -0.942572, -0.075157, 0.0, 1.0, 0.0, 1.629959, 0.0, 0.0, 0.0, 1.0],
                [0.942572, 0.0, -0.334002, 0.011882, -0.334002, 0.0, -0.942572, -0.075157, 0.0, 1.0, 0.0, 1.631483, 0.0, 0.0, 0.0, 1.0],
                [0.942572, 0.0, -0.334002, 0.011937, -0.334002, 0.0, -0.942572, -0.075157, 0.0, 1.0, 0.0, 1.633407, 0.0, 0.0, 0.0, 1.0],
                [0.942572, 0.0, -0.334002, 0.012003, -0.334002, 0.0, -0.942572, -0.075157, 0.0, 1.0, 0.0, 1.635716, 0.0, 0.0, 0.0, 1.0],
                [0.942572, 0.0, -0.334002, 0.01208, -0.334002, 0.0, -0.942572, -0.075157, 0.0, 1.0, 0.0, 1.638395, 0.0, 0.0, 0.0, 1.0],
                [0.942572, 0.0, -0.334002, 0.012166, -0.334002, 0.0, -0.942572, -0.075157, 0.0, 1.0, 0.0, 1.641429, 0.0, 0.0, 0.0, 1.0],
                [0.942572, 0.0, -0.334002, 0.012263, -0.334002, 0.0, -0.942572, -0.075157, 0.0, 1.0, 0.0, 1.644802, 0.0, 0.0, 0.0, 1.0],
                [0.942572, 0.0, -0.334002, 0.012368, -0.334002, 0.0, -0.942572, -0.075157, 0.0, 1.0, 0.0, 1.648498, 0.0, 0.0, 0.0, 1.0],
                [0.942572, 0.0, -0.334002, 0.012483, -0.334002, 0.0, -0.942572, -0.075157, 0.0, 1.0, 0.0, 1.652503, 0.0, 0.0, 0.0, 1.0],
                [0.942572, 0.0, -0.334002, 0.012606, -0.334002, 0.0, -0.942572, -0.075157, 0.0, 1.0, 0.0, 1.6568, 0.0, 0.0, 0.0, 1.0],
                [0.942572, 0.0, -0.334002, 0.012736, -0.334002, 0.0, -0.942572, -0.075157, 0.0, 1.0, 0.0, 1.661375, 0.0, 0.0, 0.0, 1.0],
                [0.942572, 0.0, -0.334002, 0.012874, -0.334002, 0.0, -0.942572, -0.075157, 0.0, 1.0, 0.0, 1.666212, 0.0, 0.0, 0.0, 1.0],
                [0.942572, 0.0, -0.334002, 0.01302, -0.334002, 0.0, -0.942572, -0.075157, 0.0, 1.0, 0.0, 1.671296, 0.0, 0.0, 0.0, 1.0],
                [0.942572, 0.0, -0.334002, 0.013172, -0.334002, 0.0, -0.942572, -0.075157, 0.0, 1.0, 0.0, 1.67661, 0.0, 0.0, 0.0, 1.0],
                [0.942572, 0.0, -0.334002, 0.01333, -0.334002, 0.0, -0.942572, -0.075157, 0.0, 1.0, 0.0, 1.682141, 0.0, 0.0, 0.0, 1.0],
                [0.942572, 0.0, -0.334002, 0.013493, -0.334002, 0.0, -0.942572, -0.075157, 0.0, 1.0, 0.0, 1.687872, 0.0, 0.0, 0.0, 1.0],
                [0.942572, 0.0, -0.334002, 0.013662, -0.334002, 0.0, -0.942572, -0.075157, 0.0, 1.0, 0.0, 1.693788, 0.0, 0.0, 0.0, 1.0],
                [0.942572, 0.0, -0.334002, 0.013836, -0.334002, 0.0, -0.942572, -0.075157, 0.0, 1.0, 0.0, 1.699873, 0.0, 0.0, 0.0, 1.0],
                [0.942572, 0.0, -0.334002, 0.014014, -0.334002, 0.0, -0.942572, -0.075157, 0.0, 1.0, 0.0, 1.706112, 0.0, 0.0, 0.0, 1.0],
                [0.942572, 0.0, -0.334002, 0.014197, -0.334002, 0.0, -0.942572, -0.075157, 0.0, 1.0, 0.0, 1.712491, 0.0, 0.0, 0.0, 1.0],
                [0.942572, 0.0, -0.334002, 0.014382, -0.334002, 0.0, -0.942572, -0.075157, 0.0, 1.0, 0.0, 1.718992, 0.0, 0.0, 0.0, 1.0],
                [0.942572, 0.0, -0.334002, 0.014571, -0.334002, 0.0, -0.942572, -0.075157, 0.0, 1.0, 0.0, 1.725601, 0.0, 0.0, 0.0, 1.0],
                [0.942572, 0.0, -0.334002, 0.014763, -0.334002, 0.0, -0.942572, -0.075157, 0.0, 1.0, 0.0, 1.732303, 0.0, 0.0, 0.0, 1.0],
                [0.942572, 0.0, -0.334002, 0.014956, -0.334002, 0.0, -0.942572, -0.075157, 0.0, 1.0, 0.0, 1.739082, 0.0, 0.0, 0.0, 1.0],
                [0.942572, 0.0, -0.334002, 0.015152, -0.334002, 0.0, -0.942572, -0.075157, 0.0, 1.0, 0.0, 1.745923, 0.0, 0.0, 0.0, 1.0],
                [0.942572, 0.0, -0.334002, 0.015349, -0.334002, 0.0, -0.942572, -0.075157, 0.0, 1.0, 0.0, 1.752809, 0.0, 0.0, 0.0, 1.0],
                [0.942572, 0.0, -0.334002, 0.015546, -0.334002, 0.0, -0.942572, -0.075157, 0.0, 1.0, 0.0, 1.759727, 0.0, 0.0, 0.0, 1.0],
                [0.942572, 0.0, -0.334002, 0.015744, -0.334002, 0.0, -0.942572, -0.075157, 0.0, 1.0, 0.0, 1.76666, 0.0, 0.0, 0.0, 1.0],
                [0.942572, 0.0, -0.334002, 0.015942, -0.334002, 0.0, -0.942572, -0.075157, 0.0, 1.0, 0.0, 1.773593, 0.0, 0.0, 0.0, 1.0],
                [0.942572, 0.0, -0.334002, 0.01614, -0.334002, 0.0, -0.942572, -0.075157, 0.0, 1.0, 0.0, 1.780511, 0.0, 0.0, 0.0, 1.0],
                [0.942572, 0.0, -0.334002, 0.016337, -0.334002, 0.0, -0.942572, -0.075157, 0.0, 1.0, 0.0, 1.787397, 0.0, 0.0, 0.0, 1.0],
                [0.942572, 0.0, -0.334002, 0.016532, -0.334002, 0.0, -0.942572, -0.075157, 0.0, 1.0, 0.0, 1.794238, 0.0, 0.0, 0.0, 1.0],
                [0.942572, 0.0, -0.334002, 0.016726, -0.334002, 0.0, -0.942572, -0.075157, 0.0, 1.0, 0.0, 1.801017, 0.0, 0.0, 0.0, 1.0],
                [0.942572, 0.0, -0.334002, 0.016917, -0.334002, 0.0, -0.942572, -0.075157, 0.0, 1.0, 0.0, 1.807719, 0.0, 0.0, 0.0, 1.0],
                [0.942572, 0.0, -0.334002, 0.017106, -0.334002, 0.0, -0.942572, -0.075157, 0.0, 1.0, 0.0, 1.814328, 0.0, 0.0, 0.0, 1.0],
                [0.942572, 0.0, -0.334002, 0.017292, -0.334002, 0.0, -0.942572, -0.075157, 0.0, 1.0, 0.0, 1.82083, 0.0, 0.0, 0.0, 1.0],
                [0.942572, 0.0, -0.334002, 0.017474, -0.334002, 0.0, -0.942572, -0.075157, 0.0, 1.0, 0.0, 1.827208, 0.0, 0.0, 0.0, 1.0],
                [0.942572, 0.0, -0.334002, 0.017653, -0.334002, 0.0, -0.942572, -0.075157, 0.0, 1.0, 0.0, 1.833447, 0.0, 0.0, 0.0, 1.0],
                [0.942572, 0.0, -0.334002, 0.017826, -0.334002, 0.0, -0.942572, -0.075157, 0.0, 1.0, 0.0, 1.839533, 0.0, 0.0, 0.0, 1.0],
                [0.942572, 0.0, -0.334002, 0.017995, -0.334002, 0.0, -0.942572, -0.075157, 0.0, 1.0, 0.0, 1.845448, 0.0, 0.0, 0.0, 1.0],
                [0.942572, 0.0, -0.334002, 0.018159, -0.334002, 0.0, -0.942572, -0.075157, 0.0, 1.0, 0.0, 1.851179, 0.0, 0.0, 0.0, 1.0],
                [0.942572, 0.0, -0.334002, 0.018317, -0.334002, 0.0, -0.942572, -0.075157, 0.0, 1.0, 0.0, 1.85671, 0.0, 0.0, 0.0, 1.0],
                [0.942572, 0.0, -0.334002, 0.018469, -0.334002, 0.0, -0.942572, -0.075157, 0.0, 1.0, 0.0, 1.862024, 0.0, 0.0, 0.0, 1.0],
                [0.942572, 0.0, -0.334002, 0.018614, -0.334002, 0.0, -0.942572, -0.075157, 0.0, 1.0, 0.0, 1.867108, 0.0, 0.0, 0.0, 1.0],
                [0.942572, 0.0, -0.334002, 0.018752, -0.334002, 0.0, -0.942572, -0.075157, 0.0, 1.0, 0.0, 1.871945, 0.0, 0.0, 0.0, 1.0],
                [0.942572, 0.0, -0.334002, 0.018883, -0.334002, 0.0, -0.942572, -0.075157, 0.0, 1.0, 0.0, 1.87652, 0.0, 0.0, 0.0, 1.0],
                [0.942572, 0.0, -0.334002, 0.019006, -0.334002, 0.0, -0.942572, -0.075157, 0.0, 1.0, 0.0, 1.880817, 0.0, 0.0, 0.0, 1.0],
                [0.942572, 0.0, -0.334002, 0.01912, -0.334002, 0.0, -0.942572, -0.075157, 0.0, 1.0, 0.0, 1.884822, 0.0, 0.0, 0.0, 1.0],
                [0.942572, 0.0, -0.334002, 0.019226, -0.334002, 0.0, -0.942572, -0.075157, 0.0, 1.0, 0.0, 1.888518, 0.0, 0.0, 0.0, 1.0],
                [0.942572, 0.0, -0.334002, 0.019322, -0.334002, 0.0, -0.942572, -0.075157, 0.0, 1.0, 0.0, 1.891891, 0.0, 0.0, 0.0, 1.0],
                [0.942572, 0.0, -0.334002, 0.019409, -0.334002, 0.0, -0.942572, -0.075157, 0.0, 1.0, 0.0, 1.894925, 0.0, 0.0, 0.0, 1.0],
                [0.942572, 0.0, -0.334002, 0.019486, -0.334002, 0.0, -0.942572, -0.075157, 0.0, 1.0, 0.0, 1.897604, 0.0, 0.0, 0.0, 1.0],
                [0.942572, 0.0, -0.334002, 0.019552, -0.334002, 0.0, -0.942572, -0.075157, 0.0, 1.0, 0.0, 1.899913, 0.0, 0.0, 0.0, 1.0],
                [0.942572, 0.0, -0.334002, 0.019607, -0.334002, 0.0, -0.942572, -0.075157, 0.0, 1.0, 0.0, 1.901837, 0.0, 0.0, 0.0, 1.0],
                [0.942572, 0.0, -0.334002, 0.01965, -0.334002, 0.0, -0.942572, -0.075157, 0.0, 1.0, 0.0, 1.903361, 0.0, 0.0, 0.0, 1.0],
                [0.942572, 0.0, -0.334002, 0.019682, -0.334002, 0.0, -0.942572, -0.075157, 0.0, 1.0, 0.0, 1.904468, 0.0, 0.0, 0.0, 1.0],
                [0.942572, 0.0, -0.334002, 0.019701, -0.334002, 0.0, -0.942572, -0.075157, 0.0, 1.0, 0.0, 1.905143, 0.0, 0.0, 0.0, 1.0],
                [0.942572, 0.0, -0.334002, 0.019708, -0.334002, 0.0, -0.942572, -0.075157, 0.0, 1.0, 0.0, 1.905372, 0.0, 0.0, 0.0, 1.0],
                [0.942572, 0.0, -0.334002, 0.019701, -0.334002, 0.0, -0.942572, -0.075157, 0.0, 1.0, 0.0, 1.905143, 0.0, 0.0, 0.0, 1.0],
                [0.942572, 0.0, -0.334002, 0.019682, -0.334002, 0.0, -0.942572, -0.075157, 0.0, 1.0, 0.0, 1.904468, 0.0, 0.0, 0.0, 1.0],
                [0.942572, 0.0, -0.334002, 0.01965, -0.334002, 0.0, -0.942572, -0.075157, 0.0, 1.0, 0.0, 1.903361, 0.0, 0.0, 0.0, 1.0],
                [0.942572, 0.0, -0.334002, 0.019607, -0.334002, 0.0, -0.942572, -0.075157, 0.0, 1.0, 0.0, 1.901837, 0.0, 0.0, 0.0, 1.0],
                [0.942572, 0.0, -0.334002, 0.019552, -0.334002, 0.0, -0.942572, -0.075157, 0.0, 1.0, 0.0, 1.899913, 0.0, 0.0, 0.0, 1.0],
                [0.942572, 0.0, -0.334002, 0.019486, -0.334002, 0.0, -0.942572, -0.075157, 0.0, 1.0, 0.0, 1.897604, 0.0, 0.0, 0.0, 1.0],
                [0.942572, 0.0, -0.334002, 0.019409, -0.334002, 0.0, -0.942572, -0.075157, 0.0, 1.0, 0.0, 1.894925, 0.0, 0.0, 0.0, 1.0],
                [0.942572, 0.0, -0.334002, 0.019322, -0.334002, 0.0, -0.942572, -0.075157, 0.0, 1.0, 0.0, 1.891891, 0.0, 0.0, 0.0, 1.0],
                [0.942572, 0.0, -0.334002, 0.019226, -0.334002, 0.0, -0.942572, -0.075157, 0.0, 1.0, 0.0, 1.888518, 0.0, 0.0, 0.0, 1.0],
                [0.942572, 0.0, -0.334002, 0.01912, -0.334002, 0.0, -0.942572, -0.075157, 0.0, 1.0, 0.0, 1.884822, 0.0, 0.0, 0.0, 1.0],
                [0.942572, 0.0, -0.334002, 0.019006, -0.334002, 0.0, -0.942572, -0.075157, 0.0, 1.0, 0.0, 1.880817, 0.0, 0.0, 0.0, 1.0],
                [0.942572, 0.0, -0.334002, 0.018883, -0.334002, 0.0, -0.942572, -0.075157, 0.0, 1.0, 0.0, 1.87652, 0.0, 0.0, 0.0, 1.0],
                [0.942572, 0.0, -0.334002, 0.018752, -0.334002, 0.0, -0.942572, -0.075157, 0.0, 1.0, 0.0, 1.871945, 0.0, 0.0, 0.0, 1.0],
                [0.942572, 0.0, -0.334002, 0.018614, -0.334002, 0.0, -0.942572, -0.075157, 0.0, 1.0, 0.0, 1.867108, 0.0, 0.0, 0.0, 1.0],
                [0.942572, 0.0, -0.334002, 0.018469, -0.334002, 0.0, -0.942572, -0.075157, 0.0, 1.0, 0.0, 1.862024, 0.0, 0.0, 0.0, 1.0],
                [0.942572, 0.0, -0.334002, 0.018317, -0.334002, 0.0, -0.942572, -0.075157, 0.0, 1.0, 0.0, 1.85671, 0.0, 0.0, 0.0, 1.0],
                [0.942572, 0.0, -0.334002, 0.018159, -0.334002, 0.0, -0.942572, -0.075157, 0.0, 1.0, 0.0, 1.851179, 0.0, 0.0, 0.0, 1.0],
                [0.942572, 0.0, -0.334002, 0.017995, -0.334002, 0.0, -0.942572, -0.075157, 0.0, 1.0, 0.0, 1.845448, 0.0, 0.0, 0.0, 1.0],
                [0.942572, 0.0, -0.334002, 0.017826, -0.334002, 0.0, -0.942572, -0.075157, 0.0, 1.0, 0.0, 1.839533, 0.0, 0.0, 0.0, 1.0],
                [0.942572, 0.0, -0.334002, 0.017653, -0.334002, 0.0, -0.942572, -0.075157, 0.0, 1.0, 0.0, 1.833447, 0.0, 0.0, 0.0, 1.0],
                [0.942572, 0.0, -0.334002, 0.017474, -0.334002, 0.0, -0.942572, -0.075157, 0.0, 1.0, 0.0, 1.827208, 0.0, 0.0, 0.0, 1.0],
                [0.942572, 0.0, -0.334002, 0.017292, -0.334002, 0.0, -0.942572, -0.075157, 0.0, 1.0, 0.0, 1.82083, 0.0, 0.0, 0.0, 1.0],
                [0.942572, 0.0, -0.334002, 0.017106, -0.334002, 0.0, -0.942572, -0.075157, 0.0, 1.0, 0.0, 1.814328, 0.0, 0.0, 0.0, 1.0],
                [0.942572, 0.0, -0.334002, 0.016917, -0.334002, 0.0, -0.942572, -0.075157, 0.0, 1.0, 0.0, 1.807719, 0.0, 0.0, 0.0, 1.0],
                [0.942572, 0.0, -0.334002, 0.016726, -0.334002, 0.0, -0.942572, -0.075157, 0.0, 1.0, 0.0, 1.801017, 0.0, 0.0, 0.0, 1.0],
                [0.942572, 0.0, -0.334002, 0.016532, -0.334002, 0.0, -0.942572, -0.075157, 0.0, 1.0, 0.0, 1.794238, 0.0, 0.0, 0.0, 1.0],
                [0.942572, 0.0, -0.334002, 0.016337, -0.334002, 0.0, -0.942572, -0.075157, 0.0, 1.0, 0.0, 1.787398, 0.0, 0.0, 0.0, 1.0],
                [0.942572, 0.0, -0.334002, 0.01614, -0.334002, 0.0, -0.942572, -0.075157, 0.0, 1.0, 0.0, 1.780511, 0.0, 0.0, 0.0, 1.0],
                [0.942572, 0.0, -0.334002, 0.015942, -0.334002, 0.0, -0.942572, -0.075157, 0.0, 1.0, 0.0, 1.773593, 0.0, 0.0, 0.0, 1.0],
                [0.942572, 0.0, -0.334002, 0.015744, -0.334002, 0.0, -0.942572, -0.075157, 0.0, 1.0, 0.0, 1.76666, 0.0, 0.0, 0.0, 1.0],
                [0.942572, 0.0, -0.334002, 0.015546, -0.334002, 0.0, -0.942572, -0.075157, 0.0, 1.0, 0.0, 1.759727, 0.0, 0.0, 0.0, 1.0],
                [0.942572, 0.0, -0.334002, 0.015349, -0.334002, 0.0, -0.942572, -0.075157, 0.0, 1.0, 0.0, 1.752809, 0.0, 0.0, 0.0, 1.0],
                [0.942572, 0.0, -0.334002, 0.015152, -0.334002, 0.0, -0.942572, -0.075157, 0.0, 1.0, 0.0, 1.745923, 0.0, 0.0, 0.0, 1.0],
                [0.942572, 0.0, -0.334002, 0.014956, -0.334002, 0.0, -0.942572, -0.075157, 0.0, 1.0, 0.0, 1.739082, 0.0, 0.0, 0.0, 1.0],
                [0.942572, 0.0, -0.334002, 0.014763, -0.334002, 0.0, -0.942572, -0.075157, 0.0, 1.0, 0.0, 1.732303, 0.0, 0.0, 0.0, 1.0],
                [0.942572, 0.0, -0.334002, 0.014571, -0.334002, 0.0, -0.942572, -0.075157, 0.0, 1.0, 0.0, 1.725601, 0.0, 0.0, 0.0, 1.0],
                [0.942572, 0.0, -0.334002, 0.014382, -0.334002, 0.0, -0.942572, -0.075157, 0.0, 1.0, 0.0, 1.718992, 0.0, 0.0, 0.0, 1.0],
                [0.942572, 0.0, -0.334002, 0.014197, -0.334002, 0.0, -0.942572, -0.075157, 0.0, 1.0, 0.0, 1.712491, 0.0, 0.0, 0.0, 1.0],
                [0.942572, 0.0, -0.334002, 0.014014, -0.334002, 0.0, -0.942572, -0.075157, 0.0, 1.0, 0.0, 1.706112, 0.0, 0.0, 0.0, 1.0],
                [0.942572, 0.0, -0.334002, 0.013836, -0.334002, 0.0, -0.942572, -0.075157, 0.0, 1.0, 0.0, 1.699873, 0.0, 0.0, 0.0, 1.0],
                [0.942572, 0.0, -0.334002, 0.013662, -0.334002, 0.0, -0.942572, -0.075157, 0.0, 1.0, 0.0, 1.693788, 0.0, 0.0, 0.0, 1.0],
                [0.942572, 0.0, -0.334002, 0.013493, -0.334002, 0.0, -0.942572, -0.075157, 0.0, 1.0, 0.0, 1.687872, 0.0, 0.0, 0.0, 1.0],
                [0.942572, 0.0, -0.334002, 0.01333, -0.334002, 0.0, -0.942572, -0.075157, 0.0, 1.0, 0.0, 1.682141, 0.0, 0.0, 0.0, 1.0],
                [0.942572, 0.0, -0.334002, 0.013172, -0.334002, 0.0, -0.942572, -0.075157, 0.0, 1.0, 0.0, 1.67661, 0.0, 0.0, 0.0, 1.0],
                [0.942572, 0.0, -0.334002, 0.01302, -0.334002, 0.0, -0.942572, -0.075157, 0.0, 1.0, 0.0, 1.671296, 0.0, 0.0, 0.0, 1.0],
                [0.942572, 0.0, -0.334002, 0.012874, -0.334002, 0.0, -0.942572, -0.075157, 0.0, 1.0, 0.0, 1.666212, 0.0, 0.0, 0.0, 1.0],
                [0.942572, 0.0, -0.334002, 0.012736, -0.334002, 0.0, -0.942572, -0.075157, 0.0, 1.0, 0.0, 1.661375, 0.0, 0.0, 0.0, 1.0],
                [0.942572, 0.0, -0.334002, 0.012606, -0.334002, 0.0, -0.942572, -0.075157, 0.0, 1.0, 0.0, 1.6568, 0.0, 0.0, 0.0, 1.0],
                [0.942572, 0.0, -0.334002, 0.012483, -0.334002, 0.0, -0.942572, -0.075157, 0.0, 1.0, 0.0, 1.652503, 0.0, 0.0, 0.0, 1.0],
                [0.942572, 0.0, -0.334002, 0.012368, -0.334002, 0.0, -0.942572, -0.075157, 0.0, 1.0, 0.0, 1.648498, 0.0, 0.0, 0.0, 1.0],
                [0.942572, 0.0, -0.334002, 0.012263, -0.334002, 0.0, -0.942572, -0.075157, 0.0, 1.0, 0.0, 1.644802, 0.0, 0.0, 0.0, 1.0],
                [0.942572, 0.0, -0.334002, 0.012166, -0.334002, 0.0, -0.942572, -0.075157, 0.0, 1.0, 0.0, 1.641429, 0.0, 0.0, 0.0, 1.0],
                [0.942572, 0.0, -0.334002, 0.01208, -0.334002, 0.0, -0.942572, -0.075157, 0.0, 1.0, 0.0, 1.638395, 0.0, 0.0, 0.0, 1.0],
                [0.942572, 0.0, -0.334002, 0.012003, -0.334002, 0.0, -0.942572, -0.075157, 0.0, 1.0, 0.0, 1.635716, 0.0, 0.0, 0.0, 1.0],
                [0.942572, 0.0, -0.334002, 0.011937, -0.334002, 0.0, -0.942572, -0.075157, 0.0, 1.0, 0.0, 1.633407, 0.0, 0.0, 0.0, 1.0],
                [0.942572, 0.0, -0.334002, 0.011882, -0.334002, 0.0, -0.942572, -0.075157, 0.0, 1.0, 0.0, 1.631483, 0.0, 0.0, 0.0, 1.0],
                [0.942572, 0.0, -0.334002, 0.011839, -0.334002, 0.0, -0.942572, -0.075157, 0.0, 1.0, 0.0, 1.629959, 0.0, 0.0, 0.0, 1.0],
                [0.942572, 0.0, -0.334002, 0.011807, -0.334002, 0.0, -0.942572, -0.075157, 0.0, 1.0, 0.0, 1.628852, 0.0, 0.0, 0.0, 1.0],
                [0.942572, 0.0, -0.334002, 0.011788, -0.334002, 0.0, -0.942572, -0.075157, 0.0, 1.0, 0.0, 1.628177, 0.0, 0.0, 0.0, 1.0],
                [0.942572, 0.0, -0.334002, 0.011781, -0.334002, 0.0, -0.942572, -0.075157, 0.0, 1.0, 0.0, 1.627948, 0.0, 0.0, 0.0, 1.0]
            ]
        },
        {
            "name": "Thigh_R",
            "time": [0.0, 0.0333, 0.0667, 0.1, 0.1333, 0.1667, 0.2, 0.2333, 0.2667, 0.3, 0.3333, 0.3667, 0.4, 0.4333, 0.4667, 0.5, 0.5333, 0.5667, 0.6, 0.6333, 0.6667, 0.7, 0.7333, 0.7667, 0.8, 0.8333, 0.8667, 0.9, 0.9333, 0.9667, 1.0, 1.0333, 1.0667, 1.1, 1.1333, 1.1667, 1.2, 1.2333, 1.2667, 1.3, 1.3333, 1.3667, 1.4, 1.4333, 1.4667, 1.5, 1.5333, 1.5667, 1.6, 1.6333, 1.6667, 1.7, 1.7333, 1.7667, 1.8, 1.8333, 1.8667, 1.9, 1.9333, 1.9667, 2.0, 2.0333, 2.0667, 2.1, 2.1333, 2.1667, 2.2, 2.2333, 2.2667, 2.3, 2.3333, 2.3667, 2.4, 2.4333, 2.4667, 2.5, 2.5333, 2.5667, 2.6, 2.6333, 2.6667, 2.7, 2.7333, 2.7667, 2.8, 2.8333, 2.8667, 2.9, 2.9333, 2.9667, 3.0, 3.0333, 3.0667, 3.1, 3.1333, 3.1667, 3.2, 3.2333, 3.2667, 3.3, 3.3333, 3.3667, 3.4, 3.4333, 3.4667, 3.5, 3.5333, 3.5667, 3.6, 3.6333, 3.6667, 3.7, 3.7333, 3.7667, 3.8, 3.8333, 3.8667, 3.9, 3.9333, 3.9667, 4.0],
            "transform": [
                [0.97445, -0.056833, -0.217291, 0.124994, -0.007016, -0.974685, 0.223466, -0.002831, -0.224491, -0.216231, -0.950183, -1.2e-05, 0.0, 0.0, 0.0, 1.0],
                [0.974462, -0.056801, -0.217248, 0.124994, -0.007008, -0.974698, 0.223408, -0.002831, -0.224442, -0.21618, -0.950206, -1.2e-05, 0.0, 0.0, 0.0, 1.0],
                [0.974495, -0.056709, -0.217121, 0.124994, -0.006984, -0.974737, 0.223242, -0.002831, -0.224296, -0.216032, -0.950274, -1.2e-05, 0.0, 0.0, 0.0, 1.0],
                [0.974551, -0.056557, -0.216912, 0.124994, -0.006945, -0.9748, 0.222966, -0.002831, -0.224056, -0.215785, -0.950387, -1.2e-05, 0.0, 0.0, 0.0, 1.0],
                [0.974627, -0.056349, -0.216624, 0.124994, -0.006892, -0.974887, 0.222586, -0.002831, -0.223726, -0.215445, -0.950542, -1.2e-05, 0.0, 0.0, 0.0, 1.0],
                [0.974723, -0.056085, -0.216259, 0.124994, -0.006824, -0.974998, 0.222103, -0.002831, -0.223309, -0.215013, -0.950738, -1.2e-05, 0.0, 0.0, 0.0, 1.0],
                [0.974838, -0.055768, -0.215821, 0.124994, -0.006744, -0.975132, 0.221516, -0.002831, -0.222808, -0.214487, -0.950974, -1.2e-05, 0.0, 0.0, 0.0, 1.0],
                [0.974972, -0.0554, -0.215311, 0.124994, -0.006651, -0.975289, 0.220828, -0.002831, -0.222224, -0.213869, -0.95125, -1.2e-05, 0.0, 0.0, 0.0, 1.0],
                [0.975124, -0.054982, -0.214731, 0.124994, -0.006547, -0.975467, 0.220041, -0.002831, -0.221562, -0.213161, -0.951563, -1.2e-05, 0.0, 0.0, 0.0, 1.0],
                [0.975292, -0.054517, -0.214085, 0.124994, -0.006432, -0.975668, 0.219154, -0.002831, -0.220824, -0.212362, -0.951914, -1.2e-05, 0.0, 0.0, 0.0, 1.0],
                [0.975476, -0.054006, -0.213373, 0.124994, -0.006308, -0.97589, 0.218166, -0.002831, -0.220011, -0.211469, -0.9523, -1.2e-05, 0.0, 0.0, 0.0, 1.0],
                [0.975676, -0.053451, -0.212599, 0.124994, -0.006175, -0.976133, 0.217078, -0.002831, -0.219129, -0.210485, -0.952722, -1.2e-05, 0.0, 0.0, 0.0, 1.0],
                [0.97589, -0.052854, -0.211765, 0.124994, -0.006034, -0.976397, 0.215892, -0.002831, -0.218178, -0.209408, -0.953177, -1.2e-05, 0.0, 0.0, 0.0, 1.0],
                [0.976117, -0.052217, -0.210872, 0.124994, -0.005886, -0.976682, 0.214603, -0.002831, -0.217161, -0.208237, -0.953666, -1.2e-05, 0.0, 0.0, 0.0, 1.0],
                [0.976358, -0.051541, -0.209924, 0.124994, -0.005732, -0.976987, 0.213216, -0.002831, -0.216082, -0.206971, -0.954186, -1.2e-05, 0.0, 0.0, 0.0, 1.0],
                [0.97661, -0.050829, -0.208921, 0.124994, -0.005573, -0.977312, 0.211724, -0.002831, -0.214943, -0.205607, -0.954738, -1.2e-05, 0.0, 0.0, 0.0, 1.0],
                [0.976873, -0.050081, -0.207867, 0.124994, -0.005409, -0.977657, 0.210128, -0.002831, -0.213746, -0.204144, -0.955321, -1.2e-05, 0.0, 0.0, 0.0, 1.0],
                [0.977147, -0.049301, -0.206763, 0.124994, -0.005242, -0.978022, 0.20843, -0.002832, -0.212495, -0.202583, -0.955932, -1.2e-05, 0.0, 0.0, 0.0, 1.0],
                [0.977431, -0.048489, -0.205613, 0.124994, -0.005072, -0.978405, 0.206626, -0.002831, -0.211192, -0.20092, -0.956572, -1.2e-05, 0.0, 0.0, 0.0, 1.0],
                [0.977723, -0.047648, -0.204417, 0.124994, -0.0049, -0.978808, 0.204714, -0.002831, -0.20984, -0.199152, -0.957239, -1.2e-05, 0.0, 0.0, 0.0, 1.0],
                [0.978023, -0.046778, -0.203179, 0.124994, -0.004727, -0.979229, 0.202695, -0.002831, -0.208441, -0.197279, -0.957932, -1.2e-05, 0.0, 0.0, 0.0, 1.0],
                [0.97833, -0.045883, -0.201902, 0.124994, -0.004554, -0.979668, 0.200568, -0.002831, -0.206999, -0.195301, -0.958649, -1.2e-05, 0.0, 0.0, 0.0, 1.0],
                [0.978643, -0.044963, -0.200586, 0.124994, -0.004381, -0.980124, 0.198329, -0.002831, -0.205517, -0.193214, -0.959391, -1.2e-05, 0.0, 0.0, 0.0, 1.0],
                [0.978962, -0.044021, -0.199236, 0.124994, -0.00421, -0.980597, 0.195979, -0.002831, -0.203998, -0.191017, -0.960155, -1.2e-05, 0.0, 0.0, 0.0, 1.0],
                [0.979285, -0.043059, -0.197854, 0.124994, -0.00404, -0.981087, 0.193517, -0.002831, -0.202444, -0.188709, -0.96094, -1.2e-05, 0.0, 0.0, 0.0, 1.0],
                [0.979612, -0.042076, -0.196441, 0.124994, -0.003873, -0.981593, 0.190939, -0.002831, -0.20086, -0.186285, -0.961745, -1.2e-05, 0.0, 0.0, 0.0, 1.0],
                [0.979941, -0.041077, -0.195002, 0.124994, -0.003708, -0.982113, 0.188247, -0.002831, -0.199247, -0.183747, -0.962568, -1.2e-05, 0.0, 0.0, 0.0, 1.0],
                [0.980274, -0.040063, -0.19354, 0.124994, -0.003548, -0.982648, 0.18544, -0.002831, -0.197611, -0.181095, -0.963408, -1.2e-05, 0.0, 0.0, 0.0, 1.0],
                [0.980607, -0.039034, -0.192056, 0.124994, -0.003391, -0.983196, 0.182513, -0.002831, -0.195953, -0.178322, -0.964263, -1.2e-05, 0.0, 0.0, 0.0, 1.0],
                [0.980941, -0.037993, -0.190554, 0.124994, -0.003239, -0.983756, 0.17947, -0.002831, -0.194278, -0.175433, -0.965132, -1.2e-05, 0.0, 0.0, 0.0, 1.0],
                [0.981274, -0.036942, -0.189038, 0.124994, -0.003092, -0.984328, 0.176309, -0.002831, -0.192589, -0.172423, -0.966012, -1.2e-05, 0.0, 0.0, 0.0, 1.0],
                [0.981606, -0.035882, -0.187511, 0.124994, -0.00295, -0.984911, 0.173029, -0.002831, -0.19089, -0.169293, -0.966903, -1.2e-05, 0.0, 0.0, 0.0, 1.0],
                [0.981937, -0.034814, -0.185975, 0.124994, -0.002814, -0.985503, 0.169628, -0.002831, -0.189185, -0.16604, -0.967802, -1.2e-05, 0.0, 0.0, 0.0, 1.0],
                [0.982265, -0.033742, -0.184435, 0.124994, -0.002684, -0.986102, 0.166112, -0.002831, -0.187477, -0.162671, -0.968706, -1.2e-05, 0.0, 0.0, 0.0, 1.0],
                [0.982589, -0.032665, -0.182894, 0.124994, -0.00256, -0.986708, 0.162474, -0.002831, -0.18577, -0.159177, -0.969615, -1.2e-05, 0.0, 0.0, 0.0, 1.0],
                [0.98291, -0.031587, -0.181355, 0.124994, -0.002442, -0.987318, 0.158724, -0.002832, -0.184069, -0.155569, -0.970524, -1.2e-05, 0.0, 0.0, 0.0, 1.0],
                [0.983225, -0.030507, -0.179824, 0.124994, -0.002331, -0.987933, 0.154855, -0.002831, -0.182378, -0.151838, -0.971434, -1.2e-05, 0.0, 0.0, 0.0, 1.0],
                [0.983535, -0.029428, -0.178302, 0.124994, -0.002227, -0.98855, 0.150871, -0.002831, -0.180701, -0.14799, -0.972341, -1.2e-05, 0.0, 0.0, 0.0, 1.0],
                [0.983839, -0.028351, -0.176795, 0.124994, -0.002129, -0.989165, 0.14678, -0.002831, -0.179041, -0.144031, -0.973242, -1.2e-05, 0.0, 0.0, 0.0, 1.0],
                [0.984135, -0.027279, -0.175307, 0.124994, -0.002037, -0.98978, 0.142577, -0.002831, -0.177405, -0.139958, -0.974135, -1.2e-05, 0.0, 0.0, 0.0, 1.0],
                [0.984424, -0.026214, -0.173841, 0.124994, -0.001953, -0.990389, 0.138285, -0.002831, -0.175795, -0.135792, -0.975016, -1.2e-05, 0.0, 0.0, 0.0, 1.0],
                [0.984705, -0.025155, -0.172402, 0.124994, -0.001874, -0.990992, 0.133892, -0.002831, -0.174217, -0.131521, -0.975885, -1.2e-05, 0.0, 0.0, 0.0, 1.0],
                [0.984977, -0.024106, -0.170994, 0.124994, -0.001802, -0.991588, 0.129411, -0.002831, -0.172676, -0.127159, -0.976736, -1.2e-05, 0.0, 0.0, 0.0, 1.0],
                [0.985238, -0.023069, -0.169622, 0.124994, -0.001736, -0.992172, 0.124852, -0.002831, -0.171175, -0.122715, -0.977569, -1.2e-05, 0.0, 0.0, 0.0, 1.0],
                [0.98549, -0.022026, -0.168293, 0.124994, -0.001676, -0.992757, 0.120117, -0.002831, -0.16972, -0.118092, -0.978392, -1.2e-05, 0.0, 0.0, 0.0, 1.0],
                [0.985731, -0.021014, -0.167006, 0.124994, -0.001622, -0.993315, 0.115414, -0.002831, -0.168315, -0.113496, -0.979178, -1.2e-05, 0.0, 0.0, 0.0, 1.0],
                [0.985961, -0.02002, -0.165769, 0.124994, -0.001574, -0.993854, 0.110671, -0.002831, -0.166966, -0.108857, -0.979935, -1.2e-05, 0.0, 0.0, 0.0, 1.0],
                [0.986178, -0.019047, -0.164586, 0.124994, -0.00153, -0.994374, 0.105904, -0.002831, -0.165677, -0.104189, -0.980661, -1.2e-05, 0.0, 0.0, 0.0, 1.0],
                [0.986383, -0.018081, -0.163463, 0.124994, -0.001492, -0.994879, 0.101047, -0.002831, -0.164453, -0.099427, -0.981361, -1.2e-05, 0.0, 0.0, 0.0, 1.0],
                [0.986575, -0.017157, -0.162402, 0.124994, -0.001458, -0.99535, 0.096297, -0.002831, -0.163299, -0.094767, -0.982015, -1.2e-05, 0.0, 0.0, 0.0, 1.0],
                [0.986753, -0.016264, -0.161409, 0.124994, -0.001428, -0.995792, 0.091606, -0.002831, -0.16222, -0.090162, -0.982627, -1.2e-05, 0.0, 0.0, 0.0, 1.0],
                [0.986917, -0.015409, -0.160489, 0.124994, -0.001403, -0.996204, 0.087021, -0.002831, -0.161221, -0.085658, -0.983194, -1.2e-05, 0.0, 0.0, 0.0, 1.0],
                [0.987066, -0.014584, -0.159648, 0.124994, -0.001381, -0.996588, 0.082506, -0.002831, -0.160306, -0.081218, -0.98372, -1.2e-05, 0.0, 0.0, 0.0, 1.0],
                [0.987199, -0.013824, -0.158887, 0.124994, -0.001362, -0.996929, 0.078273, -0.002831, -0.159482, -0.077054, -0.984189, -1.2e-05, 0.0, 0.0, 0.0, 1.0],
                [0.987317, -0.013125, -0.158214, 0.124994, -0.001347, -0.997232, 0.07432, -0.002831, -0.158752, -0.073165, -0.984604, -1.2e-05, 0.0, 0.0, 0.0, 1.0],
                [0.987418, -0.012498, -0.157633, 0.124994, -0.001334, -0.997493, 0.07073, -0.002831, -0.158121, -0.06963, -0.984962, -1.2e-05, 0.0, 0.0, 0.0, 1.0],
                [0.987502, -0.011961, -0.157147, 0.124994, -0.001324, -0.997709, 0.067619, -0.002831, -0.157595, -0.066566, -0.985258, -1.2e-05, 0.0, 0.0, 0.0, 1.0],
                [0.987569, -0.011501, -0.156763, 0.124994, -0.001317, -0.997888, 0.064917, -0.002831, -0.157178, -0.063903, -0.985501, -1.2e-05, 0.0, 0.0, 0.0, 1.0],
                [0.987617, -0.01117, -0.156482, 0.124994, -0.001311, -0.998013, 0.062963, -0.002831, -0.156875, -0.061979, -0.985672, -1.2e-05, 0.0, 0.0, 0.0, 1.0],
                [0.987646, -0.010964, -0.156311, 0.124994, -0.001308, -0.99809, 0.061744, -0.002831, -0.15669, -0.060777, -0.985776, -1.2e-05, 0.0, 0.0, 0.0, 1.0],
                [0.987656, -0.010894, -0.156253, 0.124994, -0.001307, -0.998115, 0.061325, -0.002831, -0.156627, -0.060364, -0.985812, -1.2e-05, 0.0, 0.0, 0.0, 1.0],
                [0.987646, -0.010964, -0.156311, 0.124994, -0.001308, -0.998089, 0.061743, -0.002831, -0.156689, -0.060776, -0.985776, -1.2e-05, 0.0, 0.0, 0.0, 1.0],
                [0.987617, -0.01117, -0.156482, 0.124994, -0.001311, -0.998013, 0.062964, -0.002831, -0.156875, -0.061979, -0.985672, -1.2e-05, 0.0, 0.0, 0.0, 1.0],
                [0.987569, -0.011501, -0.156763, 0.124994, -0.001317, -0.997888, 0.064919, -0.002831, -0.157178, -0.063905, -0.985501, -1.2e-05, 0.0, 0.0, 0.0, 1.0],
                [0.987502, -0.011962, -0.157147, 0.124994, -0.001324, -0.997709, 0.067622, -0.002831, -0.157595, -0.066569, -0.985258, -1.2e-05, 0.0, 0.0, 0.0, 1.0],
                [0.987418, -0.012498, -0.157633, 0.124994, -0.001334, -0.997493, 0.070728, -0.002831, -0.158121, -0.069628, -0.984962, -1.2e-05, 0.0, 0.0, 0.0, 1.0],
                [0.987317, -0.013124, -0.158214, 0.124994, -0.001347, -0.997232, 0.074319, -0.002831, -0.158752, -0.073163, -0.984604, -1.2e-05, 0.0, 0.0, 0.0, 1.0],
                [0.987199, -0.013824, -0.158888, 0.124994, -0.001362, -0.996929, 0.078273, -0.002831, -0.159482, -0.077055, -0.984189, -1.2e-05, 0.0, 0.0, 0.0, 1.0],
                [0.987066, -0.014584, -0.159648, 0.124994, -0.001381, -0.996588, 0.082503, -0.002831, -0.160306, -0.081216, -0.98372, -1.2e-05, 0.0, 0.0, 0.0, 1.0],
                [0.986917, -0.015409, -0.160489, 0.124994, -0.001403, -0.996204, 0.087021, -0.002831, -0.161221, -0.085658, -0.983194, -1.2e-05, 0.0, 0.0, 0.0, 1.0],
                [0.986753, -0.016264, -0.161409, 0.124994, -0.001428, -0.995793, 0.091605, -0.002831, -0.16222, -0.090161, -0.982627, -1.2e-05, 0.0, 0.0, 0.0, 1.0],
                [0.986575, -0.017157, -0.162402, 0.124994, -0.001458, -0.99535, 0.096298, -0.002831, -0.163299, -0.094768, -0.982015, -1.2e-05, 0.0, 0.0, 0.0, 1.0],
                [0.986383, -0.018081, -0.163463, 0.124994, -0.001492, -0.994879, 0.101046, -0.002831, -0.164453, -0.099427, -0.981361, -1.2e-05, 0.0, 0.0, 0.0, 1.0],
                [0.986178, -0.019046, -0.164586, 0.124994, -0.00153, -0.994374, 0.105903, -0.002831, -0.165677, -0.104187, -0.980661, -1.2e-05, 0.0, 0.0, 0.0, 1.0],
                [0.985961, -0.02002, -0.165769, 0.124994, -0.001574, -0.993854, 0.110669, -0.002831, -0.166966, -0.108855, -0.979935, -1.2e-05, 0.0, 0.0, 0.0, 1.0],
                [0.985731, -0.021015, -0.167006, 0.124994, -0.001622, -0.993315, 0.115415, -0.002831, -0.168315, -0.113497, -0.979178, -1.2e-05, 0.0, 0.0, 0.0, 1.0],
                [0.98549, -0.022026, -0.168293, 0.124994, -0.001676, -0.992756, 0.120117, -0.002831, -0.16972, -0.118092, -0.978391, -1.2e-05, 0.0, 0.0, 0.0, 1.0],
                [0.985238, -0.023069, -0.169622, 0.124994, -0.001736, -0.992172, 0.124852, -0.002831, -0.171175, -0.122715, -0.977569, -1.2e-05, 0.0, 0.0, 0.0, 1.0],
                [0.984977, -0.024107, -0.170994, 0.124994, -0.001802, -0.991587, 0.129415, -0.002831, -0.172676, -0.127162, -0.976736, -1.2e-05, 0.0, 0.0, 0.0, 1.0],
                [0.984705, -0.025155, -0.172402, 0.124994, -0.001874, -0.990992, 0.133892, -0.002831, -0.174217, -0.131521, -0.975884, -1.2e-05, 0.0, 0.0, 0.0, 1.0],
                [0.984424, -0.026214, -0.173841, 0.124994, -0.001953, -0.990389, 0.138286, -0.002831, -0.175795, -0.135792, -0.975017, -1.2e-05, 0.0, 0.0, 0.0, 1.0],
                [0.984135, -0.027279, -0.175307, 0.124994, -0.002037, -0.98978, 0.142579, -0.002831, -0.177405, -0.13996, -0.974135, -1.2e-05, 0.0, 0.0, 0.0, 1.0],
                [0.983838, -0.028351, -0.176795, 0.124994, -0.002129, -0.989165, 0.146779, -0.002831, -0.179041, -0.14403, -0.973242, -1.2e-05, 0.0, 0.0, 0.0, 1.0],
                [0.983535, -0.029428, -0.178302, 0.124994, -0.002227, -0.988549, 0.150871, -0.002831, -0.180701, -0.14799, -0.972341, -1.2e-05, 0.0, 0.0, 0.0, 1.0],
                [0.983225, -0.030507, -0.179824, 0.124994, -0.002331, -0.987933, 0.154855, -0.002831, -0.182378, -0.151838, -0.971434, -1.2e-05, 0.0, 0.0, 0.0, 1.0],
                [0.98291, -0.031587, -0.181355, 0.124994, -0.002442, -0.987318, 0.158724, -0.002832, -0.184069, -0.155569, -0.970524, -1.2e-05, 0.0, 0.0, 0.0, 1.0],
                [0.982589, -0.032665, -0.182894, 0.124994, -0.00256, -0.986708, 0.162476, -0.002831, -0.18577, -0.159179, -0.969614, -1.2e-05, 0.0, 0.0, 0.0, 1.0],
                [0.982265, -0.033742, -0.184435, 0.124994, -0.002684, -0.986102, 0.16611, -0.002831, -0.187477, -0.162669, -0.968706, -1.2e-05, 0.0, 0.0, 0.0, 1.0],
                [0.981937, -0.034814, -0.185975, 0.124994, -0.002814, -0.985503, 0.169627, -0.002831, -0.189185, -0.166039, -0.967802, -1.2e-05, 0.0, 0.0, 0.0, 1.0],
                [0.981606, -0.035882, -0.187511, 0.124994, -0.00295, -0.984911, 0.173029, -0.002831, -0.19089, -0.169293, -0.966903, -1.2e-05, 0.0, 0.0, 0.0, 1.0],
                [0.981274, -0.036942, -0.189038, 0.124994, -0.003092, -0.984329, 0.176308, -0.002831, -0.192589, -0.172422, -0.966012, -1.2e-05, 0.0, 0.0, 0.0, 1.0],
                [0.980941, -0.037993, -0.190554, 0.124994, -0.003239, -0.983757, 0.17947, -0.002831, -0.194278, -0.175432, -0.965132, -1.2e-05, 0.0, 0.0, 0.0, 1.0],
                [0.980607, -0.039034, -0.192056, 0.124994, -0.003391, -0.983196, 0.182513, -0.002831, -0.195953, -0.178322, -0.964263, -1.2e-05, 0.0, 0.0, 0.0, 1.0],
                [0.980273, -0.040063, -0.19354, 0.124994, -0.003548, -0.982647, 0.18544, -0.002831, -0.197611, -0.181095, -0.963408, -1.2e-05, 0.0, 0.0, 0.0, 1.0],
                [0.979942, -0.041077, -0.195002, 0.124994, -0.003708, -0.982113, 0.188247, -0.002831, -0.199247, -0.183748, -0.962568, -1.2e-05, 0.0, 0.0, 0.0, 1.0],
                [0.979612, -0.042076, -0.196441, 0.124994, -0.003873, -0.981593, 0.190939, -0.002831, -0.20086, -0.186286, -0.961745, -1.2e-05, 0.0, 0.0, 0.0, 1.0],
                [0.979285, -0.043058, -0.197854, 0.124994, -0.00404, -0.981087, 0.193517, -0.002831, -0.202444, -0.188708, -0.96094, -1.2e-05, 0.0, 0.0, 0.0, 1.0],
                [0.978962, -0.044021, -0.199236, 0.124994, -0.00421, -0.980597, 0.19598, -0.002831, -0.203998, -0.191018, -0.960155, -1.2e-05, 0.0, 0.0, 0.0, 1.0],
                [0.978643, -0.044963, -0.200586, 0.124994, -0.004381, -0.980124, 0.198328, -0.002831, -0.205517, -0.193214, -0.959391, -1.2e-05, 0.0, 0.0, 0.0, 1.0],
                [0.97833, -0.045883, -0.201902, 0.124994, -0.004554, -0.979668, 0.200567, -0.002831, -0.206999, -0.195301, -0.958649, -1.2e-05, 0.0, 0.0, 0.0, 1.0],
                [0.978023, -0.046778, -0.203179, 0.124994, -0.004727, -0.979229, 0.202695, -0.002831, -0.208441, -0.19728, -0.957932, -1.2e-05, 0.0, 0.0, 0.0, 1.0],
                [0.977723, -0.047648, -0.204417, 0.124994, -0.0049, -0.978808, 0.204714, -0.002831, -0.20984, -0.199152, -0.957239, -1.2e-05, 0.0, 0.0, 0.0, 1.0],
                [0.977431, -0.048489, -0.205613, 0.124994, -0.005072, -0.978405, 0.206627, -0.002831, -0.211192, -0.20092, -0.956572, -1.2e-05, 0.0, 0.0, 0.0, 1.0],
                [0.977147, -0.049301, -0.206763, 0.124994, -0.005242, -0.978022, 0.20843, -0.002832, -0.212495, -0.202583, -0.955932, -1.2e-05, 0.0, 0.0, 0.0, 1.0],
                [0.976874, -0.050081, -0.207867, 0.124994, -0.005409, -0.977657, 0.210128, -0.002831, -0.213746, -0.204144, -0.955321, -1.2e-05, 0.0, 0.0, 0.0, 1.0],
                [0.97661, -0.050829, -0.208921, 0.124994, -0.005573, -0.977312, 0.211723, -0.002831, -0.214943, -0.205607, -0.954738, -1.2e-05, 0.0, 0.0, 0.0, 1.0],
                [0.976358, -0.051542, -0.209924, 0.124994, -0.005732, -0.976987, 0.213216, -0.002831, -0.216082, -0.206972, -0.954186, -1.2e-05, 0.0, 0.0, 0.0, 1.0],
                [0.976117, -0.052217, -0.210872, 0.124994, -0.005886, -0.976682, 0.214604, -0.002831, -0.217161, -0.208238, -0.953666, -1.2e-05, 0.0, 0.0, 0.0, 1.0],
                [0.97589, -0.052854, -0.211765, 0.124994, -0.006034, -0.976397, 0.215892, -0.002831, -0.218178, -0.209408, -0.953177, -1.2e-05, 0.0, 0.0, 0.0, 1.0],
                [0.975676, -0.053451, -0.212599, 0.124994, -0.006175, -0.976133, 0.217079, -0.002831, -0.219129, -0.210486, -0.952721, -1.2e-05, 0.0, 0.0, 0.0, 1.0],
                [0.975476, -0.054006, -0.213373, 0.124994, -0.006308, -0.97589, 0.218166, -0.002831, -0.220011, -0.211469, -0.9523, -1.2e-05, 0.0, 0.0, 0.0, 1.0],
                [0.975292, -0.054517, -0.214085, 0.124994, -0.006432, -0.975668, 0.219154, -0.002831, -0.220823, -0.212362, -0.951914, -1.2e-05, 0.0, 0.0, 0.0, 1.0],
                [0.975124, -0.054983, -0.214731, 0.124994, -0.006547, -0.975467, 0.220041, -0.002831, -0.221562, -0.213162, -0.951563, -1.2e-05, 0.0, 0.0, 0.0, 1.0],
                [0.974972, -0.0554, -0.215311, 0.124994, -0.006651, -0.975289, 0.220829, -0.002831, -0.222224, -0.21387, -0.95125, -1.2e-05, 0.0, 0.0, 0.0, 1.0],
                [0.974839, -0.055768, -0.215821, 0.124994, -0.006744, -0.975132, 0.221516, -0.002831, -0.222808, -0.214487, -0.950974, -1.2e-05, 0.0, 0.0, 0.0, 1.0],
                [0.974723, -0.056085, -0.216259, 0.124994, -0.006824, -0.974998, 0.222103, -0.002831, -0.223309, -0.215013, -0.950738, -1.2e-05, 0.0, 0.0, 0.0, 1.0],
                [0.974627, -0.056349, -0.216624, 0.124994, -0.006892, -0.974887, 0.222586, -0.002831, -0.223726, -0.215445, -0.950542, -1.2e-05, 0.0, 0.0, 0.0, 1.0],
                [0.974551, -0.056558, -0.216912, 0.124994, -0.006945, -0.9748, 0.222966, -0.002831, -0.224056, -0.215785, -0.950387, -1.2e-05, 0.0, 0.0, 0.0, 1.0],
                [0.974495, -0.056709, -0.217121, 0.124994, -0.006984, -0.974737, 0.223242, -0.002831, -0.224296, -0.216032, -0.950274, -1.2e-05, 0.0, 0.0, 0.0, 1.0],
                [0.974462, -0.056801, -0.217248, 0.124994, -0.007008, -0.974698, 0.223408, -0.002831, -0.224442, -0.21618, -0.950206, -1.2e-05, 0.0, 0.0, 0.0, 1.0],
                [0.97445, -0.056833, -0.217291, 0.124994, -0.007016, -0.974685, 0.223465, -0.002831, -0.224491, -0.216231, -0.950183, -1.2e-05, 0.0, 0.0, 0.0, 1.0]
            ]
        },
        {
            "name": "Leg_R",
            "time": [0.0, 0.0333, 0.0667, 0.1, 0.1333, 0.1667, 0.2, 0.2333, 0.2667, 0.3, 0.3333, 0.3667, 0.4, 0.4333, 0.4667, 0.5, 0.5333, 0.5667, 0.6, 0.6333, 0.6667, 0.7, 0.7333, 0.7667, 0.8, 0.8333, 0.8667, 0.9, 0.9333, 0.9667, 1.0, 1.0333, 1.0667, 1.1, 1.1333, 1.1667, 1.2, 1.2333, 1.2667, 1.3, 1.3333, 1.3667, 1.4, 1.4333, 1.4667, 1.5, 1.5333, 1.5667, 1.6, 1.6333, 1.6667, 1.7, 1.7333, 1.7667, 1.8, 1.8333, 1.8667, 1.9, 1.9333, 1.9667, 2.0, 2.0333, 2.0667, 2.1, 2.1333, 2.1667, 2.2, 2.2333, 2.2667, 2.3, 2.3333, 2.3667, 2.4, 2.4333, 2.4667, 2.5, 2.5333, 2.5667, 2.6, 2.6333, 2.6667, 2.7, 2.7333, 2.7667, 2.8, 2.8333, 2.8667, 2.9, 2.9333, 2.9667, 3.0, 3.0333, 3.0667, 3.1, 3.1333, 3.1667, 3.2, 3.2333, 3.2667, 3.3, 3.3333, 3.3667, 3.4, 3.4333, 3.4667, 3.5, 3.5333, 3.5667, 3.6, 3.6333, 3.6667, 3.7, 3.7333, 3.7667, 3.8, 3.8333, 3.8667, 3.9, 3.9333, 3.9667, 4.0],
            "transform": [
                [1.0, -0.0, 1e-06, 0.0, -0.0, 0.812261, 0.583299, 0.374726, -1e-06, -0.583301, 0.812254, -0.0, 0.0, 0.0, 0.0, 1.0],
                [1.000001, -0.0, 1e-06, -0.0, -0.0, 0.812394, 0.583111, 0.374726, -1e-06, -0.583114, 0.812389, -0.0, 0.0, 0.0, 0.0, 1.0],
                [1.0, -0.0, 1e-06, -0.0, -0.0, 0.812788, 0.582562, 0.374726, -1e-06, -0.582565, 0.812783, -0.0, 0.0, 0.0, 0.0, 1.0],
                [1.000001, -0.0, 1e-06, 0.0, -0.0, 0.813438, 0.581655, 0.374726, -1e-06, -0.581658, 0.813431, -0.0, 0.0, 0.0, 0.0, 1.0],
