{
    "animation": [
        {
            "name": "Root",
            "time": [0.0, 0.0333, 0.0667, 0.1, 0.1333, 0.1667, 0.2, 0.2333, 0.2667, 0.3, 0.3333, 0.3667, 0.4, 0.4333, 0.4667, 0.5, 0.5333, 0.5667, 0.6, 0.6333, 0.6667, 0.7, 0.7333, 0.7667, 0.8, 0.8333, 0.8667, 0.9, 0.9333, 0.9667, 1.0, 1.0333, 1.0667, 1.1, 1.1333, 1.1667, 1.2, 1.2333, 1.2667, 1.3, 1.3333, 1.3667, 1.4, 1.4333, 1.4667, 1.5, 1.5333, 1.5667, 1.6, 1.6333, 1.6667, 1.7, 1.7333, 1.7667, 1.8, 1.8333, 1.8667, 1.9, 1.9333, 1.9667, 2.0, 2.0333, 2.0667, 2.1, 2.1333, 2.1667, 2.2, 2.2333, 2.2667, 2.3, 2.3333, 2.3667, 2.4, 2.4333, 2.4667, 2.5, 2.5333, 2.5667, 2.6, 2.6333, 2.6667, 2.7, 2.7333, 2.7667, 2.8, 2.8333, 2.8667, 2.9, 2.9333, 2.9667, 3.0, 3.0333, 3.0667, 3.1, 3.1333, 3.1667, 3.2, 3.2333, 3.2667, 3.3, 3.3333, 3.3667, 3.4, 3.4333, 3.4667, 3.5, 3.5333, 3.5667, 3.6, 3.6333, 3.6667, 3.7, 3.7333, 3.7667, 3.8, 3.8333, 3.8667, 3.9, 3.9333, 3.9667, 4.0],
            "transform": [
                [0.794496, 0.0, -0.60727, -0.056236, -0.60727, 0.0, -0.794496, 0.005337, 0.0, 1.0, 0.0, 1.627948, 0.0, 0.0, 0.0, 1.0],
                [0.794496, 0.0, -0.60727, -0.056236, -0.60727, 0.0, -0.794496, 0.005337, 0.0, 1.0, 0.0, 1.628185, 0.0, 0.0, 0.0, 1.0],
                [0.794496, 0.0, -0.60727, -0.056236, -0.60727, 0.0, -0.794496, 0.005337, 0.0, 1.0, 0.0, 1.628885, 0.0, 0.0, 0.0, 1.0],
                [0.794496, 0.0, -0.60727, -0.056236, -0.60727, 0.0, -0.794496, 0.005337, 0.0, 1.0, 0.0, 1.630032, 0.0, 0.0, 0.0, 1.0],
                [0.794496, 0.0, -0.60727, -0.056236, -0.60727, 0.0, -0.794496, 0.005337, 0.0, 1.0, 0.0, 1.63161, 0.0, 0.0, 0.0, 1.0],
                [0.794496, 0.0, -0.60727, -0.056236, -0.60727, 0.0, -0.794496, 0.005337, 0.0, 1.0, 0.0, 1.633603, 0.0, 0.0, 0.0, 1.0],
                [0.794496, 0.0, -0.60727, -0.056236, -0.60727, 0.0, -0.794496, 0.005337, 0.0, 1.0, 0.0, 1.635995, 0.0, 0.0, 0.0, 1.0],
                [0.794496, 0.0, -0.60727, -0.056236, -0.60727, 0.0, -0.794496, 0.005337, 0.0, 1.0, 0.0, 1.638771, 0.0, 0.0, 0.0, 1.0],
                [0.794496, 0.0, -0.60727, -0.056236, -0.60727, 0.0, -0.794496, 0.005337, 0.0, 1.0, 0.0, 1.641914, 0.0, 0.0, 0.0, 1.0],
                [0.794496, 0.0, -0.60727, -0.056236, -0.60727, 0.0, -0.794496, 0.005337, 0.0, 1.0, 0.0, 1.645408, 0.0, 0.0, 0.0, 1.0],
                [0.794496, 0.0, -0.60727, -0.056236, -0.60727, 0.0, -0.794496, 0.005337, 0.0, 1.0, 0.0, 1.649237, 0.0, 0.0, 0.0, 1.0],
                [0.794496, 0.0, -0.60727, -0.056236, -0.60727, 0.0, -0.794496, 0.005337, 0.0, 1.0, 0.0, 1.653386, 0.0, 0.0, 0.0, 1.0],
                [0.794496, 0.0, -0.60727, -0.056236, -0.60727, 0.0, -0.794496, 0.005337, 0.0, 1.0, 0.0, 1.657838, 0.0, 0.0, 0.0, 1.0],
                [0.794496, 0.0, -0.60727, -0.056236, -0.60727, 0.0, -0.794496, 0.005337, 0.0, 1.0, 0.0, 1.662577, 0.0, 0.0, 0.0, 1.0],
                [0.794496, 0.0, -0.60727, -0.056236, -0.60727, 0.0, -0.794496, 0.005337, 0.0, 1.0, 0.0, 1.667588, 0.0, 0.0, 0.0, 1.0],
                [0.794496, 0.0, -0.60727, -0.056236, -0.60727, 0.0, -0.794496, 0.005337, 0.0, 1.0, 0.0, 1.672854, 0.0, 0.0, 0.0, 1.0],
                [0.794496, 0.0, -0.60727, -0.056236, -0.60727, 0.0, -0.794496, 0.005337, 0.0, 1.0, 0.0, 1.67836, 0.0, 0.0, 0.0, 1.0],
                [0.794496, 0.0, -0.60727, -0.056236, -0.60727, 0.0, -0.794496, 0.005337, 0.0, 1.0, 0.0, 1.68409, 0.0, 0.0, 0.0, 1.0],
                [0.794496, 0.0, -0.60727, -0.056236, -0.60727, 0.0, -0.794496, 0.005337, 0.0, 1.0, 0.0, 1.690027, 0.0, 0.0, 0.0, 1.0],
                [0.794496, 0.0, -0.60727, -0.056236, -0.60727, 0.0, -0.794496, 0.005337, 0.0, 1.0, 0.0, 1.696155, 0.0, 0.0, 0.0, 1.0],
                [0.794496, 0.0, -0.60727, -0.056236, -0.60727, 0.0, -0.794496, 0.005337, 0.0, 1.0, 0.0, 1.702459, 0.0, 0.0, 0.0, 1.0],
                [0.794496, 0.0, -0.60727, -0.056236, -0.60727, 0.0, -0.794496, 0.005337, 0.0, 1.0, 0.0, 1.708923, 0.0, 0.0, 0.0, 1.0],
                [0.794496, 0.0, -0.60727, -0.056236, -0.60727, 0.0, -0.794496, 0.005337, 0.0, 1.0, 0.0, 1.715531, 0.0, 0.0, 0.0, 1.0],
                [0.794496, 0.0, -0.60727, -0.056236, -0.60727, 0.0, -0.794496, 0.005337, 0.0, 1.0, 0.0, 1.722266, 0.0, 0.0, 0.0, 1.0],
                [0.794496, 0.0, -0.60727, -0.056236, -0.60727, 0.0, -0.794496, 0.005337, 0.0, 1.0, 0.0, 1.729113, 0.0, 0.0, 0.0, 1.0],
                [0.794496, 0.0, -0.60727, -0.056236, -0.60727, 0.0, -0.794496, 0.005337, 0.0, 1.0, 0.0, 1.736056, 0.0, 0.0, 0.0, 1.0],
                [0.794496, 0.0, -0.60727, -0.056236, -0.60727, 0.0, -0.794496, 0.005337, 0.0, 1.0, 0.0, 1.743079, 0.0, 0.0, 0.0, 1.0],
                [0.794496, 0.0, -0.60727, -0.056236, -0.60727, 0.0, -0.794496, 0.005337, 0.0, 1.0, 0.0, 1.750165, 0.0, 0.0, 0.0, 1.0],
                [0.794496, 0.0, -0.60727, -0.056236, -0.60727, 0.0, -0.794496, 0.005337, 0.0, 1.0, 0.0, 1.7573, 0.0, 0.0, 0.0, 1.0],
                [0.794496, 0.0, -0.60727, -0.056236, -0.60727, 0.0, -0.794496, 0.005337, 0.0, 1.0, 0.0, 1.764466, 0.0, 0.0, 0.0, 1.0],
                [0.794496, 0.0, -0.60727, -0.056236, -0.60727, 0.0, -0.794496, 0.005337, 0.0, 1.0, 0.0, 1.771648, 0.0, 0.0, 0.0, 1.0],
                [0.794496, 0.0, -0.60727, -0.056236, -0.60727, 0.0, -0.794496, 0.005337, 0.0, 1.0, 0.0, 1.778831, 0.0, 0.0, 0.0, 1.0],
                [0.794496, 0.0, -0.60727, -0.056236, -0.60727, 0.0, -0.794496, 0.005337, 0.0, 1.0, 0.0, 1.785997, 0.0, 0.0, 0.0, 1.0],
                [0.794496, 0.0, -0.60727, -0.056236, -0.60727, 0.0, -0.794496, 0.005337, 0.0, 1.0, 0.0, 1.793132, 0.0, 0.0, 0.0, 1.0],
                [0.794496, 0.0, -0.60727, -0.056236, -0.60727, 0.0, -0.794496, 0.005337, 0.0, 1.0, 0.0, 1.800218, 0.0, 0.0, 0.0, 1.0],
                [0.794496, 0.0, -0.60727, -0.056236, -0.60727, 0.0, -0.794496, 0.005337, 0.0, 1.0, 0.0, 1.807241, 0.0, 0.0, 0.0, 1.0],
                [0.794496, 0.0, -0.60727, -0.056236, -0.60727, 0.0, -0.794496, 0.005337, 0.0, 1.0, 0.0, 1.814184, 0.0, 0.0, 0.0, 1.0],
                [0.794496, 0.0, -0.60727, -0.056236, -0.60727, 0.0, -0.794496, 0.005337, 0.0, 1.0, 0.0, 1.821031, 0.0, 0.0, 0.0, 1.0],
                [0.794496, 0.0, -0.60727, -0.056236, -0.60727, 0.0, -0.794496, 0.005337, 0.0, 1.0, 0.0, 1.827766, 0.0, 0.0, 0.0, 1.0],
                [0.794496, 0.0, -0.60727, -0.056236, -0.60727, 0.0, -0.794496, 0.005337, 0.0, 1.0, 0.0, 1.834373, 0.0, 0.0, 0.0, 1.0],
                [0.794496, 0.0, -0.60727, -0.056236, -0.60727, 0.0, -0.794496, 0.005337, 0.0, 1.0, 0.0, 1.840837, 0.0, 0.0, 0.0, 1.0],
                [0.794496, 0.0, -0.60727, -0.056236, -0.60727, 0.0, -0.794496, 0.005337, 0.0, 1.0, 0.0, 1.847142, 0.0, 0.0, 0.0, 1.0],
                [0.794496, 0.0, -0.60727, -0.056236, -0.60727, 0.0, -0.794496, 0.005337, 0.0, 1.0, 0.0, 1.85327, 0.0, 0.0, 0.0, 1.0],
                [0.794496, 0.0, -0.60727, -0.056236, -0.60727, 0.0, -0.794496, 0.005337, 0.0, 1.0, 0.0, 1.859207, 0.0, 0.0, 0.0, 1.0],
                [0.794496, 0.0, -0.60727, -0.056236, -0.60727, 0.0, -0.794496, 0.005337, 0.0, 1.0, 0.0, 1.864936, 0.0, 0.0, 0.0, 1.0],
                [0.794496, 0.0, -0.60727, -0.056236, -0.60727, 0.0, -0.794496, 0.005337, 0.0, 1.0, 0.0, 1.870442, 0.0, 0.0, 0.0, 1.0],
                [0.794496, 0.0, -0.60727, -0.056236, -0.60727, 0.0, -0.794496, 0.005337, 0.0, 1.0, 0.0, 1.875709, 0.0, 0.0, 0.0, 1.0],
                [0.794496, 0.0, -0.60727, -0.056236, -0.60727, 0.0, -0.794496, 0.005337, 0.0, 1.0, 0.0, 1.880719, 0.0, 0.0, 0.0, 1.0],
                [0.794496, 0.0, -0.60727, -0.056236, -0.60727, 0.0, -0.794496, 0.005337, 0.0, 1.0, 0.0, 1.885459, 0.0, 0.0, 0.0, 1.0],
                [0.794496, 0.0, -0.60727, -0.056236, -0.60727, 0.0, -0.794496, 0.005337, 0.0, 1.0, 0.0, 1.889911, 0.0, 0.0, 0.0, 1.0],
                [0.794496, 0.0, -0.60727, -0.056236, -0.60727, 0.0, -0.794496, 0.005337, 0.0, 1.0, 0.0, 1.89406, 0.0, 0.0, 0.0, 1.0],
                [0.794496, 0.0, -0.60727, -0.056236, -0.60727, 0.0, -0.794496, 0.005337, 0.0, 1.0, 0.0, 1.897889, 0.0, 0.0, 0.0, 1.0],
                [0.794496, 0.0, -0.60727, -0.056236, -0.60727, 0.0, -0.794496, 0.005337, 0.0, 1.0, 0.0, 1.901383, 0.0, 0.0, 0.0, 1.0],
                [0.794496, 0.0, -0.60727, -0.056236, -0.60727, 0.0, -0.794496, 0.005337, 0.0, 1.0, 0.0, 1.904526, 0.0, 0.0, 0.0, 1.0],
                [0.794496, 0.0, -0.60727, -0.056236, -0.60727, 0.0, -0.794496, 0.005337, 0.0, 1.0, 0.0, 1.907301, 0.0, 0.0, 0.0, 1.0],
                [0.794496, 0.0, -0.60727, -0.056236, -0.60727, 0.0, -0.794496, 0.005337, 0.0, 1.0, 0.0, 1.909694, 0.0, 0.0, 0.0, 1.0],
                [0.794496, 0.0, -0.60727, -0.056236, -0.60727, 0.0, -0.794496, 0.005337, 0.0, 1.0, 0.0, 1.911687, 0.0, 0.0, 0.0, 1.0],
                [0.794496, 0.0, -0.60727, -0.056236, -0.60727, 0.0, -0.794496, 0.005337, 0.0, 1.0, 0.0, 1.913265, 0.0, 0.0, 0.0, 1.0],
                [0.794496, 0.0, -0.60727, -0.056236, -0.60727, 0.0, -0.794496, 0.005337, 0.0, 1.0, 0.0, 1.914412, 0.0, 0.0, 0.0, 1.0],
                [0.794496, 0.0, -0.60727, -0.056236, -0.60727, 0.0, -0.794496, 0.005337, 0.0, 1.0, 0.0, 1.915112, 0.0, 0.0, 0.0, 1.0],
                [0.794496, 0.0, -0.60727, -0.056236, -0.60727, 0.0, -0.794496, 0.005337, 0.0, 1.0, 0.0, 1.915349, 0.0, 0.0, 0.0, 1.0],
                [0.794496, 0.0, -0.60727, -0.056236, -0.60727, 0.0, -0.794496, 0.005337, 0.0, 1.0, 0.0, 1.915112, 0.0, 0.0, 0.0, 1.0],
                [0.794496, 0.0, -0.60727, -0.056236, -0.60727, 0.0, -0.794496, 0.005337, 0.0, 1.0, 0.0, 1.914412, 0.0, 0.0, 0.0, 1.0],
                [0.794496, 0.0, -0.60727, -0.056236, -0.60727, 0.0, -0.794496, 0.005337, 0.0, 1.0, 0.0, 1.913265, 0.0, 0.0, 0.0, 1.0],
                [0.794496, 0.0, -0.60727, -0.056236, -0.60727, 0.0, -0.794496, 0.005337, 0.0, 1.0, 0.0, 1.911687, 0.0, 0.0, 0.0, 1.0],
                [0.794496, 0.0, -0.60727, -0.056236, -0.60727, 0.0, -0.794496, 0.005337, 0.0, 1.0, 0.0, 1.909694, 0.0, 0.0, 0.0, 1.0],
                [0.794496, 0.0, -0.60727, -0.056236, -0.60727, 0.0, -0.794496, 0.005337, 0.0, 1.0, 0.0, 1.907301, 0.0, 0.0, 0.0, 1.0],
                [0.794496, 0.0, -0.60727, -0.056236, -0.60727, 0.0, -0.794496, 0.005337, 0.0, 1.0, 0.0, 1.904526, 0.0, 0.0, 0.0, 1.0],
                [0.794496, 0.0, -0.60727, -0.056236, -0.60727, 0.0, -0.794496, 0.005337, 0.0, 1.0, 0.0, 1.901383, 0.0, 0.0, 0.0, 1.0],
                [0.794496, 0.0, -0.60727, -0.056236, -0.60727, 0.0, -0.794496, 0.005337, 0.0, 1.0, 0.0, 1.897889, 0.0, 0.0, 0.0, 1.0],
                [0.794496, 0.0, -0.60727, -0.056236, -0.60727, 0.0, -0.794496, 0.005337, 0.0, 1.0, 0.0, 1.89406, 0.0, 0.0, 0.0, 1.0],
                [0.794496, 0.0, -0.60727, -0.056236, -0.60727, 0.0, -0.794496, 0.005337, 0.0, 1.0, 0.0, 1.889911, 0.0, 0.0, 0.0, 1.0],
                [0.794496, 0.0, -0.60727, -0.056236, -0.60727, 0.0, -0.794496, 0.005337, 0.0, 1.0, 0.0, 1.885459, 0.0, 0.0, 0.0, 1.0],
                [0.794496, 0.0, -0.60727, -0.056236, -0.60727, 0.0, -0.794496, 0.005337, 0.0, 1.0, 0.0, 1.880719, 0.0, 0.0, 0.0, 1.0],
                [0.794496, 0.0, -0.60727, -0.056236, -0.60727, 0.0, -0.794496, 0.005337, 0.0, 1.0, 0.0, 1.875708, 0.0, 0.0, 0.0, 1.0],
                [0.794496, 0.0, -0.60727, -0.056236, -0.60727, 0.0, -0.794496, 0.005337, 0.0, 1.0, 0.0, 1.870442, 0.0, 0.0, 0.0, 1.0],
                [0.794496, 0.0, -0.60727, -0.056236, -0.60727, 0.0, -0.794496, 0.005337, 0.0, 1.0, 0.0, 1.864936, 0.0, 0.0, 0.0, 1.0],
                [0.794496, 0.0, -0.60727, -0.056236, -0.60727, 0.0, -0.794496, 0.005337, 0.0, 1.0, 0.0, 1.859207, 0.0, 0.0, 0.0, 1.0],
                [0.794496, 0.0, -0.60727, -0.056236, -0.60727, 0.0, -0.794496, 0.005337, 0.0, 1.0, 0.0, 1.85327, 0.0, 0.0, 0.0, 1.0],
                [0.794496, 0.0, -0.60727, -0.056236, -0.60727, 0.0, -0.794496, 0.005337, 0.0, 1.0, 0.0, 1.847142, 0.0, 0.0, 0.0, 1.0],
                [0.794496, 0.0, -0.60727, -0.056236, -0.60727, 0.0, -0.794496, 0.005337, 0.0, 1.0, 0.0, 1.840837, 0.0, 0.0, 0.0, 1.0],
                [0.794496, 0.0, -0.60727, -0.056236, -0.60727, 0.0, -0.794496, 0.005337, 0.0, 1.0, 0.0, 1.834373, 0.0, 0.0, 0.0, 1.0],
                [0.794496, 0.0, -0.60727, -0.056236, -0.60727, 0.0, -0.794496, 0.005337, 0.0, 1.0, 0.0, 1.827766, 0.0, 0.0, 0.0, 1.0],
                [0.794496, 0.0, -0.60727, -0.056236, -0.60727, 0.0, -0.794496, 0.005337, 0.0, 1.0, 0.0, 1.821031, 0.0, 0.0, 0.0, 1.0],
                [0.794496, 0.0, -0.60727, -0.056236, -0.60727, 0.0, -0.794496, 0.005337, 0.0, 1.0, 0.0, 1.814184, 0.0, 0.0, 0.0, 1.0],
                [0.794496, 0.0, -0.60727, -0.056236, -0.60727, 0.0, -0.794496, 0.005337, 0.0, 1.0, 0.0, 1.807241, 0.0, 0.0, 0.0, 1.0],
                [0.794496, 0.0, -0.60727, -0.056236, -0.60727, 0.0, -0.794496, 0.005337, 0.0, 1.0, 0.0, 1.800218, 0.0, 0.0, 0.0, 1.0],
                [0.794496, 0.0, -0.60727, -0.056236, -0.60727, 0.0, -0.794496, 0.005337, 0.0, 1.0, 0.0, 1.793131, 0.0, 0.0, 0.0, 1.0],
                [0.794496, 0.0, -0.60727, -0.056236, -0.60727, 0.0, -0.794496, 0.005337, 0.0, 1.0, 0.0, 1.785997, 0.0, 0.0, 0.0, 1.0],
                [0.794496, 0.0, -0.60727, -0.056236, -0.60727, 0.0, -0.794496, 0.005337, 0.0, 1.0, 0.0, 1.778831, 0.0, 0.0, 0.0, 1.0],
                [0.794496, 0.0, -0.60727, -0.056236, -0.60727, 0.0, -0.794496, 0.005337, 0.0, 1.0, 0.0, 1.771648, 0.0, 0.0, 0.0, 1.0],
                [0.794496, 0.0, -0.60727, -0.056236, -0.60727, 0.0, -0.794496, 0.005337, 0.0, 1.0, 0.0, 1.764466, 0.0, 0.0, 0.0, 1.0],
                [0.794496, 0.0, -0.60727, -0.056236, -0.60727, 0.0, -0.794496, 0.005337, 0.0, 1.0, 0.0, 1.7573, 0.0, 0.0, 0.0, 1.0],
                [0.794496, 0.0, -0.60727, -0.056236, -0.60727, 0.0, -0.794496, 0.005337, 0.0, 1.0, 0.0, 1.750165, 0.0, 0.0, 0.0, 1.0],
                [0.794496, 0.0, -0.60727, -0.056236, -0.60727, 0.0, -0.794496, 0.005337, 0.0, 1.0, 0.0, 1.743079, 0.0, 0.0, 0.0, 1.0],
                [0.794496, 0.0, -0.60727, -0.056236, -0.60727, 0.0, -0.794496, 0.005337, 0.0, 1.0, 0.0, 1.736056, 0.0, 0.0, 0.0, 1.0],
                [0.794496, 0.0, -0.60727, -0.056236, -0.60727, 0.0, -0.794496, 0.005337, 0.0, 1.0, 0.0, 1.729113, 0.0, 0.0, 0.0, 1.0],
                [0.794496, 0.0, -0.60727, -0.056236, -0.60727, 0.0, -0.794496, 0.005337, 0.0, 1.0, 0.0, 1.722266, 0.0, 0.0, 0.0, 1.0],
                [0.794496, 0.0, -0.60727, -0.056236, -0.60727, 0.0, -0.794496, 0.005337, 0.0, 1.0, 0.0, 1.715531, 0.0, 0.0, 0.0, 1.0],
                [0.794496, 0.0, -0.60727, -0.056236, -0.60727, 0.0, -0.794496, 0.005337, 0.0, 1.0, 0.0, 1.708923, 0.0, 0.0, 0.0, 1.0],
                [0.794496, 0.0, -0.60727, -0.056236, -0.60727, 0.0, -0.794496, 0.005337, 0.0, 1.0, 0.0, 1.702459, 0.0, 0.0, 0.0, 1.0],
                [0.794496, 0.0, -0.60727, -0.056236, -0.60727, 0.0, -0.794496, 0.005337, 0.0, 1.0, 0.0, 1.696155, 0.0, 0.0, 0.0, 1.0],
                [0.794496, 0.0, -0.60727, -0.056236, -0.60727, 0.0, -0.794496, 0.005337, 0.0, 1.0, 0.0, 1.690027, 0.0, 0.0, 0.0, 1.0],
                [0.794496, 0.0, -0.60727, -0.056236, -0.60727, 0.0, -0.794496, 0.005337, 0.0, 1.0, 0.0, 1.68409, 0.0, 0.0, 0.0, 1.0],
                [0.794496, 0.0, -0.60727, -0.056236, -0.60727, 0.0, -0.794496, 0.005337, 0.0, 1.0, 0.0, 1.67836, 0.0, 0.0, 0.0, 1.0],
                [0.794496, 0.0, -0.60727, -0.056236, -0.60727, 0.0, -0.794496, 0.005337, 0.0, 1.0, 0.0, 1.672854, 0.0, 0.0, 0.0, 1.0],
                [0.794496, 0.0, -0.60727, -0.056236, -0.60727, 0.0, -0.794496, 0.005337, 0.0, 1.0, 0.0, 1.667588, 0.0, 0.0, 0.0, 1.0],
                [0.794496, 0.0, -0.60727, -0.056236, -0.60727, 0.0, -0.794496, 0.005337, 0.0, 1.0, 0.0, 1.662577, 0.0, 0.0, 0.0, 1.0],
                [0.794496, 0.0, -0.60727, -0.056236, -0.60727, 0.0, -0.794496, 0.005337, 0.0, 1.0, 0.0, 1.657838, 0.0, 0.0, 0.0, 1.0],
                [0.794496, 0.0, -0.60727, -0.056236, -0.60727, 0.0, -0.794496, 0.005337, 0.0, 1.0, 0.0, 1.653386, 0.0, 0.0, 0.0, 1.0],
                [0.794496, 0.0, -0.60727, -0.056236, -0.60727, 0.0, -0.794496, 0.005337, 0.0, 1.0, 0.0, 1.649237, 0.0, 0.0, 0.0, 1.0],
                [0.794496, 0.0, -0.60727, -0.056236, -0.60727, 0.0, -0.794496, 0.005337, 0.0, 1.0, 0.0, 1.645408, 0.0, 0.0, 0.0, 1.0],
                [0.794496, 0.0, -0.60727, -0.056236, -0.60727, 0.0, -0.794496, 0.005337, 0.0, 1.0, 0.0, 1.641914, 0.0, 0.0, 0.0, 1.0],
                [0.794496, 0.0, -0.60727, -0.056236, -0.60727, 0.0, -0.794496, 0.005337, 0.0, 1.0, 0.0, 1.638771, 0.0, 0.0, 0.0, 1.0],
                [0.794496, 0.0, -0.60727, -0.056236, -0.60727, 0.0, -0.794496, 0.005337, 0.0, 1.0, 0.0, 1.635995, 0.0, 0.0, 0.0, 1.0],
                [0.794496, 0.0, -0.60727, -0.056236, -0.60727, 0.0, -0.794496, 0.005337, 0.0, 1.0, 0.0, 1.633603, 0.0, 0.0, 0.0, 1.0],
                [0.794496, 0.0, -0.60727, -0.056236, -0.60727, 0.0, -0.794496, 0.005337, 0.0, 1.0, 0.0, 1.63161, 0.0, 0.0, 0.0, 1.0],
                [0.794496, 0.0, -0.60727, -0.056236, -0.60727, 0.0, -0.794496, 0.005337, 0.0, 1.0, 0.0, 1.630032, 0.0, 0.0, 0.0, 1.0],
                [0.794496, 0.0, -0.60727, -0.056236, -0.60727, 0.0, -0.794496, 0.005337, 0.0, 1.0, 0.0, 1.628885, 0.0, 0.0, 0.0, 1.0],
                [0.794496, 0.0, -0.60727, -0.056236, -0.60727, 0.0, -0.794496, 0.005337, 0.0, 1.0, 0.0, 1.628185, 0.0, 0.0, 0.0, 1.0],
                [0.794496, 0.0, -0.60727, -0.056236, -0.60727, 0.0, -0.794496, 0.005337, 0.0, 1.0, 0.0, 1.627948, 0.0, 0.0, 0.0, 1.0]
            ]
        },
        {
            "name": "Thigh_R",
            "time": [0.0, 0.0333, 0.0667, 0.1, 0.1333, 0.1667, 0.2, 0.2333, 0.2667, 0.3, 0.3333, 0.3667, 0.4, 0.4333, 0.4667, 0.5, 0.5333, 0.5667, 0.6, 0.6333, 0.6667, 0.7, 0.7333, 0.7667, 0.8, 0.8333, 0.8667, 0.9, 0.9333, 0.9667, 1.0, 1.0333, 1.0667, 1.1, 1.1333, 1.1667, 1.2, 1.2333, 1.2667, 1.3, 1.3333, 1.3667, 1.4, 1.4333, 1.4667, 1.5, 1.5333, 1.5667, 1.6, 1.6333, 1.6667, 1.7, 1.7333, 1.7667, 1.8, 1.8333, 1.8667, 1.9, 1.9333, 1.9667, 2.0, 2.0333, 2.0667, 2.1, 2.1333, 2.1667, 2.2, 2.2333, 2.2667, 2.3, 2.3333, 2.3667, 2.4, 2.4333, 2.4667, 2.5, 2.5333, 2.5667, 2.6, 2.6333, 2.6667, 2.7, 2.7333, 2.7667, 2.8, 2.8333, 2.8667, 2.9, 2.9333, 2.9667, 3.0, 3.0333, 3.0667, 3.1, 3.1333, 3.1667, 3.2, 3.2333, 3.2667, 3.3, 3.3333, 3.3667, 3.4, 3.4333, 3.4667, 3.5, 3.5333, 3.5667, 3.6, 3.6333, 3.6667, 3.7, 3.7333, 3.7667, 3.8, 3.8333, 3.8667, 3.9, 3.9333, 3.9667, 4.0],
            "transform": [
                [0.836207, 0.479695, -0.2658, 0.124994, 0.097469, 0.346958, 0.932802, -0.002831, 0.539683, -0.805921, 0.243373, -1.2e-05, 0.0, 0.0, 0.0, 1.0],
                [0.836229, 0.479728, -0.26567, 0.124994, 0.09741, 0.346813, 0.932863, -0.002831, 0.539659, -0.805964, 0.243286, -1.2e-05, 0.0, 0.0, 0.0, 1.0],
                [0.836295, 0.479826, -0.265285, 0.124994, 0.097233, 0.346386, 0.93304, -0.002831, 0.539588, -0.80609, 0.243027, -1.2e-05, 0.0, 0.0, 0.0, 1.0],
                [0.836404, 0.479986, -0.264653, 0.124994, 0.096944, 0.345685, 0.93333, -0.002831, 0.539472, -0.806295, 0.242601, -1.2e-05, 0.0, 0.0, 0.0, 1.0],
                [0.836553, 0.480205, -0.263784, 0.124994, 0.096547, 0.344718, 0.933728, -0.002831, 0.539312, -0.806579, 0.242013, -1.2e-05, 0.0, 0.0, 0.0, 1.0],
                [0.83674, 0.48048, -0.262686, 0.124994, 0.096046, 0.343496, 0.934231, -0.002831, 0.539112, -0.806936, 0.241269, -1.2e-05, 0.0, 0.0, 0.0, 1.0],
                [0.836964, 0.480809, -0.261368, 0.124994, 0.095447, 0.342025, 0.934831, -0.002831, 0.53887, -0.807365, 0.240371, -1.2e-05, 0.0, 0.0, 0.0, 1.0],
                [0.837222, 0.481188, -0.259839, 0.124994, 0.094755, 0.340314, 0.935526, -0.002831, 0.538591, -0.807862, 0.239324, -1.2e-05, 0.0, 0.0, 0.0, 1.0],
                [0.837513, 0.481614, -0.258107, 0.124994, 0.093973, 0.33837, 0.93631, -0.002831, 0.538276, -0.808425, 0.238131, -1.2e-05, 0.0, 0.0, 0.0, 1.0],
                [0.837834, 0.482084, -0.256181, 0.124994, 0.093108, 0.336202, 0.937177, -0.002831, 0.537927, -0.809049, 0.236796, -1.2e-05, 0.0, 0.0, 0.0, 1.0],
                [0.838183, 0.482594, -0.25407, 0.124994, 0.092165, 0.333815, 0.938123, -0.002831, 0.537545, -0.809733, 0.23532, -1.2e-05, 0.0, 0.0, 0.0, 1.0],
                [0.838558, 0.483141, -0.251781, 0.124994, 0.091147, 0.331219, 0.939141, -0.002831, 0.537133, -0.810472, 0.23371, -1.2e-05, 0.0, 0.0, 0.0, 1.0],
                [0.838958, 0.483721, -0.249326, 0.124994, 0.090062, 0.328421, 0.940228, -0.002831, 0.536693, -0.811264, 0.231967, -1.2e-05, 0.0, 0.0, 0.0, 1.0],
                [0.839378, 0.484331, -0.246711, 0.124994, 0.088913, 0.325429, 0.941377, -0.002831, 0.536225, -0.812106, 0.230095, -1.2e-05, 0.0, 0.0, 0.0, 1.0],
                [0.839819, 0.484968, -0.243945, 0.124994, 0.087706, 0.322249, 0.942584, -0.002831, 0.535734, -0.812994, 0.228097, -1.2e-05, 0.0, 0.0, 0.0, 1.0],
                [0.840277, 0.485627, -0.241037, 0.124994, 0.086446, 0.31889, 0.943841, -0.002831, 0.53522, -0.813924, 0.225976, -1.2e-05, 0.0, 0.0, 0.0, 1.0],
                [0.840752, 0.486306, -0.237996, 0.124994, 0.085137, 0.315359, 0.945146, -0.002831, 0.534685, -0.814894, 0.223736, -1.2e-05, 0.0, 0.0, 0.0, 1.0],
                [0.84124, 0.487001, -0.23483, 0.124994, 0.083785, 0.311663, 0.946492, -0.002831, 0.534131, -0.8159, 0.22138, -1.2e-05, 0.0, 0.0, 0.0, 1.0],
                [0.841739, 0.487709, -0.231548, 0.124994, 0.082394, 0.307812, 0.947873, -0.002831, 0.53356, -0.816939, 0.218914, -1.2e-05, 0.0, 0.0, 0.0, 1.0],
                [0.842249, 0.488425, -0.228159, 0.124994, 0.080969, 0.303814, 0.949285, -0.002831, 0.532973, -0.818006, 0.21634, -1.2e-05, 0.0, 0.0, 0.0, 1.0],
                [0.842767, 0.489149, -0.22467, 0.124994, 0.079515, 0.299675, 0.950722, -0.002831, 0.532373, -0.8191, 0.213662, -1.2e-05, 0.0, 0.0, 0.0, 1.0],
                [0.843291, 0.489875, -0.221093, 0.124994, 0.078036, 0.295408, 0.952179, -0.002831, 0.531762, -0.820216, 0.210887, -1.2e-05, 0.0, 0.0, 0.0, 1.0],
                [0.84382, 0.490601, -0.217434, 0.124994, 0.076536, 0.291017, 0.953652, -0.002831, 0.53114, -0.82135, 0.208018, -1.2e-05, 0.0, 0.0, 0.0, 1.0],
                [0.844352, 0.491325, -0.213702, 0.124994, 0.075019, 0.286513, 0.955135, -0.002831, 0.53051, -0.8225, 0.20506, -1.2e-05, 0.0, 0.0, 0.0, 1.0],
                [0.844886, 0.492042, -0.209907, 0.124994, 0.073491, 0.281906, 0.956624, -0.002831, 0.529874, -0.823663, 0.202019, -1.2e-05, 0.0, 0.0, 0.0, 1.0],
                [0.84542, 0.492752, -0.206057, 0.124994, 0.071954, 0.277206, 0.958113, -0.002831, 0.529232, -0.824833, 0.198901, -1.2e-05, 0.0, 0.0, 0.0, 1.0],
                [0.845953, 0.493451, -0.202161, 0.124994, 0.070413, 0.272422, 0.959599, -0.002831, 0.528588, -0.826008, 0.195711, -1.2e-05, 0.0, 0.0, 0.0, 1.0],
                [0.846484, 0.494136, -0.198227, 0.124994, 0.068871, 0.267563, 0.961076, -0.002831, 0.527941, -0.827186, 0.192456, -1.2e-05, 0.0, 0.0, 0.0, 1.0],
                [0.84701, 0.494807, -0.194265, 0.124994, 0.067332, 0.262641, 0.962542, -0.002831, 0.527294, -0.828362, 0.189143, -1.2e-05, 0.0, 0.0, 0.0, 1.0],
                [0.847532, 0.49546, -0.190283, 0.124994, 0.0658, 0.257665, 0.963991, -0.002831, 0.526649, -0.829533, 0.185779, -1.2e-05, 0.0, 0.0, 0.0, 1.0],
                [0.848048, 0.496094, -0.18629, 0.124994, 0.064278, 0.252649, 0.965421, -0.002831, 0.526006, -0.830696, 0.182371, -1.2e-05, 0.0, 0.0, 0.0, 1.0],
                [0.848557, 0.496707, -0.182296, 0.124994, 0.062769, 0.247602, 0.966827, -0.002831, 0.525367, -0.831849, 0.178927, -1.2e-05, 0.0, 0.0, 0.0, 1.0],
                [0.849058, 0.497298, -0.178308, 0.124994, 0.061276, 0.242535, 0.968206, -0.002831, 0.524734, -0.832988, 0.175454, -1.2e-05, 0.0, 0.0, 0.0, 1.0],
                [0.84955, 0.497866, -0.174336, 0.124994, 0.059802, 0.23746, 0.969555, -0.002831, 0.524107, -0.834109, 0.171961, -1.2e-05, 0.0, 0.0, 0.0, 1.0],
                [0.850032, 0.49841, -0.17039, 0.124994, 0.058351, 0.23239, 0.970871, -0.002831, 0.523489, -0.835212, 0.168457, -1.2e-05, 0.0, 0.0, 0.0, 1.0],
                [0.850503, 0.498927, -0.166476, 0.124994, 0.056925, 0.227337, 0.972151, -0.002831, 0.52288, -0.836293, 0.16495, -1.2e-05, 0.0, 0.0, 0.0, 1.0],
                [0.850963, 0.499419, -0.162607, 0.124994, 0.055527, 0.222314, 0.973393, -0.002831, 0.522282, -0.837349, 0.16145, -1.2e-05, 0.0, 0.0, 0.0, 1.0],
                [0.851411, 0.499885, -0.158788, 0.124994, 0.05416, 0.217332, 0.974594, -0.002831, 0.521695, -0.838379, 0.157966, -1.2e-05, 0.0, 0.0, 0.0, 1.0],
                [0.851846, 0.500323, -0.15503, 0.124994, 0.052825, 0.212406, 0.975753, -0.002831, 0.521121, -0.839379, 0.154508, -1.2e-05, 0.0, 0.0, 0.0, 1.0],
                [0.852267, 0.500734, -0.151342, 0.124994, 0.051526, 0.207549, 0.976867, -0.002831, 0.520562, -0.840348, 0.151086, -1.2e-05, 0.0, 0.0, 0.0, 1.0],
                [0.852675, 0.501118, -0.147733, 0.124994, 0.050265, 0.202773, 0.977935, -0.002831, 0.520018, -0.841285, 0.147711, -1.2e-05, 0.0, 0.0, 0.0, 1.0],
                [0.853067, 0.501476, -0.144212, 0.124994, 0.049045, 0.198092, 0.978956, -0.002831, 0.519491, -0.842187, 0.144391, -1.2e-05, 0.0, 0.0, 0.0, 1.0],
                [0.853445, 0.501807, -0.140787, 0.124994, 0.047867, 0.19352, 0.979928, -0.002831, 0.518981, -0.843052, 0.141139, -1.2e-05, 0.0, 0.0, 0.0, 1.0],
                [0.853806, 0.502112, -0.137469, 0.124994, 0.046734, 0.189071, 0.980851, -0.002831, 0.518489, -0.843879, 0.137965, -1.2e-05, 0.0, 0.0, 0.0, 1.0],
                [0.854151, 0.502392, -0.134265, 0.124994, 0.045648, 0.184759, 0.981724, -0.002831, 0.518017, -0.844668, 0.134879, -1.2e-05, 0.0, 0.0, 0.0, 1.0],
                [0.854479, 0.502647, -0.131186, 0.124994, 0.04461, 0.180598, 0.982545, -0.002831, 0.517566, -0.845415, 0.131894, -1.2e-05, 0.0, 0.0, 0.0, 1.0],
                [0.85479, 0.502879, -0.128239, 0.124994, 0.043625, 0.176603, 0.983315, -0.002831, 0.517137, -0.846121, 0.12902, -1.2e-05, 0.0, 0.0, 0.0, 1.0],
                [0.855084, 0.503088, -0.125435, 0.124994, 0.042692, 0.172787, 0.984034, -0.002831, 0.51673, -0.846784, 0.126269, -1.2e-05, 0.0, 0.0, 0.0, 1.0],
                [0.855358, 0.503275, -0.122782, 0.124994, 0.041815, 0.169165, 0.984701, -0.002831, 0.516346, -0.847404, 0.123652, -1.2e-05, 0.0, 0.0, 0.0, 1.0],
                [0.855614, 0.503442, -0.12029, 0.124994, 0.040996, 0.165752, 0.985316, -0.002831, 0.515988, -0.847979, 0.121181, -1.2e-05, 0.0, 0.0, 0.0, 1.0],
                [0.855851, 0.503589, -0.117966, 0.124994, 0.040236, 0.162561, 0.985878, -0.002831, 0.515655, -0.848509, 0.118866, -1.2e-05, 0.0, 0.0, 0.0, 1.0],
                [0.856067, 0.503719, -0.115822, 0.124994, 0.039538, 0.159608, 0.986389, -0.002831, 0.515349, -0.848993, 0.11672, -1.2e-05, 0.0, 0.0, 0.0, 1.0],
                [0.856264, 0.503831, -0.113864, 0.124994, 0.038904, 0.156907, 0.986847, -0.002831, 0.515071, -0.84943, 0.114753, -1.2e-05, 0.0, 0.0, 0.0, 1.0],
                [0.85644, 0.503927, -0.112103, 0.124994, 0.038335, 0.154471, 0.987254, -0.002831, 0.514821, -0.84982, 0.112978, -1.2e-05, 0.0, 0.0, 0.0, 1.0],
                [0.856595, 0.504008, -0.110548, 0.124994, 0.037835, 0.152315, 0.987608, -0.002831, 0.514601, -0.85016, 0.111404, -1.2e-05, 0.0, 0.0, 0.0, 1.0],
                [0.856727, 0.504075, -0.109207, 0.124994, 0.037405, 0.150454, 0.98791, -0.002831, 0.514412, -0.850452, 0.110044, -1.2e-05, 0.0, 0.0, 0.0, 1.0],
                [0.856837, 0.504129, -0.10809, 0.124994, 0.037048, 0.148901, 0.988158, -0.002831, 0.514254, -0.850693, 0.108908, -1.2e-05, 0.0, 0.0, 0.0, 1.0],
                [0.856924, 0.50417, -0.107205, 0.124994, 0.036765, 0.14767, 0.988354, -0.002831, 0.51413, -0.850883, 0.108006, -1.2e-05, 0.0, 0.0, 0.0, 1.0],
                [0.856987, 0.5042, -0.106562, 0.124994, 0.036561, 0.146775, 0.988495, -0.002831, 0.51404, -0.851021, 0.10735, -1.2e-05, 0.0, 0.0, 0.0, 1.0],
                [0.857025, 0.504217, -0.10617, 0.124994, 0.036436, 0.146228, 0.98858, -0.002831, 0.513985, -0.851104, 0.10695, -1.2e-05, 0.0, 0.0, 0.0, 1.0],
                [0.857038, 0.504223, -0.106037, 0.124994, 0.036393, 0.146042, 0.988609, -0.002831, 0.513966, -0.851133, 0.106813, -1.2e-05, 0.0, 0.0, 0.0, 1.0],
                [0.857025, 0.504217, -0.106169, 0.124994, 0.036436, 0.146227, 0.98858, -0.002831, 0.513985, -0.851104, 0.106949, -1.2e-05, 0.0, 0.0, 0.0, 1.0],
                [0.856987, 0.5042, -0.106562, 0.124994, 0.036561, 0.146775, 0.988495, -0.002831, 0.51404, -0.851021, 0.10735, -1.2e-05, 0.0, 0.0, 0.0, 1.0],
                [0.856924, 0.504171, -0.107205, 0.124994, 0.036766, 0.14767, 0.988354, -0.002831, 0.51413, -0.850883, 0.108006, -1.2e-05, 0.0, 0.0, 0.0, 1.0],
                [0.856837, 0.504129, -0.10809, 0.124994, 0.037048, 0.148902, 0.988159, -0.002831, 0.514255, -0.850693, 0.108908, -1.2e-05, 0.0, 0.0, 0.0, 1.0],
                [0.856727, 0.504075, -0.109207, 0.124994, 0.037405, 0.150455, 0.98791, -0.002831, 0.514412, -0.850452, 0.110044, -1.2e-05, 0.0, 0.0, 0.0, 1.0],
                [0.856594, 0.504008, -0.110548, 0.124994, 0.037835, 0.152315, 0.987608, -0.002831, 0.514601, -0.850161, 0.111404, -1.2e-05, 0.0, 0.0, 0.0, 1.0],
                [0.85644, 0.503927, -0.112103, 0.124994, 0.038335, 0.154471, 0.987254, -0.002831, 0.514821, -0.84982, 0.112977, -1.2e-05, 0.0, 0.0, 0.0, 1.0],
                [0.856264, 0.503831, -0.113864, 0.124994, 0.038904, 0.156906, 0.986848, -0.002831, 0.515071, -0.84943, 0.114753, -1.2e-05, 0.0, 0.0, 0.0, 1.0],
                [0.856067, 0.503719, -0.115822, 0.124994, 0.039538, 0.159608, 0.986389, -0.002831, 0.515349, -0.848993, 0.116719, -1.2e-05, 0.0, 0.0, 0.0, 1.0],
                [0.855851, 0.503589, -0.117966, 0.124994, 0.040236, 0.162561, 0.985878, -0.002831, 0.515655, -0.84851, 0.118866, -1.2e-05, 0.0, 0.0, 0.0, 1.0],
                [0.855614, 0.503442, -0.12029, 0.124994, 0.040996, 0.165751, 0.985315, -0.002831, 0.515988, -0.847979, 0.12118, -1.2e-05, 0.0, 0.0, 0.0, 1.0],
                [0.855358, 0.503275, -0.122783, 0.124994, 0.041816, 0.169165, 0.984701, -0.002831, 0.516347, -0.847404, 0.123652, -1.2e-05, 0.0, 0.0, 0.0, 1.0],
                [0.855084, 0.503088, -0.125436, 0.124994, 0.042693, 0.172787, 0.984034, -0.002831, 0.51673, -0.846784, 0.126269, -1.2e-05, 0.0, 0.0, 0.0, 1.0],
                [0.85479, 0.502879, -0.12824, 0.124994, 0.043625, 0.176603, 0.983315, -0.002831, 0.517136, -0.846121, 0.129021, -1.2e-05, 0.0, 0.0, 0.0, 1.0],
                [0.854479, 0.502647, -0.131186, 0.124994, 0.044611, 0.180598, 0.982545, -0.002831, 0.517566, -0.845415, 0.131894, -1.2e-05, 0.0, 0.0, 0.0, 1.0],
                [0.854151, 0.502392, -0.134265, 0.124994, 0.045648, 0.184758, 0.981724, -0.002831, 0.518017, -0.844667, 0.134879, -1.2e-05, 0.0, 0.0, 0.0, 1.0],
                [0.853806, 0.502112, -0.137469, 0.124994, 0.046734, 0.189071, 0.980851, -0.002831, 0.518489, -0.843879, 0.137964, -1.2e-05, 0.0, 0.0, 0.0, 1.0],
                [0.853445, 0.501807, -0.140788, 0.124994, 0.047867, 0.193521, 0.979928, -0.002831, 0.518981, -0.843052, 0.14114, -1.2e-05, 0.0, 0.0, 0.0, 1.0],
                [0.853067, 0.501476, -0.144212, 0.124994, 0.049045, 0.198092, 0.978956, -0.002831, 0.519491, -0.842187, 0.144391, -1.2e-05, 0.0, 0.0, 0.0, 1.0],
                [0.852675, 0.501119, -0.147733, 0.124994, 0.050265, 0.202773, 0.977935, -0.002831, 0.520018, -0.841285, 0.147711, -1.2e-05, 0.0, 0.0, 0.0, 1.0],
                [0.852267, 0.500734, -0.151342, 0.124994, 0.051526, 0.207549, 0.976867, -0.002831, 0.520562, -0.840348, 0.151087, -1.2e-05, 0.0, 0.0, 0.0, 1.0],
                [0.851846, 0.500323, -0.15503, 0.124994, 0.052825, 0.212406, 0.975753, -0.002831, 0.521121, -0.839379, 0.154508, -1.2e-05, 0.0, 0.0, 0.0, 1.0],
                [0.851411, 0.499885, -0.158788, 0.124994, 0.05416, 0.217334, 0.974594, -0.002831, 0.521695, -0.838378, 0.157967, -1.2e-05, 0.0, 0.0, 0.0, 1.0],
                [0.850964, 0.499419, -0.162607, 0.124994, 0.055527, 0.222314, 0.973393, -0.002831, 0.522281, -0.837349, 0.16145, -1.2e-05, 0.0, 0.0, 0.0, 1.0],
                [0.850503, 0.498928, -0.166477, 0.124994, 0.056925, 0.227337, 0.972151, -0.002831, 0.52288, -0.836293, 0.16495, -1.2e-05, 0.0, 0.0, 0.0, 1.0],
                [0.850032, 0.498409, -0.17039, 0.124994, 0.058351, 0.23239, 0.970871, -0.002831, 0.523489, -0.835212, 0.168457, -1.2e-05, 0.0, 0.0, 0.0, 1.0],
                [0.84955, 0.497866, -0.174336, 0.124994, 0.059802, 0.237459, 0.969555, -0.002831, 0.524107, -0.834109, 0.17196, -1.2e-05, 0.0, 0.0, 0.0, 1.0],
                [0.849058, 0.497299, -0.178308, 0.124994, 0.061276, 0.242534, 0.968206, -0.002831, 0.524734, -0.832988, 0.175453, -1.2e-05, 0.0, 0.0, 0.0, 1.0],
                [0.848557, 0.496707, -0.182296, 0.124994, 0.062769, 0.247601, 0.966827, -0.002831, 0.525367, -0.831849, 0.178926, -1.2e-05, 0.0, 0.0, 0.0, 1.0],
                [0.848048, 0.496094, -0.186291, 0.124994, 0.064278, 0.252649, 0.965421, -0.002831, 0.526006, -0.830696, 0.182371, -1.2e-05, 0.0, 0.0, 0.0, 1.0],
                [0.847533, 0.49546, -0.190283, 0.124994, 0.0658, 0.257665, 0.963992, -0.002831, 0.526649, -0.829533, 0.185779, -1.2e-05, 0.0, 0.0, 0.0, 1.0],
                [0.84701, 0.494807, -0.194265, 0.124994, 0.067332, 0.262641, 0.962542, -0.002831, 0.527295, -0.828362, 0.189143, -1.2e-05, 0.0, 0.0, 0.0, 1.0],
                [0.846484, 0.494136, -0.198227, 0.124994, 0.068871, 0.267563, 0.961076, -0.002831, 0.527941, -0.827186, 0.192456, -1.2e-05, 0.0, 0.0, 0.0, 1.0],
                [0.845953, 0.493451, -0.202161, 0.124994, 0.070413, 0.272421, 0.959598, -0.002831, 0.528588, -0.826008, 0.195711, -1.2e-05, 0.0, 0.0, 0.0, 1.0],
                [0.84542, 0.492752, -0.206057, 0.124994, 0.071954, 0.277206, 0.958113, -0.002831, 0.529232, -0.824833, 0.1989, -1.2e-05, 0.0, 0.0, 0.0, 1.0],
                [0.844886, 0.492043, -0.209907, 0.124994, 0.073491, 0.281906, 0.956624, -0.002831, 0.529874, -0.823662, 0.202018, -1.2e-05, 0.0, 0.0, 0.0, 1.0],
                [0.844352, 0.491325, -0.213702, 0.124994, 0.07502, 0.286513, 0.955135, -0.002831, 0.53051, -0.8225, 0.20506, -1.2e-05, 0.0, 0.0, 0.0, 1.0],
                [0.84382, 0.490601, -0.217434, 0.124994, 0.076536, 0.291016, 0.953652, -0.002831, 0.53114, -0.821351, 0.208017, -1.2e-05, 0.0, 0.0, 0.0, 1.0],
                [0.843291, 0.489875, -0.221093, 0.124994, 0.078036, 0.295407, 0.952179, -0.002831, 0.531762, -0.820216, 0.210887, -1.2e-05, 0.0, 0.0, 0.0, 1.0],
                [0.842767, 0.489149, -0.22467, 0.124994, 0.079515, 0.299674, 0.950722, -0.002831, 0.532373, -0.8191, 0.213661, -1.2e-05, 0.0, 0.0, 0.0, 1.0],
                [0.842249, 0.488425, -0.228159, 0.124994, 0.08097, 0.303814, 0.949285, -0.002831, 0.532973, -0.818006, 0.21634, -1.2e-05, 0.0, 0.0, 0.0, 1.0],
                [0.841739, 0.487709, -0.231548, 0.124994, 0.082394, 0.307813, 0.947873, -0.002831, 0.53356, -0.816939, 0.218914, -1.2e-05, 0.0, 0.0, 0.0, 1.0],
                [0.841239, 0.487001, -0.23483, 0.124994, 0.083785, 0.311663, 0.946492, -0.002831, 0.534131, -0.8159, 0.221381, -1.2e-05, 0.0, 0.0, 0.0, 1.0],
                [0.840752, 0.486306, -0.237996, 0.124994, 0.085137, 0.315358, 0.945146, -0.002831, 0.534685, -0.814894, 0.223736, -1.2e-05, 0.0, 0.0, 0.0, 1.0],
                [0.840278, 0.485627, -0.241037, 0.124994, 0.086446, 0.31889, 0.943842, -0.002831, 0.53522, -0.813924, 0.225976, -1.2e-05, 0.0, 0.0, 0.0, 1.0],
                [0.839819, 0.484968, -0.243945, 0.124994, 0.087706, 0.322249, 0.942583, -0.002831, 0.535734, -0.812994, 0.228096, -1.2e-05, 0.0, 0.0, 0.0, 1.0],
                [0.839378, 0.484331, -0.246711, 0.124994, 0.088913, 0.325428, 0.941377, -0.002831, 0.536225, -0.812106, 0.230095, -1.2e-05, 0.0, 0.0, 0.0, 1.0],
                [0.838958, 0.483721, -0.249326, 0.124994, 0.090062, 0.328421, 0.940228, -0.002831, 0.536693, -0.811264, 0.231967, -1.2e-05, 0.0, 0.0, 0.0, 1.0],
                [0.838558, 0.483141, -0.251782, 0.124994, 0.091147, 0.331219, 0.939141, -0.002831, 0.537133, -0.810472, 0.23371, -1.2e-05, 0.0, 0.0, 0.0, 1.0],
                [0.838183, 0.482594, -0.25407, 0.124994, 0.092165, 0.333815, 0.938123, -0.002831, 0.537545, -0.809733, 0.23532, -1.2e-05, 0.0, 0.0, 0.0, 1.0],
                [0.837834, 0.482084, -0.256181, 0.124994, 0.093108, 0.336201, 0.937177, -0.002831, 0.537927, -0.809049, 0.236795, -1.2e-05, 0.0, 0.0, 0.0, 1.0],
                [0.837513, 0.481614, -0.258107, 0.124994, 0.093973, 0.33837, 0.93631, -0.002831, 0.538276, -0.808425, 0.238131, -1.2e-05, 0.0, 0.0, 0.0, 1.0],
                [0.837222, 0.481188, -0.259839, 0.124994, 0.094754, 0.340313, 0.935526, -0.002831, 0.538591, -0.807863, 0.239323, -1.2e-05, 0.0, 0.0, 0.0, 1.0],
                [0.836963, 0.480809, -0.261368, 0.124994, 0.095447, 0.342025, 0.934831, -0.002831, 0.53887, -0.807365, 0.240371, -1.2e-05, 0.0, 0.0, 0.0, 1.0],
                [0.83674, 0.48048, -0.262686, 0.124994, 0.096046, 0.343495, 0.93423, -0.002831, 0.539111, -0.806936, 0.241269, -1.2e-05, 0.0, 0.0, 0.0, 1.0],
                [0.836553, 0.480205, -0.263784, 0.124994, 0.096547, 0.344718, 0.933729, -0.002831, 0.539313, -0.806579, 0.242013, -1.2e-05, 0.0, 0.0, 0.0, 1.0],
                [0.836403, 0.479986, -0.264653, 0.124994, 0.096944, 0.345685, 0.93333, -0.002831, 0.539472, -0.806296, 0.242601, -1.2e-05, 0.0, 0.0, 0.0, 1.0],
                [0.836295, 0.479826, -0.265285, 0.124994, 0.097233, 0.346386, 0.93304, -0.002831, 0.539588, -0.80609, 0.243027, -1.2e-05, 0.0, 0.0, 0.0, 1.0],
                [0.836229, 0.479729, -0.26567, 0.124994, 0.09741, 0.346813, 0.932863, -0.002831, 0.539659, -0.805964, 0.243285, -1.2e-05, 0.0, 0.0, 0.0, 1.0],
                [0.836207, 0.479695, -0.2658, 0.124994, 0.097469, 0.346958, 0.932803, -0.002831, 0.539683, -0.805921, 0.243373, -1.2e-05, 0.0, 0.0, 0.0, 1.0]
            ]
        },
        {
            "name": "Leg_R",
            "time": [0.0, 0.0333, 0.0667, 0.1, 0.1333, 0.1667, 0.2, 0.2333, 0.2667, 0.3, 0.3333, 0.3667, 0.4, 0.4333, 0.4667, 0.5, 0.5333, 0.5667, 0.6, 0.6333, 0.6667, 0.7, 0.7333, 0.7667, 0.8, 0.8333, 0.8667, 0.9, 0.9333, 0.9667, 1.0, 1.0333, 1.0667, 1.1, 1.1333, 1.1667, 1.2, 1.2333, 1.2667, 1.3, 1.3333, 1.3667, 1.4, 1.4333, 1.4667, 1.5, 1.5333, 1.5667, 1.6, 1.6333, 1.6667, 1.7, 1.7333, 1.7667, 1.8, 1.8333, 1.8667, 1.9, 1.9333, 1.9667, 2.0, 2.0333, 2.0667, 2.1, 2.1333, 2.1667, 2.2, 2.2333, 2.2667, 2.3, 2.3333, 2.3667, 2.4, 2.4333, 2.4667, 2.5, 2.5333, 2.5667, 2.6, 2.6333, 2.6667, 2.7, 2.7333, 2.7667, 2.8, 2.8333, 2.8667, 2.9, 2.9333, 2.9667, 3.0, 3.0333, 3.0667, 3.1, 3.1333, 3.1667, 3.2, 3.2333, 3.2667, 3.3, 3.3333, 3.3667, 3.4, 3.4333, 3.4667, 3.5, 3.5333, 3.5667, 3.6, 3.6333, 3.6667, 3.7, 3.7333, 3.7667, 3.8, 3.8333, 3.8667, 3.9, 3.9333, 3.9667, 4.0],
            "transform": [
                [1.0, -1e-06, 0.0, 0.0, -0.0, 0.320517, 0.947241, 0.374726, -1e-06, -0.947244, 0.320515, -0.0, 0.0, 0.0, 0.0, 1.0],
                [1.0, -1e-06, 1e-06, 0.0, -0.0, 0.320544, 0.947232, 0.374726, -1e-06, -0.947235, 0.320542, 0.0, 0.0, 0.0, 0.0, 1.0],
                [1.0, -1e-06, 0.0, -0.0, -0.0, 0.320628, 0.947204, 0.374726, -1e-06, -0.947207, 0.320625, -0.0, 0.0, 0.0, 0.0, 1.0],
                [1.000001, -1e-06, 0.0, 0.0, -0.0, 0.320766, 0.947157, 0.374726, -1e-06, -0.94716, 0.320763, 0.0, 0.0, 0.0, 0.0, 1.0],
                [1.000001, -1e-06, 1e-06, -0.0, -0.0, 0.320958, 0.947093, 0.374726, -1e-06, -0.947095, 0.320955, -0.0, 0.0, 0.0, 0.0, 1.0],
                [1.0, -1e-06, 0.0, 0.0, -0.0, 0.321203, 0.94701, 0.374726, -1e-06, -0.947012, 0.3212, 0.0, 0.0, 0.0, 0.0, 1.0],
                [1.000001, -1e-06, 0.0, 0.0, -0.0, 0.321504, 0.946907, 0.374726, -1e-06, -0.94691, 0.321501, -0.0, 0.0, 0.0, 0.0, 1.0],
                [1.0, -1e-06, 0.0, 0.0, -0.0, 0.321859, 0.946787, 0.374726, -1e-06, -0.946789, 0.321857, 0.0, 0.0, 0.0, 0.0, 1.0],
                [1.0, -1e-06, 0.0, -0.0, -0.0, 0.322271, 0.946646, 0.374726, -1e-06, -0.946649, 0.322269, 0.0, 0.0, 0.0, 0.0, 1.0],
                [1.0, -1e-06, 0.0, -0.0, -0.0, 0.322741, 0.946486, 0.374726, -1e-06, -0.946489, 0.322738, -0.0, 0.0, 0.0, 0.0, 1.0],
                [1.0, -1e-06, 0.0, 0.0, -0.0, 0.323271, 0.946305, 0.374726, -1e-06, -0.946308, 0.323269, -0.0, 0.0, 0.0, 0.0, 1.0],
