{
    "animation": [
        {
            "name": "Root",
            "time": [0.0, 0.0333, 0.0667, 0.1, 0.1333, 0.1667, 0.2, 0.2333, 0.2667, 0.3, 0.3333, 0.3667, 0.4, 0.4333, 0.4667, 0.5, 0.5333, 0.5667, 0.6, 0.6333, 0.6667, 0.7, 0.7333, 0.7667, 0.8, 0.8333, 0.8667, 0.9, 0.9333, 0.9667, 1.0, 1.0333, 1.0667, 1.1, 1.1333, 1.1667, 1.2, 1.2333, 1.2667, 1.3, 1.3333, 1.3667, 1.4, 1.4333, 1.4667, 1.5, 1.5333, 1.5667, 1.6, 1.6333, 1.6667, 1.7, 1.7333, 1.7667, 1.8, 1.8333, 1.8667, 1.9, 1.9333, 1.9667, 2.0, 2.0333, 2.0667, 2.1, 2.1333, 2.1667, 2.2, 2.2333, 2.2667, 2.3, 2.3333, 2.3667, 2.4, 2.4333, 2.4667, 2.5, 2.5333, 2.5667, 2.6, 2.6333, 2.6667, 2.7, 2.7333, 2.7667, 2.8, 2.8333, 2.8667, 2.9, 2.9333, 2.9667, 3.0, 3.0333, 3.0667, 3.1, 3.1333, 3.1667, 3.2, 3.2333, 3.2667, 3.3, 3.3333, 3.3667, 3.4, 3.4333, 3.4667, 3.5, 3.5333, 3.5667, 3.6, 3.6333, 3.6667, 3.7, 3.7333, 3.7667, 3.8, 3.8333, 3.8667, 3.9, 3.9333, 3.9667, 4.0, 4.0333, 4.0667, 4.1, 4.1333, 4.1667, 4.2, 4.2333, 4.2667, 4.3, 4.3333],
            "transform": [
                [0.942572, 0.0, -0.334002, 0.011781, -0.334002, 0.0, -0.942572, -0.075157, 0.0, 1.0, 0.0, 1.627948, 0.0, 0.0, 0.0, 1.0],
                [0.942572, 0.0, -0.334002, 0.011781, -0.334002, 0.0, -0.942572, -0.075157, 0.0, 1.0, 0.0, 1.627948, 0.0, 0.0, 0.0, 1.0],
                [0.942572, 0.0, -0.334002, 0.011781, -0.334002, 0.0, -0.942572, -0.075157, 0.0, 1.0, 0.0, 1.627948, 0.0, 0.0, 0.0, 1.0],
                [0.942572, 0.0, -0.334002, 0.011781, -0.334002, 0.0, -0.942572, -0.075157, 0.0, 1.0, 0.0, 1.627948, 0.0, 0.0, 0.0, 1.0],
                [0.942572, 0.0, -0.334002, 0.011781, -0.334002, 0.0, -0.942572, -0.075157, 0.0, 1.0, 0.0, 1.627948, 0.0, 0.0, 0.0, 1.0],
                [0.942572, 0.0, -0.334002, 0.011781, -0.334002, 0.0, -0.942572, -0.075157, 0.0, 1.0, 0.0, 1.627948, 0.0, 0.0, 0.0, 1.0],
                [0.942572, 0.0, -0.334002, 0.011781, -0.334002, 0.0, -0.942572, -0.075157, 0.0, 1.0, 0.0, 1.627948, 0.0, 0.0, 0.0, 1.0],
                [0.942572, 0.0, -0.334002, 0.011781, -0.334002, 0.0, -0.942572, -0.075157, 0.0, 1.0, 0.0, 1.627948, 0.0, 0.0, 0.0, 1.0],
                [0.942572, 0.0, -0.334002, 0.011781, -0.334002, 0.0, -0.942572, -0.075157, 0.0, 1.0, 0.0, 1.627948, 0.0, 0.0, 0.0, 1.0],
                [0.942572, 0.0, -0.334002, 0.011781, -0.334002, 0.0, -0.942572, -0.075157, 0.0, 1.0, 0.0, 1.627948, 0.0, 0.0, 0.0, 1.0],
                [0.942572, 0.0, -0.334002, 0.011781, -0.334002, 0.0, -0.942572, -0.075157, 0.0, 1.0, 0.0, 1.627948, 0.0, 0.0, 0.0, 1.0],
                [0.942572, 0.0, -0.334002, 0.011781, -0.334002, 0.0, -0.942572, -0.075157, 0.0, 1.0, 0.0, 1.627948, 0.0, 0.0, 0.0, 1.0],
                [0.942572, 0.0, -0.334002, 0.011781, -0.334002, 0.0, -0.942572, -0.075157, 0.0, 1.0, 0.0, 1.627948, 0.0, 0.0, 0.0, 1.0],
                [0.942572, 0.0, -0.334002, 0.011781, -0.334002, 0.0, -0.942572, -0.075157, 0.0, 1.0, 0.0, 1.627948, 0.0, 0.0, 0.0, 1.0],
                [0.942572, 0.0, -0.334002, 0.011781, -0.334002, 0.0, -0.942572, -0.075157, 0.0, 1.0, 0.0, 1.627948, 0.0, 0.0, 0.0, 1.0],
                [0.942572, 0.0, -0.334002, 0.011781, -0.334002, 0.0, -0.942572, -0.075157, 0.0, 1.0, 0.0, 1.627948, 0.0, 0.0, 0.0, 1.0],
                [0.942572, 0.0, -0.334002, 0.011781, -0.334002, 0.0, -0.942572, -0.075157, 0.0, 1.0, 0.0, 1.627948, 0.0, 0.0, 0.0, 1.0],
                [0.942572, 0.0, -0.334002, 0.011781, -0.334002, 0.0, -0.942572, -0.075157, 0.0, 1.0, 0.0, 1.627948, 0.0, 0.0, 0.0, 1.0],
                [0.942572, 0.0, -0.334002, 0.011781, -0.334002, 0.0, -0.942572, -0.075157, 0.0, 1.0, 0.0, 1.627948, 0.0, 0.0, 0.0, 1.0],
                [0.942572, 0.0, -0.334002, 0.011781, -0.334002, 0.0, -0.942572, -0.075157, 0.0, 1.0, 0.0, 1.627948, 0.0, 0.0, 0.0, 1.0],
                [0.942572, 0.0, -0.334002, 0.011781, -0.334002, 0.0, -0.942572, -0.075157, 0.0, 1.0, 0.0, 1.627948, 0.0, 0.0, 0.0, 1.0],
                [0.942572, 0.0, -0.334002, 0.011781, -0.334002, 0.0, -0.942572, -0.075157, 0.0, 1.0, 0.0, 1.627948, 0.0, 0.0, 0.0, 1.0],
                [0.942572, 0.0, -0.334002, 0.011781, -0.334002, 0.0, -0.942572, -0.075157, 0.0, 1.0, 0.0, 1.627948, 0.0, 0.0, 0.0, 1.0],
                [0.942572, 0.0, -0.334002, 0.011781, -0.334002, 0.0, -0.942572, -0.075157, 0.0, 1.0, 0.0, 1.627948, 0.0, 0.0, 0.0, 1.0],
                [0.942572, 0.0, -0.334002, 0.011781, -0.334002, 0.0, -0.942572, -0.075157, 0.0, 1.0, 0.0, 1.627948, 0.0, 0.0, 0.0, 1.0],
                [0.942572, 0.0, -0.334002, 0.011781, -0.334002, 0.0, -0.942572, -0.075157, 0.0, 1.0, 0.0, 1.627948, 0.0, 0.0, 0.0, 1.0],
                [0.942572, 0.0, -0.334002, 0.011781, -0.334002, 0.0, -0.942572, -0.075157, 0.0, 1.0, 0.0, 1.627948, 0.0, 0.0, 0.0, 1.0],
                [0.942572, 0.0, -0.334002, 0.011781, -0.334002, 0.0, -0.942572, -0.075157, 0.0, 1.0, 0.0, 1.627948, 0.0, 0.0, 0.0, 1.0],
                [0.942572, 0.0, -0.334002, 0.011781, -0.334002, 0.0, -0.942572, -0.075157, 0.0, 1.0, 0.0, 1.627948, 0.0, 0.0, 0.0, 1.0],
                [0.942572, 0.0, -0.334002, 0.011781, -0.334002, 0.0, -0.942572, -0.075157, 0.0, 1.0, 0.0, 1.627948, 0.0, 0.0, 0.0, 1.0],
                [0.942572, 0.0, -0.334002, 0.011781, -0.334002, 0.0, -0.942572, -0.075157, 0.0, 1.0, 0.0, 1.627948, 0.0, 0.0, 0.0, 1.0],
                [0.942572, 0.0, -0.334002, 0.011781, -0.334002, 0.0, -0.942572, -0.075157, 0.0, 1.0, 0.0, 1.627948, 0.0, 0.0, 0.0, 1.0],
                [0.942572, 0.0, -0.334002, 0.011781, -0.334002, 0.0, -0.942572, -0.075157, 0.0, 1.0, 0.0, 1.627948, 0.0, 0.0, 0.0, 1.0],
                [0.942572, 0.0, -0.334002, 0.011781, -0.334002, 0.0, -0.942572, -0.075157, 0.0, 1.0, 0.0, 1.627948, 0.0, 0.0, 0.0, 1.0],
                [0.942572, 0.0, -0.334002, 0.011781, -0.334002, 0.0, -0.942572, -0.075157, 0.0, 1.0, 0.0, 1.627948, 0.0, 0.0, 0.0, 1.0],
                [0.942572, 0.0, -0.334002, 0.011781, -0.334002, 0.0, -0.942572, -0.075157, 0.0, 1.0, 0.0, 1.627948, 0.0, 0.0, 0.0, 1.0],
                [0.942572, 0.0, -0.334002, 0.011781, -0.334002, 0.0, -0.942572, -0.075157, 0.0, 1.0, 0.0, 1.627948, 0.0, 0.0, 0.0, 1.0],
                [0.942572, 0.0, -0.334002, 0.011781, -0.334002, 0.0, -0.942572, -0.075157, 0.0, 1.0, 0.0, 1.627948, 0.0, 0.0, 0.0, 1.0],
                [0.942572, 0.0, -0.334002, 0.011781, -0.334002, 0.0, -0.942572, -0.075157, 0.0, 1.0, 0.0, 1.627948, 0.0, 0.0, 0.0, 1.0],
                [0.942572, 0.0, -0.334002, 0.011781, -0.334002, 0.0, -0.942572, -0.075157, 0.0, 1.0, 0.0, 1.627948, 0.0, 0.0, 0.0, 1.0],
                [0.942572, 0.0, -0.334002, 0.011781, -0.334002, 0.0, -0.942572, -0.075157, 0.0, 1.0, 0.0, 1.627948, 0.0, 0.0, 0.0, 1.0],
                [0.942572, 0.0, -0.334002, 0.011781, -0.334002, 0.0, -0.942572, -0.075157, 0.0, 1.0, 0.0, 1.627948, 0.0, 0.0, 0.0, 1.0],
                [0.942572, 0.0, -0.334002, 0.011781, -0.334002, 0.0, -0.942572, -0.075157, 0.0, 1.0, 0.0, 1.627948, 0.0, 0.0, 0.0, 1.0],
                [0.942572, 0.0, -0.334002, 0.011781, -0.334002, 0.0, -0.942572, -0.075157, 0.0, 1.0, 0.0, 1.627948, 0.0, 0.0, 0.0, 1.0],
                [0.942572, 0.0, -0.334002, 0.011781, -0.334002, 0.0, -0.942572, -0.075157, 0.0, 1.0, 0.0, 1.627948, 0.0, 0.0, 0.0, 1.0],
                [0.942572, 0.0, -0.334002, 0.011781, -0.334002, 0.0, -0.942572, -0.075157, 0.0, 1.0, 0.0, 1.627948, 0.0, 0.0, 0.0, 1.0],
                [0.942572, 0.0, -0.334002, 0.011781, -0.334002, 0.0, -0.942572, -0.075157, 0.0, 1.0, 0.0, 1.627948, 0.0, 0.0, 0.0, 1.0],
                [0.942572, 0.0, -0.334002, 0.011781, -0.334002, 0.0, -0.942572, -0.075157, 0.0, 1.0, 0.0, 1.627948, 0.0, 0.0, 0.0, 1.0],
                [0.942572, 0.0, -0.334002, 0.011781, -0.334002, 0.0, -0.942572, -0.075157, 0.0, 1.0, 0.0, 1.627948, 0.0, 0.0, 0.0, 1.0],
                [0.942572, 0.0, -0.334002, 0.011781, -0.334002, 0.0, -0.942572, -0.075157, 0.0, 1.0, 0.0, 1.627948, 0.0, 0.0, 0.0, 1.0],
                [0.942572, 0.0, -0.334002, 0.011781, -0.334002, 0.0, -0.942572, -0.075157, 0.0, 1.0, 0.0, 1.627948, 0.0, 0.0, 0.0, 1.0],
                [0.942572, 0.0, -0.334002, 0.011781, -0.334002, 0.0, -0.942572, -0.075157, 0.0, 1.0, 0.0, 1.627948, 0.0, 0.0, 0.0, 1.0],
                [0.942572, 0.0, -0.334002, 0.011781, -0.334002, 0.0, -0.942572, -0.075157, 0.0, 1.0, 0.0, 1.627948, 0.0, 0.0, 0.0, 1.0],
                [0.942572, 0.0, -0.334002, 0.011781, -0.334002, 0.0, -0.942572, -0.075157, 0.0, 1.0, 0.0, 1.627948, 0.0, 0.0, 0.0, 1.0],
                [0.942572, 0.0, -0.334002, 0.011781, -0.334002, 0.0, -0.942572, -0.075157, 0.0, 1.0, 0.0, 1.627948, 0.0, 0.0, 0.0, 1.0],
                [0.942572, 0.0, -0.334002, 0.011781, -0.334002, 0.0, -0.942572, -0.075157, 0.0, 1.0, 0.0, 1.627948, 0.0, 0.0, 0.0, 1.0],
                [0.942572, 0.0, -0.334002, 0.011781, -0.334002, 0.0, -0.942572, -0.075157, 0.0, 1.0, 0.0, 1.627948, 0.0, 0.0, 0.0, 1.0],
                [0.942572, 0.0, -0.334002, 0.011781, -0.334002, 0.0, -0.942572, -0.075157, 0.0, 1.0, 0.0, 1.627948, 0.0, 0.0, 0.0, 1.0],
                [0.942572, 0.0, -0.334002, 0.011781, -0.334002, 0.0, -0.942572, -0.075157, 0.0, 1.0, 0.0, 1.627948, 0.0, 0.0, 0.0, 1.0],
                [0.942572, 0.0, -0.334002, 0.011781, -0.334002, 0.0, -0.942572, -0.075157, 0.0, 1.0, 0.0, 1.627948, 0.0, 0.0, 0.0, 1.0],
                [0.942572, 0.0, -0.334002, 0.011781, -0.334002, 0.0, -0.942572, -0.075157, 0.0, 1.0, 0.0, 1.627948, 0.0, 0.0, 0.0, 1.0],
                [0.942572, 0.0, -0.334002, 0.011781, -0.334002, 0.0, -0.942572, -0.075157, 0.0, 1.0, 0.0, 1.627948, 0.0, 0.0, 0.0, 1.0],
                [0.942572, 0.0, -0.334002, 0.011781, -0.334002, 0.0, -0.942572, -0.075157, 0.0, 1.0, 0.0, 1.627948, 0.0, 0.0, 0.0, 1.0],
                [0.942572, 0.0, -0.334002, 0.011781, -0.334002, 0.0, -0.942572, -0.075157, 0.0, 1.0, 0.0, 1.627948, 0.0, 0.0, 0.0, 1.0],
                [0.942572, 0.0, -0.334002, 0.011781, -0.334002, 0.0, -0.942572, -0.075157, 0.0, 1.0, 0.0, 1.627948, 0.0, 0.0, 0.0, 1.0],
                [0.942572, 0.0, -0.334002, 0.011781, -0.334002, 0.0, -0.942572, -0.075157, 0.0, 1.0, 0.0, 1.627948, 0.0, 0.0, 0.0, 1.0],
                [0.942572, 0.0, -0.334002, 0.011781, -0.334002, 0.0, -0.942572, -0.075157, 0.0, 1.0, 0.0, 1.627948, 0.0, 0.0, 0.0, 1.0],
                [0.942572, 0.0, -0.334002, 0.011781, -0.334002, 0.0, -0.942572, -0.075157, 0.0, 1.0, 0.0, 1.627948, 0.0, 0.0, 0.0, 1.0],
                [0.942572, 0.0, -0.334002, 0.011781, -0.334002, 0.0, -0.942572, -0.075157, 0.0, 1.0, 0.0, 1.627948, 0.0, 0.0, 0.0, 1.0],
                [0.942572, 0.0, -0.334002, 0.011781, -0.334002, 0.0, -0.942572, -0.075157, 0.0, 1.0, 0.0, 1.627948, 0.0, 0.0, 0.0, 1.0],
                [0.942572, 0.0, -0.334002, 0.011781, -0.334002, 0.0, -0.942572, -0.075157, 0.0, 1.0, 0.0, 1.627948, 0.0, 0.0, 0.0, 1.0],
                [0.942572, 0.0, -0.334002, 0.011781, -0.334002, 0.0, -0.942572, -0.075157, 0.0, 1.0, 0.0, 1.627948, 0.0, 0.0, 0.0, 1.0],
                [0.942572, 0.0, -0.334002, 0.011781, -0.334002, 0.0, -0.942572, -0.075157, 0.0, 1.0, 0.0, 1.627948, 0.0, 0.0, 0.0, 1.0],
                [0.942572, 0.0, -0.334002, 0.011781, -0.334002, 0.0, -0.942572, -0.075157, 0.0, 1.0, 0.0, 1.627948, 0.0, 0.0, 0.0, 1.0],
                [0.942572, 0.0, -0.334002, 0.011781, -0.334002, 0.0, -0.942572, -0.075157, 0.0, 1.0, 0.0, 1.627948, 0.0, 0.0, 0.0, 1.0],
                [0.942572, 0.0, -0.334002, 0.011781, -0.334002, 0.0, -0.942572, -0.075157, 0.0, 1.0, 0.0, 1.627948, 0.0, 0.0, 0.0, 1.0],
                [0.942572, 0.0, -0.334002, 0.011781, -0.334002, 0.0, -0.942572, -0.075157, 0.0, 1.0, 0.0, 1.627948, 0.0, 0.0, 0.0, 1.0],
                [0.942572, 0.0, -0.334002, 0.011781, -0.334002, 0.0, -0.942572, -0.075157, 0.0, 1.0, 0.0, 1.627948, 0.0, 0.0, 0.0, 1.0],
                [0.942572, 0.0, -0.334002, 0.011781, -0.334002, 0.0, -0.942572, -0.075157, 0.0, 1.0, 0.0, 1.627948, 0.0, 0.0, 0.0, 1.0],
                [0.942572, 0.0, -0.334002, 0.011781, -0.334002, 0.0, -0.942572, -0.075157, 0.0, 1.0, 0.0, 1.627948, 0.0, 0.0, 0.0, 1.0],
                [0.942572, 0.0, -0.334002, 0.011781, -0.334002, 0.0, -0.942572, -0.075157, 0.0, 1.0, 0.0, 1.627948, 0.0, 0.0, 0.0, 1.0],
                [0.942572, 0.0, -0.334002, 0.011781, -0.334002, 0.0, -0.942572, -0.075157, 0.0, 1.0, 0.0, 1.627948, 0.0, 0.0, 0.0, 1.0],
                [0.942572, 0.0, -0.334002, 0.011781, -0.334002, 0.0, -0.942572, -0.075157, 0.0, 1.0, 0.0, 1.627948, 0.0, 0.0, 0.0, 1.0],
                [0.942572, 0.0, -0.334002, 0.011781, -0.334002, 0.0, -0.942572, -0.075157, 0.0, 1.0, 0.0, 1.627948, 0.0, 0.0, 0.0, 1.0],
                [0.942572, 0.0, -0.334002, 0.011781, -0.334002, 0.0, -0.942572, -0.075157, 0.0, 1.0, 0.0, 1.627948, 0.0, 0.0, 0.0, 1.0],
                [0.942572, 0.0, -0.334002, 0.011781, -0.334002, 0.0, -0.942572, -0.075157, 0.0, 1.0, 0.0, 1.627948, 0.0, 0.0, 0.0, 1.0],
                [0.942572, 0.0, -0.334002, 0.011781, -0.334002, 0.0, -0.942572, -0.075157, 0.0, 1.0, 0.0, 1.627948, 0.0, 0.0, 0.0, 1.0],
                [0.942572, 0.0, -0.334002, 0.011781, -0.334002, 0.0, -0.942572, -0.075157, 0.0, 1.0, 0.0, 1.627948, 0.0, 0.0, 0.0, 1.0],
                [0.942572, 0.0, -0.334002, 0.011781, -0.334002, 0.0, -0.942572, -0.075157, 0.0, 1.0, 0.0, 1.627948, 0.0, 0.0, 0.0, 1.0],
                [0.942572, 0.0, -0.334002, 0.011781, -0.334002, 0.0, -0.942572, -0.075157, 0.0, 1.0, 0.0, 1.627948, 0.0, 0.0, 0.0, 1.0],
                [0.942572, 0.0, -0.334002, 0.011781, -0.334002, 0.0, -0.942572, -0.075157, 0.0, 1.0, 0.0, 1.627948, 0.0, 0.0, 0.0, 1.0],
                [0.942572, 0.0, -0.334002, 0.011781, -0.334002, 0.0, -0.942572, -0.075157, 0.0, 1.0, 0.0, 1.627948, 0.0, 0.0, 0.0, 1.0],
                [0.942572, 0.0, -0.334002, 0.011781, -0.334002, 0.0, -0.942572, -0.075157, 0.0, 1.0, 0.0, 1.627948, 0.0, 0.0, 0.0, 1.0],
                [0.942572, 0.0, -0.334002, 0.011781, -0.334002, 0.0, -0.942572, -0.075157, 0.0, 1.0, 0.0, 1.627948, 0.0, 0.0, 0.0, 1.0],
                [0.942572, 0.0, -0.334002, 0.011781, -0.334002, 0.0, -0.942572, -0.075157, 0.0, 1.0, 0.0, 1.627948, 0.0, 0.0, 0.0, 1.0],
                [0.942572, 0.0, -0.334002, 0.011781, -0.334002, 0.0, -0.942572, -0.075157, 0.0, 1.0, 0.0, 1.627948, 0.0, 0.0, 0.0, 1.0],
                [0.942572, 0.0, -0.334002, 0.011781, -0.334002, 0.0, -0.942572, -0.075157, 0.0, 1.0, 0.0, 1.627948, 0.0, 0.0, 0.0, 1.0],
                [0.942572, 0.0, -0.334002, 0.011781, -0.334002, 0.0, -0.942572, -0.075157, 0.0, 1.0, 0.0, 1.627948, 0.0, 0.0, 0.0, 1.0],
                [0.942572, 0.0, -0.334002, 0.011781, -0.334002, 0.0, -0.942572, -0.075157, 0.0, 1.0, 0.0, 1.627948, 0.0, 0.0, 0.0, 1.0],
                [0.942572, 0.0, -0.334002, 0.011781, -0.334002, 0.0, -0.942572, -0.075157, 0.0, 1.0, 0.0, 1.627948, 0.0, 0.0, 0.0, 1.0],
                [0.942572, 0.0, -0.334002, 0.011781, -0.334002, 0.0, -0.942572, -0.075157, 0.0, 1.0, 0.0, 1.627948, 0.0, 0.0, 0.0, 1.0],
                [0.942572, 0.0, -0.334002, 0.011781, -0.334002, 0.0, -0.942572, -0.075157, 0.0, 1.0, 0.0, 1.627948, 0.0, 0.0, 0.0, 1.0],
                [0.942572, 0.0, -0.334002, 0.011781, -0.334002, 0.0, -0.942572, -0.075157, 0.0, 1.0, 0.0, 1.627948, 0.0, 0.0, 0.0, 1.0],
                [0.942572, 0.0, -0.334002, 0.011781, -0.334002, 0.0, -0.942572, -0.075157, 0.0, 1.0, 0.0, 1.627948, 0.0, 0.0, 0.0, 1.0],
                [0.942572, 0.0, -0.334002, 0.011781, -0.334002, 0.0, -0.942572, -0.075157, 0.0, 1.0, 0.0, 1.627948, 0.0, 0.0, 0.0, 1.0],
                [0.942572, 0.0, -0.334002, 0.011781, -0.334002, 0.0, -0.942572, -0.075157, 0.0, 1.0, 0.0, 1.627948, 0.0, 0.0, 0.0, 1.0],
                [0.942572, 0.0, -0.334002, 0.011781, -0.334002, 0.0, -0.942572, -0.075157, 0.0, 1.0, 0.0, 1.627948, 0.0, 0.0, 0.0, 1.0],
                [0.942572, 0.0, -0.334002, 0.011781, -0.334002, 0.0, -0.942572, -0.075157, 0.0, 1.0, 0.0, 1.627948, 0.0, 0.0, 0.0, 1.0],
                [0.942572, 0.0, -0.334002, 0.011781, -0.334002, 0.0, -0.942572, -0.075157, 0.0, 1.0, 0.0, 1.627948, 0.0, 0.0, 0.0, 1.0],
                [0.942572, 0.0, -0.334002, 0.011781, -0.334002, 0.0, -0.942572, -0.075157, 0.0, 1.0, 0.0, 1.627948, 0.0, 0.0, 0.0, 1.0],
                [0.942572, 0.0, -0.334002, 0.011781, -0.334002, 0.0, -0.942572, -0.075157, 0.0, 1.0, 0.0, 1.627948, 0.0, 0.0, 0.0, 1.0],
                [0.942572, 0.0, -0.334002, 0.011781, -0.334002, 0.0, -0.942572, -0.075157, 0.0, 1.0, 0.0, 1.627948, 0.0, 0.0, 0.0, 1.0],
                [0.942572, 0.0, -0.334002, 0.011781, -0.334002, 0.0, -0.942572, -0.075157, 0.0, 1.0, 0.0, 1.627948, 0.0, 0.0, 0.0, 1.0],
                [0.942572, 0.0, -0.334002, 0.011781, -0.334002, 0.0, -0.942572, -0.075157, 0.0, 1.0, 0.0, 1.627948, 0.0, 0.0, 0.0, 1.0],
                [0.942572, 0.0, -0.334002, 0.011781, -0.334002, 0.0, -0.942572, -0.075157, 0.0, 1.0, 0.0, 1.627948, 0.0, 0.0, 0.0, 1.0],
                [0.942572, 0.0, -0.334002, 0.011781, -0.334002, 0.0, -0.942572, -0.075157, 0.0, 1.0, 0.0, 1.627948, 0.0, 0.0, 0.0, 1.0],
                [0.942572, 0.0, -0.334002, 0.011781, -0.334002, 0.0, -0.942572, -0.075157, 0.0, 1.0, 0.0, 1.627948, 0.0, 0.0, 0.0, 1.0],
                [0.942572, 0.0, -0.334002, 0.011781, -0.334002, 0.0, -0.942572, -0.075157, 0.0, 1.0, 0.0, 1.627948, 0.0, 0.0, 0.0, 1.0],
                [0.942572, 0.0, -0.334002, 0.011781, -0.334002, 0.0, -0.942572, -0.075157, 0.0, 1.0, 0.0, 1.627948, 0.0, 0.0, 0.0, 1.0],
                [0.942572, 0.0, -0.334002, 0.011781, -0.334002, 0.0, -0.942572, -0.075157, 0.0, 1.0, 0.0, 1.627948, 0.0, 0.0, 0.0, 1.0],
                [0.942572, 0.0, -0.334002, 0.011781, -0.334002, 0.0, -0.942572, -0.075157, 0.0, 1.0, 0.0, 1.627948, 0.0, 0.0, 0.0, 1.0],
                [0.942572, 0.0, -0.334002, 0.011781, -0.334002, 0.0, -0.942572, -0.075157, 0.0, 1.0, 0.0, 1.627948, 0.0, 0.0, 0.0, 1.0],
                [0.942572, 0.0, -0.334002, 0.011781, -0.334002, 0.0, -0.942572, -0.075157, 0.0, 1.0, 0.0, 1.627948, 0.0, 0.0, 0.0, 1.0],
                [0.942572, 0.0, -0.334002, 0.011781, -0.334002, 0.0, -0.942572, -0.075157, 0.0, 1.0, 0.0, 1.627948, 0.0, 0.0, 0.0, 1.0],
                [0.942572, 0.0, -0.334002, 0.011781, -0.334002, 0.0, -0.942572, -0.075157, 0.0, 1.0, 0.0, 1.627948, 0.0, 0.0, 0.0, 1.0],
                [0.942572, 0.0, -0.334002, 0.011781, -0.334002, 0.0, -0.942572, -0.075157, 0.0, 1.0, 0.0, 1.627948, 0.0, 0.0, 0.0, 1.0],
                [0.942572, 0.0, -0.334002, 0.011781, -0.334002, 0.0, -0.942572, -0.075157, 0.0, 1.0, 0.0, 1.627948, 0.0, 0.0, 0.0, 1.0],
                [0.942572, 0.0, -0.334002, 0.011781, -0.334002, 0.0, -0.942572, -0.075157, 0.0, 1.0, 0.0, 1.627948, 0.0, 0.0, 0.0, 1.0],
                [0.942572, 0.0, -0.334002, 0.011781, -0.334002, 0.0, -0.942572, -0.075157, 0.0, 1.0, 0.0, 1.627948, 0.0, 0.0, 0.0, 1.0],
                [0.942572, 0.0, -0.334002, 0.011781, -0.334002, 0.0, -0.942572, -0.075157, 0.0, 1.0, 0.0, 1.627948, 0.0, 0.0, 0.0, 1.0],
                [0.942572, 0.0, -0.334002, 0.011781, -0.334002, 0.0, -0.942572, -0.075157, 0.0, 1.0, 0.0, 1.627948, 0.0, 0.0, 0.0, 1.0]
            ]
        },
        {
            "name": "Thigh_R",
            "time": [0.0, 0.0333, 0.0667, 0.1, 0.1333, 0.1667, 0.2, 0.2333, 0.2667, 0.3, 0.3333, 0.3667, 0.4, 0.4333, 0.4667, 0.5, 0.5333, 0.5667, 0.6, 0.6333, 0.6667, 0.7, 0.7333, 0.7667, 0.8, 0.8333, 0.8667, 0.9, 0.9333, 0.9667, 1.0, 1.0333, 1.0667, 1.1, 1.1333, 1.1667, 1.2, 1.2333, 1.2667, 1.3, 1.3333, 1.3667, 1.4, 1.4333, 1.4667, 1.5, 1.5333, 1.5667, 1.6, 1.6333, 1.6667, 1.7, 1.7333, 1.7667, 1.8, 1.8333, 1.8667, 1.9, 1.9333, 1.9667, 2.0, 2.0333, 2.0667, 2.1, 2.1333, 2.1667, 2.2, 2.2333, 2.2667, 2.3, 2.3333, 2.3667, 2.4, 2.4333, 2.4667, 2.5, 2.5333, 2.5667, 2.6, 2.6333, 2.6667, 2.7, 2.7333, 2.7667, 2.8, 2.8333, 2.8667, 2.9, 2.9333, 2.9667, 3.0, 3.0333, 3.0667, 3.1, 3.1333, 3.1667, 3.2, 3.2333, 3.2667, 3.3, 3.3333, 3.3667, 3.4, 3.4333, 3.4667, 3.5, 3.5333, 3.5667, 3.6, 3.6333, 3.6667, 3.7, 3.7333, 3.7667, 3.8, 3.8333, 3.8667, 3.9, 3.9333, 3.9667, 4.0, 4.0333, 4.0667, 4.1, 4.1333, 4.1667, 4.2, 4.2333, 4.2667, 4.3, 4.3333],
            "transform": [
                [0.987994, 0.030507, -0.151444, 0.124994, 0.149174, 0.066454, 0.986576, -0.002831, 0.040161, -0.997321, 0.061106, -1.2e-05, 0.0, 0.0, 0.0, 1.0],
                [0.987994, 0.030507, -0.151444, 0.124994, 0.149174, 0.066454, 0.986576, -0.002831, 0.040161, -0.997321, 0.061106, -1.2e-05, 0.0, 0.0, 0.0, 1.0],
                [0.987994, 0.030507, -0.151444, 0.124994, 0.149174, 0.066454, 0.986576, -0.002831, 0.040161, -0.997321, 0.061106, -1.2e-05, 0.0, 0.0, 0.0, 1.0],
                [0.987994, 0.030507, -0.151444, 0.124994, 0.149174, 0.066454, 0.986576, -0.002831, 0.040161, -0.997321, 0.061106, -1.2e-05, 0.0, 0.0, 0.0, 1.0],
                [0.987994, 0.030507, -0.151444, 0.124994, 0.149174, 0.066454, 0.986576, -0.002831, 0.040161, -0.997321, 0.061106, -1.2e-05, 0.0, 0.0, 0.0, 1.0],
                [0.987994, 0.030507, -0.151444, 0.124994, 0.149174, 0.066454, 0.986576, -0.002831, 0.040161, -0.997321, 0.061106, -1.2e-05, 0.0, 0.0, 0.0, 1.0],
                [0.987994, 0.030507, -0.151444, 0.124994, 0.149174, 0.066454, 0.986576, -0.002831, 0.040161, -0.997321, 0.061106, -1.2e-05, 0.0, 0.0, 0.0, 1.0],
                [0.987994, 0.030507, -0.151444, 0.124994, 0.149174, 0.066454, 0.986576, -0.002831, 0.040161, -0.997321, 0.061106, -1.2e-05, 0.0, 0.0, 0.0, 1.0],
                [0.987994, 0.030507, -0.151444, 0.124994, 0.149174, 0.066454, 0.986576, -0.002831, 0.040161, -0.997321, 0.061106, -1.2e-05, 0.0, 0.0, 0.0, 1.0],
                [0.987994, 0.030507, -0.151444, 0.124994, 0.149174, 0.066454, 0.986576, -0.002831, 0.040161, -0.997321, 0.061106, -1.2e-05, 0.0, 0.0, 0.0, 1.0],
                [0.987994, 0.030507, -0.151444, 0.124994, 0.149174, 0.066454, 0.986576, -0.002831, 0.040161, -0.997321, 0.061106, -1.2e-05, 0.0, 0.0, 0.0, 1.0],
                [0.988011, 0.030432, -0.151352, 0.124994, 0.149079, 0.066662, 0.986576, -0.002831, 0.040113, -0.997309, 0.061326, -1.2e-05, 0.0, 0.0, 0.0, 1.0],
                [0.988058, 0.030218, -0.151085, 0.124994, 0.148801, 0.067258, 0.986578, -0.002831, 0.039974, -0.997276, 0.061959, -1.2e-05, 0.0, 0.0, 0.0, 1.0],
                [0.988135, 0.029876, -0.150654, 0.124994, 0.148355, 0.068196, 0.986581, -0.002831, 0.03975, -0.997223, 0.062955, -1.2e-05, 0.0, 0.0, 0.0, 1.0],
                [0.988237, 0.029424, -0.15007, 0.124994, 0.147753, 0.069418, 0.986586, -0.002831, 0.039447, -0.997152, 0.064254, -1.2e-05, 0.0, 0.0, 0.0, 1.0],
                [0.988362, 0.028878, -0.149347, 0.124994, 0.147009, 0.070861, 0.986594, -0.002831, 0.039074, -0.997066, 0.065791, -1.2e-05, 0.0, 0.0, 0.0, 1.0],
                [0.988509, 0.028255, -0.148494, 0.124994, 0.146137, 0.072456, 0.986608, -0.002831, 0.038636, -0.996969, 0.067494, -1.2e-05, 0.0, 0.0, 0.0, 1.0],
                [0.988673, 0.027573, -0.147524, 0.124994, 0.145151, 0.074136, 0.986629, -0.002831, 0.038141, -0.996865, 0.069294, -1.2e-05, 0.0, 0.0, 0.0, 1.0],
                [0.988853, 0.026849, -0.146449, 0.124994, 0.144065, 0.075831, 0.986659, -0.002831, 0.037596, -0.996758, 0.071118, -1.2e-05, 0.0, 0.0, 0.0, 1.0],
                [0.989046, 0.026098, -0.14528, 0.124994, 0.142891, 0.077476, 0.986702, -0.002831, 0.037007, -0.996651, 0.072898, -1.2e-05, 0.0, 0.0, 0.0, 1.0],
                [0.989248, 0.025337, -0.14403, 0.124994, 0.141644, 0.079009, 0.98676, -0.002831, 0.036381, -0.99655, 0.074571, -1.2e-05, 0.0, 0.0, 0.0, 1.0],
                [0.989458, 0.024578, -0.142712, 0.124994, 0.140337, 0.080376, 0.986836, -0.002831, 0.035725, -0.99646, 0.07608, -1.2e-05, 0.0, 0.0, 0.0, 1.0],
                [0.989674, 0.023835, -0.141338, 0.124994, 0.138983, 0.081527, 0.986934, -0.002831, 0.035046, -0.996384, 0.077373, -1.2e-05, 0.0, 0.0, 0.0, 1.0],
                [0.989892, 0.023117, -0.139922, 0.124994, 0.137596, 0.082421, 0.987054, -0.002831, 0.03435, -0.996327, 0.078408, -1.2e-05, 0.0, 0.0, 0.0, 1.0],
                [0.990111, 0.022433, -0.138477, 0.124994, 0.136188, 0.08303, 0.987198, -0.002831, 0.033644, -0.996293, 0.079154, -1.2e-05, 0.0, 0.0, 0.0, 1.0],
                [0.990328, 0.021792, -0.137017, 0.124994, 0.134773, 0.08333, 0.987367, -0.002831, 0.032934, -0.996282, 0.079587, -1.2e-05, 0.0, 0.0, 0.0, 1.0],
                [0.990543, 0.021197, -0.135554, 0.124994, 0.133363, 0.083311, 0.98756, -0.002831, 0.032227, -0.996296, 0.079697, -1.2e-05, 0.0, 0.0, 0.0, 1.0],
                [0.990752, 0.020654, -0.134102, 0.124994, 0.13197, 0.082973, 0.987775, -0.002831, 0.031528, -0.996336, 0.079481, -1.2e-05, 0.0, 0.0, 0.0, 1.0],
                [0.990954, 0.020163, -0.132676, 0.124994, 0.130606, 0.082329, 0.988011, -0.002831, 0.030845, -0.996399, 0.078951, -1.2e-05, 0.0, 0.0, 0.0, 1.0],
                [0.991147, 0.019727, -0.131288, 0.124994, 0.129285, 0.0814, 0.988261, -0.002831, 0.030182, -0.996484, 0.078129, -1.2e-05, 0.0, 0.0, 0.0, 1.0],
                [0.991331, 0.019344, -0.129951, 0.124994, 0.128017, 0.08022, 0.988523, -0.002831, 0.029547, -0.996588, 0.077048, -1.2e-05, 0.0, 0.0, 0.0, 1.0],
                [0.991503, 0.019014, -0.12868, 0.124994, 0.126816, 0.078832, 0.98879, -0.002831, 0.028944, -0.996705, 0.075751, -1.2e-05, 0.0, 0.0, 0.0, 1.0],
                [0.991663, 0.018733, -0.127487, 0.124994, 0.125691, 0.07729, 0.989055, -0.002831, 0.028381, -0.996831, 0.074291, -1.2e-05, 0.0, 0.0, 0.0, 1.0],
                [0.991808, 0.018498, -0.126385, 0.124994, 0.124656, 0.075656, 0.989312, -0.002831, 0.027862, -0.99696, 0.072731, -1.2e-05, 0.0, 0.0, 0.0, 1.0],
                [0.991938, 0.018306, -0.125388, 0.124994, 0.123721, 0.074001, 0.989554, -0.002831, 0.027394, -0.997088, 0.07114, -1.2e-05, 0.0, 0.0, 0.0, 1.0],
                [0.992052, 0.018153, -0.124509, 0.124994, 0.122898, 0.0724, 0.989776, -0.002831, 0.026981, -0.997208, 0.069594, -1.2e-05, 0.0, 0.0, 0.0, 1.0],
                [0.992148, 0.018034, -0.12376, 0.124994, 0.122199, 0.070929, 0.989969, -0.002831, 0.026631, -0.997316, 0.068168, -1.2e-05, 0.0, 0.0, 0.0, 1.0],
                [0.992224, 0.017946, -0.123155, 0.124994, 0.121635, 0.069668, 0.990128, -0.002831, 0.026349, -0.997407, 0.066944, -1.2e-05, 0.0, 0.0, 0.0, 1.0],
                [0.992281, 0.017885, -0.122707, 0.124994, 0.121217, 0.068691, 0.990247, -0.002831, 0.026139, -0.997476, 0.065993, -1.2e-05, 0.0, 0.0, 0.0, 1.0],
                [0.992316, 0.017849, -0.122429, 0.124994, 0.120958, 0.068066, 0.990322, -0.002831, 0.026009, -0.997519, 0.065384, -1.2e-05, 0.0, 0.0, 0.0, 1.0],
                [0.992328, 0.017837, -0.122333, 0.124994, 0.120869, 0.067848, 0.990348, -0.002831, 0.025965, -0.997534, 0.065172, -1.2e-05, 0.0, 0.0, 0.0, 1.0],
                [0.99232, 0.017875, -0.122395, 0.124994, 0.12093, 0.067754, 0.990347, -0.002831, 0.025996, -0.99754, 0.065072, -1.2e-05, 0.0, 0.0, 0.0, 1.0],
                [0.992296, 0.017986, -0.122575, 0.124994, 0.12111, 0.067495, 0.990343, -0.002831, 0.026086, -0.997555, 0.064797, -1.2e-05, 0.0, 0.0, 0.0, 1.0],
                [0.992256, 0.018163, -0.122868, 0.124994, 0.121401, 0.0671, 0.990334, -0.002831, 0.026232, -0.997579, 0.064375, -1.2e-05, 0.0, 0.0, 0.0, 1.0],
                [0.992202, 0.0184, -0.123267, 0.124994, 0.121798, 0.066593, 0.990319, -0.002831, 0.02643, -0.997608, 0.063833, -1.2e-05, 0.0, 0.0, 0.0, 1.0],
                [0.992135, 0.018691, -0.123766, 0.124994, 0.122293, 0.065998, 0.990298, -0.002831, 0.026678, -0.997643, 0.063193, -1.2e-05, 0.0, 0.0, 0.0, 1.0],
                [0.992054, 0.019033, -0.124358, 0.124994, 0.122881, 0.065334, 0.990269, -0.002831, 0.026973, -0.99768, 0.062477, -1.2e-05, 0.0, 0.0, 0.0, 1.0],
                [0.991961, 0.019419, -0.125036, 0.124994, 0.123553, 0.06462, 0.990232, -0.002831, 0.02731, -0.997719, 0.061702, -1.2e-05, 0.0, 0.0, 0.0, 1.0],
                [0.991857, 0.019846, -0.125795, 0.124994, 0.124305, 0.063872, 0.990187, -0.002831, 0.027686, -0.997759, 0.060885, -1.2e-05, 0.0, 0.0, 0.0, 1.0],
                [0.991742, 0.020309, -0.126627, 0.124994, 0.125129, 0.063103, 0.990132, -0.002831, 0.028099, -0.997798, 0.060041, -1.2e-05, 0.0, 0.0, 0.0, 1.0],
                [0.991616, 0.020803, -0.127526, 0.124994, 0.126019, 0.062328, 0.990069, -0.002831, 0.028545, -0.997837, 0.059184, -1.2e-05, 0.0, 0.0, 0.0, 1.0],
                [0.991481, 0.021325, -0.128486, 0.124994, 0.126969, 0.061559, 0.989995, -0.002831, 0.029022, -0.997874, 0.058327, -1.2e-05, 0.0, 0.0, 0.0, 1.0],
                [0.991338, 0.021871, -0.129502, 0.124994, 0.127974, 0.060807, 0.989912, -0.002831, 0.029525, -0.997908, 0.057482, -1.2e-05, 0.0, 0.0, 0.0, 1.0],
                [0.991185, 0.022436, -0.130566, 0.124994, 0.129026, 0.060086, 0.98982, -0.002831, 0.030052, -0.997939, 0.056662, -1.2e-05, 0.0, 0.0, 0.0, 1.0],
                [0.991025, 0.023016, -0.131674, 0.124994, 0.130121, 0.059406, 0.989718, -0.002831, 0.030601, -0.997967, 0.055878, -1.2e-05, 0.0, 0.0, 0.0, 1.0],
                [0.990858, 0.023607, -0.13282, 0.124994, 0.131252, 0.05878, 0.989606, -0.002831, 0.031168, -0.99799, 0.055144, -1.2e-05, 0.0, 0.0, 0.0, 1.0],
                [0.990685, 0.024204, -0.133999, 0.124994, 0.132414, 0.058219, 0.989484, -0.002831, 0.031751, -0.998008, 0.054472, -1.2e-05, 0.0, 0.0, 0.0, 1.0],
                [0.990506, 0.024804, -0.135206, 0.124994, 0.133603, 0.057739, 0.989352, -0.002831, 0.032347, -0.998022, 0.053877, -1.2e-05, 0.0, 0.0, 0.0, 1.0],
                [0.990323, 0.025402, -0.136436, 0.124994, 0.134811, 0.057351, 0.989211, -0.002831, 0.032953, -0.998029, 0.053372, -1.2e-05, 0.0, 0.0, 0.0, 1.0],
                [0.990135, 0.025994, -0.137684, 0.124994, 0.136035, 0.057072, 0.989059, -0.002831, 0.033567, -0.998029, 0.052973, -1.2e-05, 0.0, 0.0, 0.0, 1.0],
                [0.989943, 0.026573, -0.138945, 0.124994, 0.13727, 0.056916, 0.988898, -0.002831, 0.034186, -0.998023, 0.052696, -1.2e-05, 0.0, 0.0, 0.0, 1.0],
                [0.989748, 0.027136, -0.140216, 0.124994, 0.138511, 0.056901, 0.988725, -0.002831, 0.034809, -0.998009, 0.052559, -1.2e-05, 0.0, 0.0, 0.0, 1.0],
                [0.989552, 0.027678, -0.141492, 0.124994, 0.139752, 0.057044, 0.988543, -0.002831, 0.035432, -0.997986, 0.05258, -1.2e-05, 0.0, 0.0, 0.0, 1.0],
                [0.989354, 0.028191, -0.14277, 0.124994, 0.14099, 0.057364, 0.988348, -0.002831, 0.036053, -0.997953, 0.052779, -1.2e-05, 0.0, 0.0, 0.0, 1.0],
                [0.989155, 0.028672, -0.144045, 0.124994, 0.14222, 0.057883, 0.988142, -0.002831, 0.03667, -0.99791, 0.053178, -1.2e-05, 0.0, 0.0, 0.0, 1.0],
                [0.988956, 0.029114, -0.145315, 0.124994, 0.143437, 0.058621, 0.987922, -0.002831, 0.037281, -0.997854, 0.053797, -1.2e-05, 0.0, 0.0, 0.0, 1.0],
                [0.988759, 0.02951, -0.146574, 0.124994, 0.144637, 0.059601, 0.987689, -0.002831, 0.037883, -0.997784, 0.054663, -1.2e-05, 0.0, 0.0, 0.0, 1.0],
                [0.988563, 0.029855, -0.147821, 0.124994, 0.145815, 0.060849, 0.98744, -0.002831, 0.038474, -0.997699, 0.0558, -1.2e-05, 0.0, 0.0, 0.0, 1.0],
                [0.98837, 0.03014, -0.14905, 0.124994, 0.146967, 0.062388, 0.987172, -0.002831, 0.039053, -0.997595, 0.057233, -1.2e-05, 0.0, 0.0, 0.0, 1.0],
                [0.98818, 0.03036, -0.150259, 0.124994, 0.148088, 0.064248, 0.986886, -0.002831, 0.039616, -0.99747, 0.058992, -1.2e-05, 0.0, 0.0, 0.0, 1.0],
                [0.987994, 0.030507, -0.151444, 0.124994, 0.149174, 0.066454, 0.986576, -0.002831, 0.040161, -0.997321, 0.061106, -1.2e-05, 0.0, 0.0, 0.0, 1.0],
                [0.987818, 0.030602, -0.152568, 0.124994, 0.150196, 0.068773, 0.986262, -0.002831, 0.040674, -0.997161, 0.063339, -1.2e-05, 0.0, 0.0, 0.0, 1.0],
                [0.987657, 0.03068, -0.153597, 0.124994, 0.15113, 0.070927, 0.985967, -0.002831, 0.041144, -0.997008, 0.065415, -1.2e-05, 0.0, 0.0, 0.0, 1.0],
                [0.987508, 0.030747, -0.154534, 0.124994, 0.15198, 0.072885, 0.985693, -0.002831, 0.04157, -0.996864, 0.067302, -1.2e-05, 0.0, 0.0, 0.0, 1.0],
                [0.987375, 0.03081, -0.155372, 0.124994, 0.152744, 0.074532, 0.985452, -0.002831, 0.041941, -0.996741, 0.068884, -1.2e-05, 0.0, 0.0, 0.0, 1.0],
                [0.987253, 0.030877, -0.156132, 0.124994, 0.153435, 0.076014, 0.985231, -0.002831, 0.042289, -0.996627, 0.070308, -1.2e-05, 0.0, 0.0, 0.0, 1.0],
                [0.987144, 0.03095, -0.156807, 0.124994, 0.154051, 0.077239, 0.98504, -0.002831, 0.042598, -0.99653, 0.071478, -1.2e-05, 0.0, 0.0, 0.0, 1.0],
                [0.987046, 0.031033, -0.157401, 0.124994, 0.154596, 0.078194, 0.984879, -0.002831, 0.042872, -0.996453, 0.072384, -1.2e-05, 0.0, 0.0, 0.0, 1.0],
                [0.986961, 0.031129, -0.157914, 0.124994, 0.155072, 0.07887, 0.98475, -0.002831, 0.043108, -0.996397, 0.073015, -1.2e-05, 0.0, 0.0, 0.0, 1.0],
                [0.986887, 0.03125, -0.158355, 0.124994, 0.155487, 0.079265, 0.984653, -0.002831, 0.043322, -0.996362, 0.073366, -1.2e-05, 0.0, 0.0, 0.0, 1.0],
                [0.986824, 0.031379, -0.158719, 0.124994, 0.155836, 0.079376, 0.984589, -0.002831, 0.043494, -0.996349, 0.07344, -1.2e-05, 0.0, 0.0, 0.0, 1.0],
                [0.986771, 0.031508, -0.159021, 0.124994, 0.156127, 0.079358, 0.984544, -0.002831, 0.04364, -0.996346, 0.073389, -1.2e-05, 0.0, 0.0, 0.0, 1.0],
                [0.986729, 0.031679, -0.159252, 0.124994, 0.156364, 0.078936, 0.984541, -0.002831, 0.04376, -0.996375, 0.072935, -1.2e-05, 0.0, 0.0, 0.0, 1.0],
                [0.986695, 0.031868, -0.159421, 0.124994, 0.156549, 0.078257, 0.984565, -0.002831, 0.043852, -0.996422, 0.072227, -1.2e-05, 0.0, 0.0, 0.0, 1.0],
                [0.98667, 0.032077, -0.159534, 0.124994, 0.156687, 0.077343, 0.984616, -0.002831, 0.043922, -0.996487, 0.071286, -1.2e-05, 0.0, 0.0, 0.0, 1.0],
                [0.986654, 0.032298, -0.159592, 0.124994, 0.156779, 0.076212, 0.984689, -0.002831, 0.043967, -0.996567, 0.070131, -1.2e-05, 0.0, 0.0, 0.0, 1.0],
                [0.986644, 0.032539, -0.159604, 0.124994, 0.156833, 0.074882, 0.984783, -0.002831, 0.043996, -0.99666, 0.068779, -1.2e-05, 0.0, 0.0, 0.0, 1.0],
                [0.986641, 0.032789, -0.159572, 0.124994, 0.15685, 0.073394, 0.984892, -0.002831, 0.044005, -0.996762, 0.06727, -1.2e-05, 0.0, 0.0, 0.0, 1.0],
                [0.986644, 0.033041, -0.159501, 0.124994, 0.156833, 0.071778, 0.985014, -0.002831, 0.043995, -0.996871, 0.065637, -1.2e-05, 0.0, 0.0, 0.0, 1.0],
                [0.986652, 0.033296, -0.159397, 0.124994, 0.156789, 0.07007, 0.985144, -0.002831, 0.04397, -0.996984, 0.063915, -1.2e-05, 0.0, 0.0, 0.0, 1.0],
                [0.986664, 0.033557, -0.159272, 0.124994, 0.156725, 0.068311, 0.985278, -0.002831, 0.043943, -0.997098, 0.062141, -1.2e-05, 0.0, 0.0, 0.0, 1.0],
                [0.986679, 0.033805, -0.159123, 0.124994, 0.156639, 0.066537, 0.985413, -0.002831, 0.0439, -0.997209, 0.060356, -1.2e-05, 0.0, 0.0, 0.0, 1.0],
                [0.986698, 0.034037, -0.158959, 0.124994, 0.156538, 0.064792, 0.985545, -0.002831, 0.043844, -0.997316, 0.058602, -1.2e-05, 0.0, 0.0, 0.0, 1.0],
                [0.986717, 0.034263, -0.158792, 0.124994, 0.156432, 0.063116, 0.98567, -0.002831, 0.043794, -0.997416, 0.056918, -1.2e-05, 0.0, 0.0, 0.0, 1.0],
                [0.986737, 0.034464, -0.158624, 0.124994, 0.156321, 0.061552, 0.985787, -0.002831, 0.043738, -0.997507, 0.055348, -1.2e-05, 0.0, 0.0, 0.0, 1.0],
                [0.986757, 0.03464, -0.158462, 0.124994, 0.156212, 0.06014, 0.985891, -0.002831, 0.043681, -0.997587, 0.053933, -1.2e-05, 0.0, 0.0, 0.0, 1.0],
                [0.986775, 0.034791, -0.158315, 0.124994, 0.15611, 0.058919, 0.985981, -0.002831, 0.043631, -0.997654, 0.052709, -1.2e-05, 0.0, 0.0, 0.0, 1.0],
                [0.986791, 0.034909, -0.158189, 0.124994, 0.156021, 0.057923, 0.986054, -0.002831, 0.043585, -0.997709, 0.051711, -1.2e-05, 0.0, 0.0, 0.0, 1.0],
                [0.986803, 0.035003, -0.158095, 0.124994, 0.155955, 0.057185, 0.986108, -0.002831, 0.043557, -0.997748, 0.050971, -1.2e-05, 0.0, 0.0, 0.0, 1.0],
                [0.986812, 0.03505, -0.158029, 0.124994, 0.155907, 0.056727, 0.986142, -0.002831, 0.043528, -0.997773, 0.050515, -1.2e-05, 0.0, 0.0, 0.0, 1.0],
                [0.986815, 0.035066, -0.158006, 0.124994, 0.15589, 0.056572, 0.986154, -0.002831, 0.043519, -0.997781, 0.05036, -1.2e-05, 0.0, 0.0, 0.0, 1.0],
                [0.986819, 0.034998, -0.157992, 0.124994, 0.155864, 0.056925, 0.986137, -0.002831, 0.043507, -0.997763, 0.05072, -1.2e-05, 0.0, 0.0, 0.0, 1.0],
                [0.986832, 0.034806, -0.157953, 0.124994, 0.15579, 0.057942, 0.98609, -0.002831, 0.043473, -0.997712, 0.051756, -1.2e-05, 0.0, 0.0, 0.0, 1.0],
                [0.986855, 0.034492, -0.157883, 0.124994, 0.155667, 0.059534, 0.986014, -0.002831, 0.043409, -0.997629, 0.053382, -1.2e-05, 0.0, 0.0, 0.0, 1.0],
                [0.986884, 0.034086, -0.157787, 0.124994, 0.155504, 0.061605, 0.985913, -0.002831, 0.043326, -0.997517, 0.055496, -1.2e-05, 0.0, 0.0, 0.0, 1.0],
                [0.98692, 0.033606, -0.157666, 0.124994, 0.155304, 0.064042, 0.985789, -0.002831, 0.043225, -0.997379, 0.057985, -1.2e-05, 0.0, 0.0, 0.0, 1.0],
                [0.986961, 0.033076, -0.15752, 0.124994, 0.155074, 0.06673, 0.985647, -0.002831, 0.043112, -0.997221, 0.060731, -1.2e-05, 0.0, 0.0, 0.0, 1.0],
                [0.987008, 0.032511, -0.157347, 0.124994, 0.154814, 0.06955, 0.985493, -0.002831, 0.042982, -0.997047, 0.063613, -1.2e-05, 0.0, 0.0, 0.0, 1.0],
                [0.987058, 0.03193, -0.157147, 0.124994, 0.15453, 0.072387, 0.985333, -0.002831, 0.042837, -0.996864, 0.066516, -1.2e-05, 0.0, 0.0, 0.0, 1.0],
                [0.987112, 0.031364, -0.156925, 0.124994, 0.15423, 0.075137, 0.985175, -0.002831, 0.042689, -0.996678, 0.069332, -1.2e-05, 0.0, 0.0, 0.0, 1.0],
                [0.987168, 0.030818, -0.156679, 0.124994, 0.153913, 0.077701, 0.985025, -0.002831, 0.042531, -0.996499, 0.07196, -1.2e-05, 0.0, 0.0, 0.0, 1.0],
                [0.987227, 0.030308, -0.156409, 0.124994, 0.153583, 0.079993, 0.984893, -0.002831, 0.042362, -0.996333, 0.074316, -1.2e-05, 0.0, 0.0, 0.0, 1.0],
                [0.987286, 0.029853, -0.15612, 0.124994, 0.153247, 0.081943, 0.984785, -0.002831, 0.042191, -0.996188, 0.076327, -1.2e-05, 0.0, 0.0, 0.0, 1.0],
                [0.987346, 0.029468, -0.155818, 0.124994, 0.15291, 0.083486, 0.984708, -0.002831, 0.042026, -0.996071, 0.077924, -1.2e-05, 0.0, 0.0, 0.0, 1.0],
                [0.987405, 0.029149, -0.1555, 0.124994, 0.152571, 0.08459, 0.984666, -0.002831, 0.041856, -0.995988, 0.079077, -1.2e-05, 0.0, 0.0, 0.0, 1.0],
                [0.987464, 0.028904, -0.155171, 0.124994, 0.152235, 0.085233, 0.984662, -0.002831, 0.041687, -0.99594, 0.079765, -1.2e-05, 0.0, 0.0, 0.0, 1.0],
                [0.987522, 0.028756, -0.154828, 0.124994, 0.151904, 0.085272, 0.98471, -0.002831, 0.041518, -0.995941, 0.07984, -1.2e-05, 0.0, 0.0, 0.0, 1.0],
                [0.987579, 0.02866, -0.154487, 0.124994, 0.151582, 0.085002, 0.984783, -0.002831, 0.041356, -0.995967, 0.079602, -1.2e-05, 0.0, 0.0, 0.0, 1.0],
                [0.987632, 0.028639, -0.154145, 0.124994, 0.151273, 0.0843, 0.984891, -0.002831, 0.041201, -0.996027, 0.078925, -1.2e-05, 0.0, 0.0, 0.0, 1.0],
                [0.987684, 0.028685, -0.153806, 0.124994, 0.150976, 0.083203, 0.98503, -0.002831, 0.041053, -0.996118, 0.077848, -1.2e-05, 0.0, 0.0, 0.0, 1.0],
                [0.987732, 0.02879, -0.153473, 0.124994, 0.150695, 0.081764, 0.985194, -0.002831, 0.040913, -0.996234, 0.076423, -1.2e-05, 0.0, 0.0, 0.0, 1.0],
                [0.987778, 0.028942, -0.153149, 0.124994, 0.15043, 0.080049, 0.985375, -0.002831, 0.040778, -0.996369, 0.074717, -1.2e-05, 0.0, 0.0, 0.0, 1.0],
                [0.98782, 0.029138, -0.152841, 0.124994, 0.150188, 0.078132, 0.985566, -0.002831, 0.040659, -0.996515, 0.072804, -1.2e-05, 0.0, 0.0, 0.0, 1.0],
                [0.987858, 0.029357, -0.152559, 0.124994, 0.149969, 0.076178, 0.985752, -0.002831, 0.04056, -0.99666, 0.070851, -1.2e-05, 0.0, 0.0, 0.0, 1.0],
