{
    "animation": [
        {
            "name": "Root",
            "time": [0.0, 0.0333, 0.0667, 0.1, 0.1333, 0.1667, 0.2, 0.2333, 0.2667, 0.3, 0.3333, 0.3667, 0.4, 0.4333, 0.4667, 0.5, 0.5333, 0.5667, 0.6, 0.6333, 0.6667, 0.7, 0.7333, 0.7667, 0.8, 0.8333, 0.8667, 0.9, 0.9333, 0.9667, 1.0, 1.0333, 1.0667, 1.1, 1.1333, 1.1667, 1.2, 1.2333, 1.2667, 1.3, 1.3333, 1.3667, 1.4, 1.4333, 1.4667, 1.5, 1.5333, 1.5667, 1.6, 1.6333, 1.6667, 1.7, 1.7333, 1.7667, 1.8, 1.8333, 1.8667, 1.9, 1.9333, 1.9667, 2.0, 2.0333, 2.0667, 2.1, 2.1333, 2.1667, 2.2, 2.2333, 2.2667, 2.3, 2.3333, 2.3667, 2.4, 2.4333, 2.4667, 2.5, 2.5333, 2.5667, 2.6, 2.6333, 2.6667, 2.7, 2.7333, 2.7667, 2.8, 2.8333, 2.8667, 2.9, 2.9333, 2.9667, 3.0],
            "transform": [
                [0.984422, -0.171967, -0.03661, -0.033616, 0.03661, 0.404143, -0.913963, 0.064705, 0.171967, 0.898385, 0.404143, 1.303292, 0.0, 0.0, 0.0, 1.0],
                [0.984422, -0.171967, -0.03661, -0.033622, 0.03661, 0.404143, -0.913963, 0.064719, 0.171967, 0.898385, 0.404143, 1.303638, 0.0, 0.0, 0.0, 1.0],
                [0.984422, -0.171967, -0.03661, -0.033641, 0.03661, 0.404143, -0.913963, 0.064762, 0.171967, 0.898385, 0.404143, 1.304658, 0.0, 0.0, 0.0, 1.0],
                [0.984422, -0.171967, -0.03661, -0.03367, 0.03661, 0.404143, -0.913963, 0.064831, 0.171967, 0.898385, 0.404143, 1.30632, 0.0, 0.0, 0.0, 1.0],
                [0.984422, -0.171967, -0.03661, -0.033711, 0.03661, 0.404143, -0.913963, 0.064926, 0.171967, 0.898385, 0.404143, 1.308591, 0.0, 0.0, 0.0, 1.0],
                [0.984422, -0.171967, -0.03661, -0.033761, 0.03661, 0.404143, -0.913963, 0.065046, 0.171967, 0.898385, 0.404143, 1.311442, 0.0, 0.0, 0.0, 1.0],
                [0.984422, -0.171967, -0.03661, -0.033822, 0.03661, 0.404143, -0.913963, 0.065188, 0.171967, 0.898385, 0.404143, 1.314841, 0.0, 0.0, 0.0, 1.0],
                [0.984422, -0.171967, -0.03661, -0.033891, 0.03661, 0.404143, -0.913963, 0.065351, 0.171967, 0.898385, 0.404143, 1.318756, 0.0, 0.0, 0.0, 1.0],
                [0.984422, -0.171967, -0.03661, -0.03397, 0.03661, 0.404143, -0.913963, 0.065535, 0.171967, 0.898385, 0.404143, 1.323156, 0.0, 0.0, 0.0, 1.0],
                [0.984422, -0.171967, -0.03661, -0.034056, 0.03661, 0.404143, -0.913963, 0.065738, 0.171967, 0.898385, 0.404143, 1.328009, 0.0, 0.0, 0.0, 1.0],
                [0.984422, -0.171967, -0.03661, -0.03415, 0.03661, 0.404143, -0.913963, 0.065959, 0.171967, 0.898385, 0.404143, 1.333286, 0.0, 0.0, 0.0, 1.0],
                [0.984422, -0.171967, -0.03661, -0.034251, 0.03661, 0.404143, -0.913963, 0.066196, 0.171967, 0.898385, 0.404143, 1.338953, 0.0, 0.0, 0.0, 1.0],
                [0.984422, -0.171967, -0.03661, -0.034358, 0.03661, 0.404143, -0.913963, 0.066448, 0.171967, 0.898385, 0.404143, 1.344981, 0.0, 0.0, 0.0, 1.0],
                [0.984422, -0.171967, -0.03661, -0.034471, 0.03661, 0.404143, -0.913963, 0.066714, 0.171967, 0.898385, 0.404143, 1.351337, 0.0, 0.0, 0.0, 1.0],
                [0.984422, -0.171967, -0.03661, -0.03459, 0.03661, 0.404143, -0.913963, 0.066992, 0.171967, 0.898385, 0.404143, 1.35799, 0.0, 0.0, 0.0, 1.0],
                [0.984422, -0.171967, -0.03661, -0.034713, 0.03661, 0.404143, -0.913963, 0.067282, 0.171967, 0.898385, 0.404143, 1.36491, 0.0, 0.0, 0.0, 1.0],
                [0.984422, -0.171967, -0.03661, -0.03484, 0.03661, 0.404143, -0.913963, 0.067581, 0.171967, 0.898385, 0.404143, 1.372064, 0.0, 0.0, 0.0, 1.0],
                [0.984422, -0.171967, -0.03661, -0.034971, 0.03661, 0.404143, -0.913963, 0.067889, 0.171967, 0.898385, 0.404143, 1.379422, 0.0, 0.0, 0.0, 1.0],
                [0.984422, -0.171967, -0.03661, -0.035105, 0.03661, 0.404143, -0.913963, 0.068204, 0.171967, 0.898385, 0.404143, 1.386952, 0.0, 0.0, 0.0, 1.0],
                [0.984422, -0.171967, -0.03661, -0.035242, 0.03661, 0.404143, -0.913963, 0.068525, 0.171967, 0.898385, 0.404143, 1.394622, 0.0, 0.0, 0.0, 1.0],
                [0.984422, -0.171967, -0.03661, -0.03538, 0.03661, 0.404143, -0.913963, 0.06885, 0.171967, 0.898385, 0.404143, 1.402403, 0.0, 0.0, 0.0, 1.0],
                [0.984422, -0.171967, -0.03661, -0.03552, 0.03661, 0.404143, -0.913963, 0.069179, 0.171967, 0.898385, 0.404143, 1.410261, 0.0, 0.0, 0.0, 1.0],
                [0.984422, -0.171967, -0.03661, -0.035661, 0.03661, 0.404143, -0.913963, 0.069509, 0.171967, 0.898385, 0.404143, 1.418166, 0.0, 0.0, 0.0, 1.0],
                [0.984422, -0.171967, -0.03661, -0.035802, 0.03661, 0.404143, -0.913963, 0.069841, 0.171967, 0.898385, 0.404143, 1.426087, 0.0, 0.0, 0.0, 1.0],
                [0.984422, -0.171967, -0.03661, -0.035942, 0.03661, 0.404143, -0.913963, 0.070171, 0.171967, 0.898385, 0.404143, 1.433993, 0.0, 0.0, 0.0, 1.0],
                [0.984422, -0.171967, -0.03661, -0.036082, 0.03661, 0.404143, -0.913963, 0.0705, 0.171967, 0.898385, 0.404143, 1.441851, 0.0, 0.0, 0.0, 1.0],
                [0.984422, -0.171967, -0.03661, -0.036221, 0.03661, 0.404143, -0.913963, 0.070825, 0.171967, 0.898385, 0.404143, 1.449632, 0.0, 0.0, 0.0, 1.0],
                [0.984422, -0.171967, -0.03661, -0.036357, 0.03661, 0.404143, -0.913963, 0.071146, 0.171967, 0.898385, 0.404143, 1.457302, 0.0, 0.0, 0.0, 1.0],
                [0.984422, -0.171967, -0.03661, -0.036491, 0.03661, 0.404143, -0.913963, 0.071461, 0.171967, 0.898385, 0.404143, 1.464832, 0.0, 0.0, 0.0, 1.0],
                [0.984422, -0.171967, -0.03661, -0.036622, 0.03661, 0.404143, -0.913963, 0.071769, 0.171967, 0.898385, 0.404143, 1.47219, 0.0, 0.0, 0.0, 1.0],
                [0.984422, -0.171967, -0.03661, -0.03675, 0.03661, 0.404143, -0.913963, 0.072068, 0.171967, 0.898385, 0.404143, 1.479344, 0.0, 0.0, 0.0, 1.0],
                [0.984422, -0.171967, -0.03661, -0.036873, 0.03661, 0.404143, -0.913963, 0.072358, 0.171967, 0.898385, 0.404143, 1.486264, 0.0, 0.0, 0.0, 1.0],
                [0.984422, -0.171967, -0.03661, -0.036991, 0.03661, 0.404143, -0.913963, 0.072636, 0.171967, 0.898385, 0.404143, 1.492917, 0.0, 0.0, 0.0, 1.0],
                [0.984422, -0.171967, -0.03661, -0.037104, 0.03661, 0.404143, -0.913963, 0.072902, 0.171967, 0.898385, 0.404143, 1.499273, 0.0, 0.0, 0.0, 1.0],
                [0.984422, -0.171967, -0.03661, -0.037211, 0.03661, 0.404143, -0.913963, 0.073154, 0.171967, 0.898385, 0.404143, 1.505301, 0.0, 0.0, 0.0, 1.0],
                [0.984422, -0.171967, -0.03661, -0.037312, 0.03661, 0.404143, -0.913963, 0.073391, 0.171967, 0.898385, 0.404143, 1.510968, 0.0, 0.0, 0.0, 1.0],
                [0.984422, -0.171967, -0.03661, -0.037406, 0.03661, 0.404143, -0.913963, 0.073612, 0.171967, 0.898385, 0.404143, 1.516245, 0.0, 0.0, 0.0, 1.0],
                [0.984422, -0.171967, -0.03661, -0.037493, 0.03661, 0.404143, -0.913963, 0.073815, 0.171967, 0.898385, 0.404143, 1.521098, 0.0, 0.0, 0.0, 1.0],
                [0.984422, -0.171967, -0.03661, -0.037571, 0.03661, 0.404143, -0.913963, 0.073999, 0.171967, 0.898385, 0.404143, 1.525498, 0.0, 0.0, 0.0, 1.0],
                [0.984422, -0.171967, -0.03661, -0.037641, 0.03661, 0.404143, -0.913963, 0.074162, 0.171967, 0.898385, 0.404143, 1.529413, 0.0, 0.0, 0.0, 1.0],
                [0.984422, -0.171967, -0.03661, -0.037701, 0.03661, 0.404143, -0.913963, 0.074304, 0.171967, 0.898385, 0.404143, 1.532812, 0.0, 0.0, 0.0, 1.0],
                [0.984422, -0.171967, -0.03661, -0.037752, 0.03661, 0.404143, -0.913963, 0.074424, 0.171967, 0.898385, 0.404143, 1.535663, 0.0, 0.0, 0.0, 1.0],
                [0.984422, -0.171967, -0.03661, -0.037792, 0.03661, 0.404143, -0.913963, 0.074519, 0.171967, 0.898385, 0.404143, 1.537934, 0.0, 0.0, 0.0, 1.0],
                [0.984422, -0.171967, -0.03661, -0.037822, 0.03661, 0.404143, -0.913963, 0.074588, 0.171967, 0.898385, 0.404143, 1.539596, 0.0, 0.0, 0.0, 1.0],
                [0.984422, -0.171967, -0.03661, -0.03784, 0.03661, 0.404143, -0.913963, 0.074631, 0.171967, 0.898385, 0.404143, 1.540615, 0.0, 0.0, 0.0, 1.0],
                [0.984422, -0.171967, -0.03661, -0.037846, 0.03661, 0.404143, -0.913963, 0.074645, 0.171967, 0.898385, 0.404143, 1.540962, 0.0, 0.0, 0.0, 1.0],
                [0.984422, -0.171967, -0.03661, -0.03784, 0.03661, 0.404143, -0.913963, 0.074631, 0.171967, 0.898385, 0.404143, 1.540616, 0.0, 0.0, 0.0, 1.0],
                [0.984422, -0.171967, -0.03661, -0.037822, 0.03661, 0.404143, -0.913963, 0.074588, 0.171967, 0.898385, 0.404143, 1.539596, 0.0, 0.0, 0.0, 1.0],
                [0.984422, -0.171967, -0.03661, -0.037792, 0.03661, 0.404143, -0.913963, 0.074519, 0.171967, 0.898385, 0.404143, 1.537934, 0.0, 0.0, 0.0, 1.0],
                [0.984422, -0.171967, -0.03661, -0.037752, 0.03661, 0.404143, -0.913963, 0.074424, 0.171967, 0.898385, 0.404143, 1.535663, 0.0, 0.0, 0.0, 1.0],
                [0.984422, -0.171967, -0.03661, -0.037701, 0.03661, 0.404143, -0.913963, 0.074304, 0.171967, 0.898385, 0.404143, 1.532812, 0.0, 0.0, 0.0, 1.0],
                [0.984422, -0.171967, -0.03661, -0.037641, 0.03661, 0.404143, -0.913963, 0.074162, 0.171967, 0.898385, 0.404143, 1.529413, 0.0, 0.0, 0.0, 1.0],
                [0.984422, -0.171967, -0.03661, -0.037571, 0.03661, 0.404143, -0.913963, 0.073999, 0.171967, 0.898385, 0.404143, 1.525498, 0.0, 0.0, 0.0, 1.0],
                [0.984422, -0.171967, -0.03661, -0.037493, 0.03661, 0.404143, -0.913963, 0.073815, 0.171967, 0.898385, 0.404143, 1.521098, 0.0, 0.0, 0.0, 1.0],
                [0.984422, -0.171967, -0.03661, -0.037406, 0.03661, 0.404143, -0.913963, 0.073612, 0.171967, 0.898385, 0.404143, 1.516245, 0.0, 0.0, 0.0, 1.0],
                [0.984422, -0.171967, -0.03661, -0.037312, 0.03661, 0.404143, -0.913963, 0.073391, 0.171967, 0.898385, 0.404143, 1.510968, 0.0, 0.0, 0.0, 1.0],
                [0.984422, -0.171967, -0.03661, -0.037211, 0.03661, 0.404143, -0.913963, 0.073154, 0.171967, 0.898385, 0.404143, 1.505301, 0.0, 0.0, 0.0, 1.0],
                [0.984422, -0.171967, -0.03661, -0.037104, 0.03661, 0.404143, -0.913963, 0.072902, 0.171967, 0.898385, 0.404143, 1.499273, 0.0, 0.0, 0.0, 1.0],
                [0.984422, -0.171967, -0.03661, -0.036991, 0.03661, 0.404143, -0.913963, 0.072636, 0.171967, 0.898385, 0.404143, 1.492917, 0.0, 0.0, 0.0, 1.0],
                [0.984422, -0.171967, -0.03661, -0.036873, 0.03661, 0.404143, -0.913963, 0.072358, 0.171967, 0.898385, 0.404143, 1.486264, 0.0, 0.0, 0.0, 1.0],
                [0.984422, -0.171967, -0.03661, -0.03675, 0.03661, 0.404143, -0.913963, 0.072068, 0.171967, 0.898385, 0.404143, 1.479344, 0.0, 0.0, 0.0, 1.0],
                [0.984422, -0.171967, -0.03661, -0.036622, 0.03661, 0.404143, -0.913963, 0.071769, 0.171967, 0.898385, 0.404143, 1.47219, 0.0, 0.0, 0.0, 1.0],
                [0.984422, -0.171967, -0.03661, -0.036491, 0.03661, 0.404143, -0.913963, 0.071461, 0.171967, 0.898385, 0.404143, 1.464832, 0.0, 0.0, 0.0, 1.0],
                [0.984422, -0.171967, -0.03661, -0.036357, 0.03661, 0.404143, -0.913963, 0.071146, 0.171967, 0.898385, 0.404143, 1.457302, 0.0, 0.0, 0.0, 1.0],
                [0.984422, -0.171967, -0.03661, -0.036221, 0.03661, 0.404143, -0.913963, 0.070825, 0.171967, 0.898385, 0.404143, 1.449631, 0.0, 0.0, 0.0, 1.0],
                [0.984422, -0.171967, -0.03661, -0.036082, 0.03661, 0.404143, -0.913963, 0.0705, 0.171967, 0.898385, 0.404143, 1.441851, 0.0, 0.0, 0.0, 1.0],
                [0.984422, -0.171967, -0.03661, -0.035942, 0.03661, 0.404143, -0.913963, 0.070171, 0.171967, 0.898385, 0.404143, 1.433993, 0.0, 0.0, 0.0, 1.0],
                [0.984422, -0.171967, -0.03661, -0.035802, 0.03661, 0.404143, -0.913963, 0.069841, 0.171967, 0.898385, 0.404143, 1.426087, 0.0, 0.0, 0.0, 1.0],
                [0.984422, -0.171967, -0.03661, -0.035661, 0.03661, 0.404143, -0.913963, 0.069509, 0.171967, 0.898385, 0.404143, 1.418166, 0.0, 0.0, 0.0, 1.0],
                [0.984422, -0.171967, -0.03661, -0.03552, 0.03661, 0.404143, -0.913963, 0.069179, 0.171967, 0.898385, 0.404143, 1.410261, 0.0, 0.0, 0.0, 1.0],
                [0.984422, -0.171967, -0.03661, -0.03538, 0.03661, 0.404143, -0.913963, 0.06885, 0.171967, 0.898385, 0.404143, 1.402403, 0.0, 0.0, 0.0, 1.0],
                [0.984422, -0.171967, -0.03661, -0.035242, 0.03661, 0.404143, -0.913963, 0.068525, 0.171967, 0.898385, 0.404143, 1.394622, 0.0, 0.0, 0.0, 1.0],
                [0.984422, -0.171967, -0.03661, -0.035105, 0.03661, 0.404143, -0.913963, 0.068204, 0.171967, 0.898385, 0.404143, 1.386952, 0.0, 0.0, 0.0, 1.0],
                [0.984422, -0.171967, -0.03661, -0.034971, 0.03661, 0.404143, -0.913963, 0.067889, 0.171967, 0.898385, 0.404143, 1.379422, 0.0, 0.0, 0.0, 1.0],
                [0.984422, -0.171967, -0.03661, -0.03484, 0.03661, 0.404143, -0.913963, 0.067581, 0.171967, 0.898385, 0.404143, 1.372064, 0.0, 0.0, 0.0, 1.0],
                [0.984422, -0.171967, -0.03661, -0.034713, 0.03661, 0.404143, -0.913963, 0.067282, 0.171967, 0.898385, 0.404143, 1.36491, 0.0, 0.0, 0.0, 1.0],
                [0.984422, -0.171967, -0.03661, -0.03459, 0.03661, 0.404143, -0.913963, 0.066992, 0.171967, 0.898385, 0.404143, 1.35799, 0.0, 0.0, 0.0, 1.0],
                [0.984422, -0.171967, -0.03661, -0.034471, 0.03661, 0.404143, -0.913963, 0.066714, 0.171967, 0.898385, 0.404143, 1.351337, 0.0, 0.0, 0.0, 1.0],
                [0.984422, -0.171967, -0.03661, -0.034358, 0.03661, 0.404143, -0.913963, 0.066448, 0.171967, 0.898385, 0.404143, 1.344981, 0.0, 0.0, 0.0, 1.0],
                [0.984422, -0.171967, -0.03661, -0.034251, 0.03661, 0.404143, -0.913963, 0.066196, 0.171967, 0.898385, 0.404143, 1.338953, 0.0, 0.0, 0.0, 1.0],
                [0.984422, -0.171967, -0.03661, -0.03415, 0.03661, 0.404143, -0.913963, 0.065959, 0.171967, 0.898385, 0.404143, 1.333286, 0.0, 0.0, 0.0, 1.0],
                [0.984422, -0.171967, -0.03661, -0.034056, 0.03661, 0.404143, -0.913963, 0.065738, 0.171967, 0.898385, 0.404143, 1.328009, 0.0, 0.0, 0.0, 1.0],
                [0.984422, -0.171967, -0.03661, -0.03397, 0.03661, 0.404143, -0.913963, 0.065535, 0.171967, 0.898385, 0.404143, 1.323155, 0.0, 0.0, 0.0, 1.0],
                [0.984422, -0.171967, -0.03661, -0.033891, 0.03661, 0.404143, -0.913963, 0.065351, 0.171967, 0.898385, 0.404143, 1.318756, 0.0, 0.0, 0.0, 1.0],
                [0.984422, -0.171967, -0.03661, -0.033822, 0.03661, 0.404143, -0.913963, 0.065188, 0.171967, 0.898385, 0.404143, 1.314841, 0.0, 0.0, 0.0, 1.0],
                [0.984422, -0.171967, -0.03661, -0.033761, 0.03661, 0.404143, -0.913963, 0.065046, 0.171967, 0.898385, 0.404143, 1.311442, 0.0, 0.0, 0.0, 1.0],
                [0.984422, -0.171967, -0.03661, -0.033711, 0.03661, 0.404143, -0.913963, 0.064926, 0.171967, 0.898385, 0.404143, 1.308591, 0.0, 0.0, 0.0, 1.0],
                [0.984422, -0.171967, -0.03661, -0.03367, 0.03661, 0.404143, -0.913963, 0.064831, 0.171967, 0.898385, 0.404143, 1.30632, 0.0, 0.0, 0.0, 1.0],
                [0.984422, -0.171967, -0.03661, -0.033641, 0.03661, 0.404143, -0.913963, 0.064762, 0.171967, 0.898385, 0.404143, 1.304658, 0.0, 0.0, 0.0, 1.0],
                [0.984422, -0.171967, -0.03661, -0.033622, 0.03661, 0.404143, -0.913963, 0.064719, 0.171967, 0.898385, 0.404143, 1.303638, 0.0, 0.0, 0.0, 1.0],
                [0.984422, -0.171967, -0.03661, -0.033616, 0.03661, 0.404143, -0.913963, 0.064705, 0.171967, 0.898385, 0.404143, 1.303292, 0.0, 0.0, 0.0, 1.0]
            ]
        },
        {
            "name": "Thigh_R",
            "time": [0.0, 0.0333, 0.0667, 0.1, 0.1333, 0.1667, 0.2, 0.2333, 0.2667, 0.3, 0.3333, 0.3667, 0.4, 0.4333, 0.4667, 0.5, 0.5333, 0.5667, 0.6, 0.6333, 0.6667, 0.7, 0.7333, 0.7667, 0.8, 0.8333, 0.8667, 0.9, 0.9333, 0.9667, 1.0, 1.0333, 1.0667, 1.1, 1.1333, 1.1667, 1.2, 1.2333, 1.2667, 1.3, 1.3333, 1.3667, 1.4, 1.4333, 1.4667, 1.5, 1.5333, 1.5667, 1.6, 1.6333, 1.6667, 1.7, 1.7333, 1.7667, 1.8, 1.8333, 1.8667, 1.9, 1.9333, 1.9667, 2.0, 2.0333, 2.0667, 2.1, 2.1333, 2.1667, 2.2, 2.2333, 2.2667, 2.3, 2.3333, 2.3667, 2.4, 2.4333, 2.4667, 2.5, 2.5333, 2.5667, 2.6, 2.6333, 2.6667, 2.7, 2.7333, 2.7667, 2.8, 2.8333, 2.8667, 2.9, 2.9333, 2.9667, 3.0],
            "transform": [
                [0.989002, -0.038472, -0.142807, 0.124994, 0.009702, -0.946618, 0.322208, -0.00283, -0.14758, -0.320049, -0.935836, -1.2e-05, 0.0, 0.0, 0.0, 1.0],
                [0.988993, -0.038402, -0.142891, 0.124994, 0.009752, -0.946712, 0.321929, -0.00283, -0.147639, -0.319778, -0.935919, -1.2e-05, 0.0, 0.0, 0.0, 1.0],
                [0.988966, -0.038194, -0.143135, 0.124994, 0.009902, -0.946989, 0.321109, -0.002831, -0.147812, -0.318982, -0.936164, -1.2e-05, 0.0, 0.0, 0.0, 1.0],
                [0.988921, -0.037853, -0.143532, 0.124994, 0.010146, -0.94744, 0.319769, -0.002831, -0.148093, -0.317682, -0.936561, -1.2e-05, 0.0, 0.0, 0.0, 1.0],
                [0.98886, -0.037387, -0.144073, 0.124994, 0.010478, -0.948054, 0.317933, -0.002831, -0.148475, -0.315901, -0.937103, -1.2e-05, 0.0, 0.0, 0.0, 1.0],
                [0.988784, -0.036797, -0.144747, 0.124994, 0.010893, -0.948822, 0.315619, -0.002831, -0.148954, -0.313655, -0.937781, -1.2e-05, 0.0, 0.0, 0.0, 1.0],
                [0.988693, -0.036091, -0.145547, 0.124994, 0.011386, -0.949734, 0.312848, -0.002831, -0.149522, -0.310967, -0.938586, -1.2e-05, 0.0, 0.0, 0.0, 1.0],
                [0.988588, -0.035272, -0.146459, 0.124994, 0.01195, -0.950778, 0.309639, -0.002831, -0.150172, -0.307855, -0.939508, -1.2e-05, 0.0, 0.0, 0.0, 1.0],
                [0.988469, -0.034344, -0.147476, 0.124994, 0.012581, -0.951944, 0.306011, -0.002831, -0.150899, -0.304337, -0.940537, -1.2e-05, 0.0, 0.0, 0.0, 1.0],
                [0.988338, -0.033311, -0.148587, 0.124994, 0.013273, -0.95322, 0.301981, -0.002831, -0.151695, -0.300431, -0.941664, -1.2e-05, 0.0, 0.0, 0.0, 1.0],
                [0.988196, -0.032177, -0.14978, 0.124994, 0.014019, -0.954596, 0.297569, -0.002831, -0.152554, -0.296156, -0.942878, -1.2e-05, 0.0, 0.0, 0.0, 1.0],
                [0.988042, -0.030948, -0.151045, 0.124994, 0.014814, -0.95606, 0.292792, -0.002831, -0.15347, -0.291528, -0.944171, -1.2e-05, 0.0, 0.0, 0.0, 1.0],
                [0.987879, -0.029625, -0.152374, 0.124994, 0.015653, -0.957601, 0.287667, -0.002831, -0.154435, -0.286565, -0.945532, -1.2e-05, 0.0, 0.0, 0.0, 1.0],
                [0.987706, -0.028215, -0.153754, 0.124994, 0.01653, -0.959207, 0.282215, -0.002831, -0.155445, -0.281286, -0.946951, -1.2e-05, 0.0, 0.0, 0.0, 1.0],
                [0.987525, -0.026722, -0.155176, 0.124994, 0.01744, -0.960867, 0.276454, -0.002831, -0.156491, -0.275711, -0.948417, -1.2e-05, 0.0, 0.0, 0.0, 1.0],
                [0.987337, -0.02515, -0.156631, 0.124994, 0.018378, -0.96257, 0.270404, -0.002831, -0.157569, -0.269857, -0.949921, -1.2e-05, 0.0, 0.0, 0.0, 1.0],
                [0.987141, -0.023505, -0.15811, 0.124994, 0.019337, -0.964304, 0.264085, -0.002831, -0.158673, -0.263746, -0.951452, -1.2e-05, 0.0, 0.0, 0.0, 1.0],
                [0.986941, -0.02179, -0.159602, 0.124994, 0.020315, -0.966058, 0.257518, -0.002831, -0.159796, -0.257396, -0.953002, -1.2e-05, 0.0, 0.0, 0.0, 1.0],
                [0.986735, -0.020013, -0.1611, 0.124994, 0.021304, -0.967822, 0.250724, -0.002831, -0.160934, -0.25083, -0.95456, -1.2e-05, 0.0, 0.0, 0.0, 1.0],
                [0.986525, -0.018179, -0.162595, 0.124994, 0.022303, -0.969586, 0.243727, -0.002831, -0.16208, -0.244069, -0.956118, -1.2e-05, 0.0, 0.0, 0.0, 1.0],
                [0.986312, -0.016295, -0.164079, 0.124994, 0.023304, -0.971338, 0.236551, -0.002831, -0.163231, -0.237136, -0.957665, -1.2e-05, 0.0, 0.0, 0.0, 1.0],
                [0.986097, -0.014365, -0.165546, 0.124994, 0.024306, -0.97307, 0.229219, -0.002831, -0.164381, -0.230056, -0.959195, -1.2e-05, 0.0, 0.0, 0.0, 1.0],
                [0.985881, -0.012399, -0.166988, 0.124994, 0.025302, -0.974771, 0.221759, -0.002832, -0.165525, -0.222853, -0.960697, -1.2e-05, 0.0, 0.0, 0.0, 1.0],
                [0.985664, -0.010402, -0.168398, 0.124994, 0.02629, -0.976435, 0.214196, -0.002831, -0.166658, -0.215552, -0.962166, -1.2e-05, 0.0, 0.0, 0.0, 1.0],
                [0.985447, -0.008383, -0.169772, 0.124994, 0.027266, -0.978052, 0.206561, -0.002831, -0.167778, -0.208184, -0.963592, -1.2e-05, 0.0, 0.0, 0.0, 1.0],
                [0.985232, -0.00635, -0.171103, 0.124994, 0.028226, -0.979616, 0.198881, -0.002831, -0.168879, -0.200773, -0.964972, -1.2e-05, 0.0, 0.0, 0.0, 1.0],
                [0.98502, -0.004311, -0.172388, 0.124994, 0.029166, -0.981118, 0.191189, -0.002831, -0.169957, -0.193352, -0.966297, -1.2e-05, 0.0, 0.0, 0.0, 1.0],
                [0.984809, -0.002275, -0.17362, 0.124994, 0.030084, -0.982554, 0.183517, -0.002831, -0.171009, -0.185952, -0.967563, -1.2e-05, 0.0, 0.0, 0.0, 1.0],
                [0.984604, -0.000251, -0.174798, 0.124994, 0.030976, -0.983919, 0.175899, -0.002831, -0.172032, -0.178605, -0.968765, -1.2e-05, 0.0, 0.0, 0.0, 1.0],
                [0.984403, 0.00175, -0.175917, 0.124994, 0.03184, -0.985208, 0.168369, -0.002831, -0.173021, -0.171344, -0.9699, -1.2e-05, 0.0, 0.0, 0.0, 1.0],
                [0.984208, 0.003719, -0.176975, 0.124994, 0.032671, -0.986418, 0.160964, -0.002831, -0.173973, -0.164204, -0.970964, -1.2e-05, 0.0, 0.0, 0.0, 1.0],
                [0.98402, 0.005645, -0.17797, 0.124994, 0.033468, -0.987545, 0.153724, -0.002831, -0.174886, -0.157224, -0.971955, -1.2e-05, 0.0, 0.0, 0.0, 1.0],
                [0.983838, 0.007518, -0.1789, 0.124994, 0.034228, -0.988589, 0.146686, -0.002831, -0.175756, -0.150438, -0.972871, -1.2e-05, 0.0, 0.0, 0.0, 1.0],
                [0.983666, 0.009326, -0.179763, 0.124994, 0.034948, -0.989547, 0.139895, -0.002831, -0.176579, -0.143892, -0.973712, -1.2e-05, 0.0, 0.0, 0.0, 1.0],
                [0.983501, 0.011059, -0.180559, 0.124994, 0.035625, -0.990422, 0.133387, -0.002831, -0.177354, -0.137619, -0.974478, -1.2e-05, 0.0, 0.0, 0.0, 1.0],
                [0.983348, 0.012703, -0.181287, 0.124994, 0.036257, -0.991211, 0.12721, -0.002831, -0.178078, -0.131664, -0.975168, -1.2e-05, 0.0, 0.0, 0.0, 1.0],
                [0.983205, 0.014248, -0.181946, 0.124994, 0.036841, -0.991917, 0.121407, -0.002831, -0.178746, -0.126071, -0.975785, -1.2e-05, 0.0, 0.0, 0.0, 1.0],
                [0.983074, 0.015681, -0.182537, 0.124994, 0.037375, -0.992541, 0.116024, -0.002831, -0.179357, -0.120882, -0.97633, -1.2e-05, 0.0, 0.0, 0.0, 1.0],
                [0.982955, 0.01699, -0.183061, 0.124994, 0.037856, -0.993086, 0.111104, -0.002831, -0.179907, -0.11614, -0.976804, -1.2e-05, 0.0, 0.0, 0.0, 1.0],
                [0.982849, 0.018162, -0.183515, 0.124994, 0.038282, -0.993553, 0.106696, -0.002831, -0.180394, -0.111891, -0.97721, -1.2e-05, 0.0, 0.0, 0.0, 1.0],
                [0.982757, 0.019187, -0.183902, 0.124994, 0.03865, -0.993945, 0.102843, -0.002831, -0.180815, -0.108178, -0.97755, -1.2e-05, 0.0, 0.0, 0.0, 1.0],
                [0.98268, 0.02005, -0.184221, 0.124994, 0.038958, -0.994263, 0.099596, -0.002831, -0.181167, -0.105048, -0.977826, -1.2e-05, 0.0, 0.0, 0.0, 1.0],
                [0.982619, 0.020742, -0.18447, 0.124994, 0.039202, -0.994511, 0.096997, -0.002831, -0.181446, -0.102542, -0.97804, -1.2e-05, 0.0, 0.0, 0.0, 1.0],
                [0.982574, 0.021249, -0.184651, 0.124994, 0.039381, -0.994688, 0.095087, -0.002831, -0.18165, -0.100702, -0.978194, -1.2e-05, 0.0, 0.0, 0.0, 1.0],
                [0.982547, 0.021561, -0.184761, 0.124994, 0.03949, -0.994795, 0.093913, -0.002831, -0.181775, -0.09957, -0.978286, -1.2e-05, 0.0, 0.0, 0.0, 1.0],
                [0.982537, 0.021667, -0.184798, 0.124994, 0.039527, -0.994831, 0.093514, -0.002831, -0.181817, -0.099186, -0.978318, -1.2e-05, 0.0, 0.0, 0.0, 1.0],
                [0.982547, 0.021561, -0.184761, 0.124994, 0.03949, -0.994795, 0.093914, -0.002831, -0.181775, -0.09957, -0.978287, -1.2e-05, 0.0, 0.0, 0.0, 1.0],
                [0.982574, 0.021249, -0.184651, 0.124994, 0.03938, -0.994688, 0.095087, -0.002831, -0.18165, -0.100702, -0.978194, -1.2e-05, 0.0, 0.0, 0.0, 1.0],
                [0.982619, 0.020742, -0.184471, 0.124994, 0.039202, -0.994511, 0.096996, -0.002831, -0.181446, -0.102541, -0.978041, -1.2e-05, 0.0, 0.0, 0.0, 1.0],
                [0.98268, 0.020051, -0.18422, 0.124994, 0.038958, -0.994263, 0.099596, -0.002831, -0.181167, -0.105048, -0.977826, -1.2e-05, 0.0, 0.0, 0.0, 1.0],
                [0.982757, 0.019187, -0.183902, 0.124994, 0.03865, -0.993945, 0.102843, -0.002831, -0.180815, -0.108178, -0.97755, -1.2e-05, 0.0, 0.0, 0.0, 1.0],
                [0.982849, 0.018162, -0.183515, 0.124994, 0.038282, -0.993553, 0.106697, -0.002832, -0.180394, -0.111892, -0.97721, -1.2e-05, 0.0, 0.0, 0.0, 1.0],
                [0.982955, 0.01699, -0.18306, 0.124994, 0.037856, -0.993086, 0.111103, -0.002831, -0.179907, -0.116139, -0.976804, -1.2e-05, 0.0, 0.0, 0.0, 1.0],
                [0.983074, 0.015681, -0.182537, 0.124994, 0.037375, -0.992542, 0.116023, -0.002831, -0.179357, -0.120881, -0.97633, -1.2e-05, 0.0, 0.0, 0.0, 1.0],
                [0.983205, 0.014248, -0.181946, 0.124994, 0.036841, -0.991917, 0.121408, -0.002831, -0.178746, -0.126072, -0.975785, -1.2e-05, 0.0, 0.0, 0.0, 1.0],
                [0.983348, 0.012703, -0.181287, 0.124994, 0.036257, -0.991211, 0.127209, -0.002831, -0.178078, -0.131664, -0.975169, -1.2e-05, 0.0, 0.0, 0.0, 1.0],
                [0.983501, 0.011059, -0.180559, 0.124994, 0.035625, -0.990422, 0.133387, -0.002831, -0.177354, -0.137618, -0.974478, -1.2e-05, 0.0, 0.0, 0.0, 1.0],
                [0.983666, 0.009326, -0.179763, 0.124994, 0.034948, -0.989548, 0.139895, -0.002831, -0.176579, -0.143892, -0.973712, -1.2e-05, 0.0, 0.0, 0.0, 1.0],
                [0.983838, 0.007518, -0.1789, 0.124994, 0.034228, -0.988589, 0.146687, -0.002831, -0.175756, -0.150439, -0.972872, -1.2e-05, 0.0, 0.0, 0.0, 1.0],
                [0.98402, 0.005645, -0.17797, 0.124994, 0.033468, -0.987545, 0.153724, -0.002831, -0.174886, -0.157224, -0.971955, -1.2e-05, 0.0, 0.0, 0.0, 1.0],
                [0.984208, 0.003719, -0.176975, 0.124994, 0.032671, -0.986418, 0.160964, -0.002831, -0.173973, -0.164204, -0.970964, -1.2e-05, 0.0, 0.0, 0.0, 1.0],
                [0.984403, 0.00175, -0.175917, 0.124994, 0.03184, -0.985208, 0.168369, -0.002831, -0.173021, -0.171344, -0.9699, -1.2e-05, 0.0, 0.0, 0.0, 1.0],
                [0.984604, -0.000251, -0.174798, 0.124994, 0.030976, -0.983919, 0.175899, -0.002831, -0.172032, -0.178605, -0.968765, -1.2e-05, 0.0, 0.0, 0.0, 1.0],
                [0.98481, -0.002275, -0.173621, 0.124994, 0.030084, -0.982554, 0.183517, -0.002831, -0.171009, -0.185953, -0.967563, -1.2e-05, 0.0, 0.0, 0.0, 1.0],
                [0.98502, -0.004311, -0.172388, 0.124994, 0.029166, -0.981118, 0.191189, -0.002831, -0.169957, -0.193353, -0.966297, -1.2e-05, 0.0, 0.0, 0.0, 1.0],
                [0.985232, -0.00635, -0.171103, 0.124994, 0.028226, -0.979616, 0.19888, -0.002831, -0.168879, -0.200772, -0.964972, -1.2e-05, 0.0, 0.0, 0.0, 1.0],
                [0.985447, -0.008383, -0.169772, 0.124994, 0.027266, -0.978052, 0.206562, -0.002831, -0.167778, -0.208184, -0.963593, -1.2e-05, 0.0, 0.0, 0.0, 1.0],
                [0.985664, -0.010402, -0.168398, 0.124994, 0.02629, -0.976435, 0.214196, -0.002831, -0.166658, -0.215552, -0.962166, -1.2e-05, 0.0, 0.0, 0.0, 1.0],
                [0.985881, -0.012399, -0.166988, 0.124994, 0.025302, -0.974771, 0.221759, -0.002832, -0.165524, -0.222853, -0.960697, -1.2e-05, 0.0, 0.0, 0.0, 1.0],
                [0.986097, -0.014365, -0.165546, 0.124994, 0.024306, -0.97307, 0.229219, -0.002831, -0.164381, -0.230056, -0.959195, -1.2e-05, 0.0, 0.0, 0.0, 1.0],
                [0.986312, -0.016295, -0.164079, 0.124994, 0.023304, -0.971338, 0.23655, -0.002831, -0.163231, -0.237136, -0.957665, -1.2e-05, 0.0, 0.0, 0.0, 1.0],
                [0.986525, -0.01818, -0.162595, 0.124994, 0.022303, -0.969586, 0.243727, -0.002831, -0.162081, -0.244069, -0.956117, -1.2e-05, 0.0, 0.0, 0.0, 1.0],
                [0.986735, -0.020014, -0.1611, 0.124994, 0.021305, -0.967823, 0.250724, -0.002831, -0.160934, -0.25083, -0.95456, -1.2e-05, 0.0, 0.0, 0.0, 1.0],
                [0.986941, -0.02179, -0.159602, 0.124994, 0.020315, -0.966059, 0.257518, -0.002831, -0.159796, -0.257396, -0.953002, -1.2e-05, 0.0, 0.0, 0.0, 1.0],
                [0.987142, -0.023505, -0.15811, 0.124994, 0.019337, -0.964304, 0.264085, -0.002831, -0.158673, -0.263746, -0.951452, -1.2e-05, 0.0, 0.0, 0.0, 1.0],
                [0.987337, -0.02515, -0.156631, 0.124994, 0.018377, -0.96257, 0.270404, -0.002831, -0.157569, -0.269857, -0.949921, -1.2e-05, 0.0, 0.0, 0.0, 1.0],
                [0.987525, -0.026722, -0.155176, 0.124994, 0.01744, -0.960867, 0.276454, -0.002831, -0.156491, -0.275711, -0.948417, -1.2e-05, 0.0, 0.0, 0.0, 1.0],
                [0.987706, -0.028215, -0.153754, 0.124994, 0.01653, -0.959207, 0.282215, -0.002831, -0.155445, -0.281286, -0.94695, -1.2e-05, 0.0, 0.0, 0.0, 1.0],
                [0.987879, -0.029625, -0.152374, 0.124994, 0.015653, -0.957601, 0.287667, -0.002831, -0.154435, -0.286565, -0.945532, -1.2e-05, 0.0, 0.0, 0.0, 1.0],
                [0.988042, -0.030948, -0.151045, 0.124994, 0.014814, -0.95606, 0.292792, -0.002831, -0.15347, -0.291527, -0.944171, -1.2e-05, 0.0, 0.0, 0.0, 1.0],
                [0.988196, -0.032177, -0.14978, 0.124994, 0.014019, -0.954595, 0.29757, -0.002831, -0.152554, -0.296156, -0.942878, -1.2e-05, 0.0, 0.0, 0.0, 1.0],
                [0.988338, -0.033311, -0.148586, 0.124994, 0.013273, -0.95322, 0.301982, -0.002831, -0.151695, -0.300432, -0.941664, -1.2e-05, 0.0, 0.0, 0.0, 1.0],
                [0.988469, -0.034344, -0.147476, 0.124994, 0.012581, -0.951943, 0.306011, -0.002831, -0.150899, -0.304337, -0.940536, -1.2e-05, 0.0, 0.0, 0.0, 1.0],
                [0.988587, -0.035272, -0.146459, 0.124994, 0.01195, -0.950778, 0.309639, -0.002831, -0.150172, -0.307855, -0.939507, -1.2e-05, 0.0, 0.0, 0.0, 1.0],
                [0.988693, -0.036091, -0.145546, 0.124994, 0.011386, -0.949734, 0.312848, -0.002831, -0.149522, -0.310967, -0.938586, -1.2e-05, 0.0, 0.0, 0.0, 1.0],
                [0.988784, -0.036797, -0.144747, 0.124994, 0.010893, -0.948822, 0.315619, -0.002831, -0.148954, -0.313655, -0.937781, -1.2e-05, 0.0, 0.0, 0.0, 1.0],
                [0.98886, -0.037386, -0.144073, 0.124994, 0.010478, -0.948054, 0.317933, -0.002831, -0.148475, -0.315901, -0.937103, -1.2e-05, 0.0, 0.0, 0.0, 1.0],
                [0.988921, -0.037853, -0.143532, 0.124994, 0.010146, -0.94744, 0.319769, -0.002831, -0.148093, -0.317682, -0.936561, -1.2e-05, 0.0, 0.0, 0.0, 1.0],
                [0.988966, -0.038194, -0.143135, 0.124994, 0.009902, -0.946989, 0.321108, -0.002831, -0.147812, -0.318982, -0.936164, -1.2e-05, 0.0, 0.0, 0.0, 1.0],
                [0.988993, -0.038402, -0.142891, 0.124994, 0.009752, -0.946712, 0.321929, -0.00283, -0.147639, -0.319778, -0.935919, -1.2e-05, 0.0, 0.0, 0.0, 1.0],
                [0.989002, -0.038472, -0.142807, 0.124994, 0.009702, -0.946618, 0.322208, -0.00283, -0.14758, -0.320049, -0.935836, -1.2e-05, 0.0, 0.0, 0.0, 1.0]
            ]
        },
        {
            "name": "Leg_R",
            "time": [0.0, 0.0333, 0.0667, 0.1, 0.1333, 0.1667, 0.2, 0.2333, 0.2667, 0.3, 0.3333, 0.3667, 0.4, 0.4333, 0.4667, 0.5, 0.5333, 0.5667, 0.6, 0.6333, 0.6667, 0.7, 0.7333, 0.7667, 0.8, 0.8333, 0.8667, 0.9, 0.9333, 0.9667, 1.0, 1.0333, 1.0667, 1.1, 1.1333, 1.1667, 1.2, 1.2333, 1.2667, 1.3, 1.3333, 1.3667, 1.4, 1.4333, 1.4667, 1.5, 1.5333, 1.5667, 1.6, 1.6333, 1.6667, 1.7, 1.7333, 1.7667, 1.8, 1.8333, 1.8667, 1.9, 1.9333, 1.9667, 2.0, 2.0333, 2.0667, 2.1, 2.1333, 2.1667, 2.2, 2.2333, 2.2667, 2.3, 2.3333, 2.3667, 2.4, 2.4333, 2.4667, 2.5, 2.5333, 2.5667, 2.6, 2.6333, 2.6667, 2.7, 2.7333, 2.7667, 2.8, 2.8333, 2.8667, 2.9, 2.9333, 2.9667, 3.0],
            "transform": [
                [1.0, -1e-06, 1e-06, 0.0, -0.0, 0.698154, 0.715948, 0.374726, -1e-06, -0.715951, 0.698149, -0.0, 0.0, 0.0, 0.0, 1.0],
                [1.000001, -1e-06, 1e-06, 0.0, -0.0, 0.698273, 0.715833, 0.374726, -1e-06, -0.715836, 0.698267, 0.0, 0.0, 0.0, 0.0, 1.0],
                [1.0, -1e-06, 1e-06, 0.0, -0.0, 0.698622, 0.715492, 0.374726, -1e-06, -0.715495, 0.698616, -0.0, 0.0, 0.0, 0.0, 1.0],
                [1.0, -1e-06, 1e-06, -0.0, -0.0, 0.699194, 0.714933, 0.374726, -1e-06, -0.714936, 0.699189, 0.0, 0.0, 0.0, 0.0, 1.0],
                [1.000001, -0.0, 1e-06, 0.0, -0.0, 0.699983, 0.714161, 0.374726, -1e-06, -0.714164, 0.699977, 0.0, 0.0, 0.0, 0.0, 1.0],
                [1.0, -1e-06, 1e-06, 0.0, -0.0, 0.700984, 0.713178, 0.374726, -1e-06, -0.713181, 0.700979, -0.0, 0.0, 0.0, 0.0, 1.0],
                [1.0, -1e-06, 1e-06, 0.0, -0.0, 0.702193, 0.711988, 0.374726, -1e-06, -0.711991, 0.702187, -0.0, 0.0, 0.0, 0.0, 1.0],
                [1.0, -0.0, 1e-06, 0.0, -0.0, 0.703603, 0.710593, 0.374726, -1e-06, -0.710597, 0.703598, -0.0, 0.0, 0.0, 0.0, 1.0],
                [1.0, -0.0, 1e-06, -0.0, -0.0, 0.705213, 0.708996, 0.374726, -1e-06, -0.708999, 0.705208, 0.0, 0.0, 0.0, 0.0, 1.0],
                [1.0, -1e-06, 1e-06, -0.0, -0.0, 0.707021, 0.707193, 0.374726, -1e-06, -0.707197, 0.707015, -0.0, 0.0, 0.0, 0.0, 1.0],
                [1.0, -1e-06, 1e-06, -0.0, -0.0, 0.709022, 0.705188, 0.374726, -1e-06, -0.705191, 0.709016, -0.0, 0.0, 0.0, 0.0, 1.0],
                [1.0, -1e-06, 1e-06, 0.0, -0.0, 0.711215, 0.702977, 0.374726, -1e-06, -0.70298, 0.711208, 0.0, 0.0, 0.0, 0.0, 1.0],
                [1.0, -1e-06, 1e-06, -0.0, -0.0, 0.713596, 0.700559, 0.374726, -1e-06, -0.700563, 0.713589, -0.0, 0.0, 0.0, 0.0, 1.0],
                [1.0, -1e-06, 1e-06, -0.0, -0.0, 0.71616, 0.697937, 0.374726, -1e-06, -0.69794, 0.716154, -0.0, 0.0, 0.0, 0.0, 1.0],
                [1.0, -0.0, 1e-06, 0.0, -0.0, 0.718903, 0.695111, 0.374726, -1e-06, -0.695114, 0.718898, -0.0, 0.0, 0.0, 0.0, 1.0],
                [1.0, -1e-06, 1e-06, 0.0, -0.0, 0.721822, 0.69208, 0.374726, -1e-06, -0.692083, 0.721816, 0.0, 0.0, 0.0, 0.0, 1.0],
                [1.0, -1e-06, 1e-06, -0.0, -0.0, 0.724908, 0.688847, 0.374726, -1e-06, -0.68885, 0.724902, 0.0, 0.0, 0.0, 0.0, 1.0],
                [1.0, -1e-06, 1e-06, 0.0, -0.0, 0.728156, 0.685413, 0.374726, -1e-06, -0.685417, 0.72815, 0.0, 0.0, 0.0, 0.0, 1.0],
                [1.0, -1e-06, 1e-06, -0.0, -0.0, 0.731556, 0.681783, 0.374726, -1e-06, -0.681786, 0.731549, -0.0, 0.0, 0.0, 0.0, 1.0],
                [1.0, -1e-06, 1e-06, -0.0, -0.0, 0.7351, 0.67796, 0.374726, -1e-06, -0.677963, 0.735095, 0.0, 0.0, 0.0, 0.0, 1.0],
                [1.0, -0.0, 1e-06, -0.0, -0.0, 0.738779, 0.67395, 0.374726, -1e-06, -0.673953, 0.738772, 0.0, 0.0, 0.0, 0.0, 1.0],
                [1.000001, -0.0, 1e-06, 0.0, -0.0, 0.742578, 0.669762, 0.374726, -1e-06, -0.669765, 0.742571, 0.0, 0.0, 0.0, 0.0, 1.0],
                [1.0, -1e-06, 1e-06, 0.0, -0.0, 0.746484, 0.665405, 0.374726, -1e-06, -0.665408, 0.746477, -0.0, 0.0, 0.0, 0.0, 1.0],
                [1.0, -0.0, 1e-06, -0.0, -0.0, 0.750488, 0.660885, 0.374726, -1e-06, -0.660889, 0.750482, -0.0, 0.0, 0.0, 0.0, 1.0],
                [1.0, -0.0, 1e-06, -0.0, -0.0, 0.754566, 0.656226, 0.374726, -1e-06, -0.65623, 0.754559, 0.0, 0.0, 0.0, 0.0, 1.0],
                [1.0, -0.0, 1e-06, 0.0, -0.0, 0.758709, 0.651432, 0.374726, -1e-06, -0.651436, 0.758702, 0.0, 0.0, 0.0, 0.0, 1.0],
                [1.0, -0.0, 1e-06, 0.0, -0.0, 0.762892, 0.646528, 0.374726, -1e-06, -0.646532, 0.762884, 0.0, 0.0, 0.0, 0.0, 1.0],
                [1.0, -1e-06, 1e-06, -0.0, -0.0, 0.767098, 0.641533, 0.374726, -1e-06, -0.641536, 0.76709, 0.0, 0.0, 0.0, 0.0, 1.0],
                [1.0, -0.0, 1e-06, 0.0, -0.0, 0.771304, 0.63647, 0.374726, -1e-06, -0.636473, 0.771297, -0.0, 0.0, 0.0, 0.0, 1.0],
                [1.0, -0.0, 1e-06, 0.0, -0.0, 0.77549, 0.631362, 0.374726, -1e-06, -0.631365, 0.775483, -0.0, 0.0, 0.0, 0.0, 1.0],
                [1.0, -0.0, 1e-06, -0.0, -0.0, 0.779633, 0.626239, 0.374726, -1e-06, -0.626242, 0.779626, -0.0, 0.0, 0.0, 0.0, 1.0],
                [1.0, -0.0, 1e-06, -0.0, -0.0, 0.783706, 0.621135, 0.374726, -1e-06, -0.621138, 0.783698, 0.0, 0.0, 0.0, 0.0, 1.0],
                [1.0, -0.0, 1e-06, -0.0, -0.0, 0.787686, 0.616079, 0.374726, -1e-06, -0.616083, 0.787679, -0.0, 0.0, 0.0, 0.0, 1.0],
                [1.0, -0.0, 1e-06, -0.0, -0.0, 0.791542, 0.611118, 0.374726, -1e-06, -0.611122, 0.791534, -0.0, 0.0, 0.0, 0.0, 1.0],
                [1.0, -0.0, 1e-06, 0.0, -0.0, 0.795253, 0.606281, 0.374726, -1e-06, -0.606284, 0.795246, -0.0, 0.0, 0.0, 0.0, 1.0],
                [1.0, -0.0, 1e-06, 0.0, -0.0, 0.798787, 0.601617, 0.374726, -1e-06, -0.60162, 0.798779, -0.0, 0.0, 0.0, 0.0, 1.0],
                [1.0, -0.0, 1e-06, 0.0, -0.0, 0.802115, 0.597172, 0.374726, -1e-06, -0.597175, 0.802108, 0.0, 0.0, 0.0, 0.0, 1.0],
                [1.000001, -1e-06, 1e-06, 0.0, -0.0, 0.805212, 0.592991, 0.374726, -1e-06, -0.592994, 0.805204, -0.0, 0.0, 0.0, 0.0, 1.0],
                [1.0, -0.0, 1e-06, 0.0, -0.0, 0.808047, 0.589121, 0.374726, -1e-06, -0.589124, 0.80804, -0.0, 0.0, 0.0, 0.0, 1.0],
                [1.0, -1e-06, 1e-06, 0.0, -0.0, 0.810591, 0.585615, 0.374726, -1e-06, -0.585618, 0.810584, 0.0, 0.0, 0.0, 0.0, 1.0],
                [1.000001, -0.0, 1e-06, -0.0, -0.0, 0.81282, 0.582518, 0.374726, -1e-06, -0.582522, 0.812812, 0.0, 0.0, 0.0, 0.0, 1.0],
                [1.0, -0.0, 1e-06, 0.0, -0.0, 0.814698, 0.579889, 0.374726, -1e-06, -0.579892, 0.814691, -0.0, 0.0, 0.0, 0.0, 1.0],
                [1.0, -0.0, 1e-06, -0.0, -0.0, 0.816203, 0.577769, 0.374726, -1e-06, -0.577772, 0.816196, -0.0, 0.0, 0.0, 0.0, 1.0],
                [1.0, -0.0, 1e-06, -0.0, -0.0, 0.81731, 0.576202, 0.374726, -1e-06, -0.576205, 0.817302, 0.0, 0.0, 0.0, 0.0, 1.0],
                [1.000001, -0.0, 1e-06, 0.0, -0.0, 0.817991, 0.575235, 0.374726, -1e-06, -0.575238, 0.817983, -0.0, 0.0, 0.0, 0.0, 1.0],
                [1.0, -0.0, 1e-06, 0.0, -0.0, 0.818221, 0.574907, 0.374726, -1e-06, -0.57491, 0.818214, 0.0, 0.0, 0.0, 0.0, 1.0],
                [1.0, -0.0, 1e-06, -0.0, -0.0, 0.817991, 0.575235, 0.374726, -1e-06, -0.575239, 0.817982, -0.0, 0.0, 0.0, 0.0, 1.0],
                [1.0, -0.0, 1e-06, 0.0, -0.0, 0.81731, 0.576202, 0.374726, -1e-06, -0.576205, 0.817302, 0.0, 0.0, 0.0, 0.0, 1.0],
                [1.0, -0.0, 1e-06, 0.0, -0.0, 0.816204, 0.577767, 0.374726, -1e-06, -0.57777, 0.816197, -0.0, 0.0, 0.0, 0.0, 1.0],
                [1.0, -0.0, 1e-06, 0.0, -0.0, 0.814699, 0.579889, 0.374726, -1e-06, -0.579892, 0.814691, 0.0, 0.0, 0.0, 0.0, 1.0],
                [1.0, -0.0, 1e-06, 0.0, -0.0, 0.81282, 0.582519, 0.374726, -1e-06, -0.582522, 0.812812, 0.0, 0.0, 0.0, 0.0, 1.0],
                [1.000001, -1e-06, 1e-06, -0.0, -0.0, 0.810591, 0.585616, 0.374726, -1e-06, -0.58562, 0.810583, -0.0, 0.0, 0.0, 0.0, 1.0],
                [1.0, -0.0, 1e-06, 0.0, -0.0, 0.808048, 0.58912, 0.374726, -1e-06, -0.589123, 0.80804, -0.0, 0.0, 0.0, 0.0, 1.0],
                [1.0, -0.0, 1e-06, 0.0, -0.0, 0.805212, 0.59299, 0.374726, -1e-06, -0.592993, 0.805205, 0.0, 0.0, 0.0, 0.0, 1.0],
                [1.0, -0.0, 1e-06, -0.0, -0.0, 0.802115, 0.597173, 0.374726, -1e-06, -0.597176, 0.802107, 0.0, 0.0, 0.0, 0.0, 1.0],
                [1.0, -0.0, 1e-06, 0.0, -0.0, 0.798787, 0.601616, 0.374726, -1e-06, -0.60162, 0.79878, -0.0, 0.0, 0.0, 0.0, 1.0],
                [1.0, -0.0, 1e-06, 0.0, -0.0, 0.795253, 0.60628, 0.374726, -1e-06, -0.606284, 0.795246, 0.0, 0.0, 0.0, 0.0, 1.0],
                [1.000001, -1e-06, 1e-06, -0.0, -0.0, 0.791542, 0.611118, 0.374726, -1e-06, -0.611121, 0.791535, -0.0, 0.0, 0.0, 0.0, 1.0],
                [1.0, -0.0, 1e-06, -0.0, -0.0, 0.787686, 0.61608, 0.374726, -1e-06, -0.616083, 0.787678, 0.0, 0.0, 0.0, 0.0, 1.0],
                [1.0, -0.0, 1e-06, -0.0, -0.0, 0.783706, 0.621135, 0.374726, -1e-06, -0.621138, 0.783698, 0.0, 0.0, 0.0, 0.0, 1.0],
                [1.0, -0.0, 1e-06, -0.0, -0.0, 0.779633, 0.626239, 0.374726, -1e-06, -0.626242, 0.779626, -0.0, 0.0, 0.0, 0.0, 1.0],
                [1.0, -0.0, 1e-06, -0.0, -0.0, 0.77549, 0.631362, 0.374726, -1e-06, -0.631365, 0.775483, 0.0, 0.0, 0.0, 0.0, 1.0],
