{
    "animation": [
        {
            "name": "Root",
            "time": [0.0, 0.0333, 0.0667, 0.1, 0.1333, 0.1667, 0.2, 0.2333, 0.2667, 0.3, 0.3333, 0.3667, 0.4, 0.4333, 0.4667, 0.5, 0.5333, 0.5667, 0.6, 0.6333, 0.6667, 0.7, 0.7333, 0.7667, 0.8, 0.8333, 0.8667, 0.9, 0.9333, 0.9667, 1.0, 1.0333, 1.0667, 1.1, 1.1333, 1.1667, 1.2, 1.2333, 1.2667, 1.3, 1.3333, 1.3667, 1.4, 1.4333, 1.4667, 1.5, 1.5333, 1.5667, 1.6, 1.6333, 1.6667, 1.7, 1.7333, 1.7667, 1.8, 1.8333, 1.8667, 1.9, 1.9333, 1.9667, 2.0, 2.0333, 2.0667, 2.1, 2.1333, 2.1667, 2.2, 2.2333, 2.2667, 2.3, 2.3333, 2.3667, 2.4, 2.4333, 2.4667, 2.5, 2.5333, 2.5667, 2.6, 2.6333, 2.6667, 2.7, 2.7333, 2.7667, 2.8, 2.8333, 2.8667, 2.9, 2.9333, 2.9667, 3.0],
            "transform": [
                [0.998829, -0.048311, -0.002753, -0.01389, 0.002753, 0.113536, -0.99353, 0.018345, 0.048311, 0.992359, 0.113536, 1.305459, 0.0, 0.0, 0.0, 1.0],
                [0.998829, -0.048311, -0.002753, -0.013884, 0.002753, 0.113536, -0.99353, 0.018331, 0.048311, 0.992359, 0.113536, 1.305715, 0.0, 0.0, 0.0, 1.0],
                [0.998829, -0.048311, -0.002753, -0.013868, 0.002753, 0.113536, -0.99353, 0.018293, 0.048311, 0.992359, 0.113536, 1.306469, 0.0, 0.0, 0.0, 1.0],
                [0.998829, -0.048311, -0.002753, -0.013841, 0.002753, 0.113536, -0.99353, 0.01823, 0.048311, 0.992359, 0.113536, 1.307695, 0.0, 0.0, 0.0, 1.0],
                [0.998829, -0.048311, -0.002753, -0.013805, 0.002753, 0.113536, -0.99353, 0.018145, 0.048311, 0.992359, 0.113536, 1.309372, 0.0, 0.0, 0.0, 1.0],
                [0.998829, -0.048311, -0.002753, -0.013759, 0.002753, 0.113536, -0.99353, 0.018037, 0.048311, 0.992359, 0.113536, 1.311474, 0.0, 0.0, 0.0, 1.0],
                [0.998829, -0.048311, -0.002753, -0.013704, 0.002753, 0.113536, -0.99353, 0.017909, 0.048311, 0.992359, 0.113536, 1.313979, 0.0, 0.0, 0.0, 1.0],
                [0.998829, -0.048311, -0.002753, -0.013642, 0.002753, 0.113536, -0.99353, 0.017762, 0.048311, 0.992359, 0.113536, 1.316863, 0.0, 0.0, 0.0, 1.0],
                [0.998829, -0.048311, -0.002753, -0.013571, 0.002753, 0.113536, -0.99353, 0.017596, 0.048311, 0.992359, 0.113536, 1.320101, 0.0, 0.0, 0.0, 1.0],
                [0.998829, -0.048311, -0.002753, -0.013493, 0.002753, 0.113536, -0.99353, 0.017414, 0.048311, 0.992359, 0.113536, 1.323671, 0.0, 0.0, 0.0, 1.0],
                [0.998829, -0.048311, -0.002753, -0.013409, 0.002753, 0.113536, -0.99353, 0.017215, 0.048311, 0.992359, 0.113536, 1.327549, 0.0, 0.0, 0.0, 1.0],
                [0.998829, -0.048311, -0.002753, -0.013319, 0.002753, 0.113536, -0.99353, 0.017003, 0.048311, 0.992359, 0.113536, 1.331711, 0.0, 0.0, 0.0, 1.0],
                [0.998829, -0.048311, -0.002753, -0.013222, 0.002753, 0.113536, -0.99353, 0.016777, 0.048311, 0.992359, 0.113536, 1.336133, 0.0, 0.0, 0.0, 1.0],
                [0.998829, -0.048311, -0.002753, -0.013121, 0.002753, 0.113536, -0.99353, 0.016538, 0.048311, 0.992359, 0.113536, 1.340791, 0.0, 0.0, 0.0, 1.0],
                [0.998829, -0.048311, -0.002753, -0.013015, 0.002753, 0.113536, -0.99353, 0.016289, 0.048311, 0.992359, 0.113536, 1.345663, 0.0, 0.0, 0.0, 1.0],
                [0.998829, -0.048311, -0.002753, -0.012905, 0.002753, 0.113536, -0.99353, 0.016031, 0.048311, 0.992359, 0.113536, 1.350724, 0.0, 0.0, 0.0, 1.0],
                [0.998829, -0.048311, -0.002753, -0.012791, 0.002753, 0.113536, -0.99353, 0.015763, 0.048311, 0.992359, 0.113536, 1.355951, 0.0, 0.0, 0.0, 1.0],
                [0.998829, -0.048311, -0.002753, -0.012675, 0.002753, 0.113536, -0.99353, 0.015489, 0.048311, 0.992359, 0.113536, 1.361319, 0.0, 0.0, 0.0, 1.0],
                [0.998829, -0.048311, -0.002753, -0.012555, 0.002753, 0.113536, -0.99353, 0.015208, 0.048311, 0.992359, 0.113536, 1.366806, 0.0, 0.0, 0.0, 1.0],
                [0.998829, -0.048311, -0.002753, -0.012434, 0.002753, 0.113536, -0.99353, 0.014923, 0.048311, 0.992359, 0.113536, 1.372388, 0.0, 0.0, 0.0, 1.0],
                [0.998829, -0.048311, -0.002753, -0.012311, 0.002753, 0.113536, -0.99353, 0.014634, 0.048311, 0.992359, 0.113536, 1.378041, 0.0, 0.0, 0.0, 1.0],
                [0.998829, -0.048311, -0.002753, -0.012187, 0.002753, 0.113536, -0.99353, 0.014343, 0.048311, 0.992359, 0.113536, 1.383741, 0.0, 0.0, 0.0, 1.0],
                [0.998829, -0.048311, -0.002753, -0.012062, 0.002753, 0.113536, -0.99353, 0.01405, 0.048311, 0.992359, 0.113536, 1.389464, 0.0, 0.0, 0.0, 1.0],
                [0.998829, -0.048311, -0.002753, -0.011938, 0.002753, 0.113536, -0.99353, 0.013758, 0.048311, 0.992359, 0.113536, 1.395188, 0.0, 0.0, 0.0, 1.0],
                [0.998829, -0.048311, -0.002753, -0.011814, 0.002753, 0.113536, -0.99353, 0.013466, 0.048311, 0.992359, 0.113536, 1.400888, 0.0, 0.0, 0.0, 1.0],
                [0.998829, -0.048311, -0.002753, -0.011691, 0.002753, 0.113536, -0.99353, 0.013177, 0.048311, 0.992359, 0.113536, 1.406541, 0.0, 0.0, 0.0, 1.0],
                [0.998829, -0.048311, -0.002753, -0.011569, 0.002753, 0.113536, -0.99353, 0.012892, 0.048311, 0.992359, 0.113536, 1.412123, 0.0, 0.0, 0.0, 1.0],
                [0.998829, -0.048311, -0.002753, -0.01145, 0.002753, 0.113536, -0.99353, 0.012611, 0.048311, 0.992359, 0.113536, 1.41761, 0.0, 0.0, 0.0, 1.0],
                [0.998829, -0.048311, -0.002753, -0.011333, 0.002753, 0.113536, -0.99353, 0.012337, 0.048311, 0.992359, 0.113536, 1.422979, 0.0, 0.0, 0.0, 1.0],
                [0.998829, -0.048311, -0.002753, -0.01122, 0.002753, 0.113536, -0.99353, 0.01207, 0.048311, 0.992359, 0.113536, 1.428205, 0.0, 0.0, 0.0, 1.0],
                [0.998829, -0.048311, -0.002753, -0.01111, 0.002753, 0.113536, -0.99353, 0.011811, 0.048311, 0.992359, 0.113536, 1.433266, 0.0, 0.0, 0.0, 1.0],
                [0.998829, -0.048311, -0.002753, -0.011004, 0.002753, 0.113536, -0.99353, 0.011562, 0.048311, 0.992359, 0.113536, 1.438138, 0.0, 0.0, 0.0, 1.0],
                [0.998829, -0.048311, -0.002753, -0.010902, 0.002753, 0.113536, -0.99353, 0.011324, 0.048311, 0.992359, 0.113536, 1.442797, 0.0, 0.0, 0.0, 1.0],
                [0.998829, -0.048311, -0.002753, -0.010806, 0.002753, 0.113536, -0.99353, 0.011098, 0.048311, 0.992359, 0.113536, 1.447219, 0.0, 0.0, 0.0, 1.0],
                [0.998829, -0.048311, -0.002753, -0.010716, 0.002753, 0.113536, -0.99353, 0.010885, 0.048311, 0.992359, 0.113536, 1.45138, 0.0, 0.0, 0.0, 1.0],
                [0.998829, -0.048311, -0.002753, -0.010631, 0.002753, 0.113536, -0.99353, 0.010687, 0.048311, 0.992359, 0.113536, 1.455258, 0.0, 0.0, 0.0, 1.0],
                [0.998829, -0.048311, -0.002753, -0.010554, 0.002753, 0.113536, -0.99353, 0.010504, 0.048311, 0.992359, 0.113536, 1.458828, 0.0, 0.0, 0.0, 1.0],
                [0.998829, -0.048311, -0.002753, -0.010483, 0.002753, 0.113536, -0.99353, 0.010339, 0.048311, 0.992359, 0.113536, 1.462066, 0.0, 0.0, 0.0, 1.0],
                [0.998829, -0.048311, -0.002753, -0.01042, 0.002753, 0.113536, -0.99353, 0.010191, 0.048311, 0.992359, 0.113536, 1.46495, 0.0, 0.0, 0.0, 1.0],
                [0.998829, -0.048311, -0.002753, -0.010366, 0.002753, 0.113536, -0.99353, 0.010063, 0.048311, 0.992359, 0.113536, 1.467455, 0.0, 0.0, 0.0, 1.0],
                [0.998829, -0.048311, -0.002753, -0.01032, 0.002753, 0.113536, -0.99353, 0.009956, 0.048311, 0.992359, 0.113536, 1.469557, 0.0, 0.0, 0.0, 1.0],
                [0.998829, -0.048311, -0.002753, -0.010284, 0.002753, 0.113536, -0.99353, 0.00987, 0.048311, 0.992359, 0.113536, 1.471234, 0.0, 0.0, 0.0, 1.0],
                [0.998829, -0.048311, -0.002753, -0.010257, 0.002753, 0.113536, -0.99353, 0.009807, 0.048311, 0.992359, 0.113536, 1.472461, 0.0, 0.0, 0.0, 1.0],
                [0.998829, -0.048311, -0.002753, -0.010241, 0.002753, 0.113536, -0.99353, 0.009769, 0.048311, 0.992359, 0.113536, 1.473214, 0.0, 0.0, 0.0, 1.0],
                [0.998829, -0.048311, -0.002753, -0.010235, 0.002753, 0.113536, -0.99353, 0.009756, 0.048311, 0.992359, 0.113536, 1.47347, 0.0, 0.0, 0.0, 1.0],
                [0.998829, -0.048311, -0.002753, -0.01024, 0.002753, 0.113536, -0.99353, 0.009768, 0.048311, 0.992359, 0.113536, 1.473236, 0.0, 0.0, 0.0, 1.0],
                [0.998829, -0.048311, -0.002753, -0.010255, 0.002753, 0.113536, -0.99353, 0.009803, 0.048311, 0.992359, 0.113536, 1.472545, 0.0, 0.0, 0.0, 1.0],
                [0.998829, -0.048311, -0.002753, -0.01028, 0.002753, 0.113536, -0.99353, 0.009861, 0.048311, 0.992359, 0.113536, 1.47142, 0.0, 0.0, 0.0, 1.0],
                [0.998829, -0.048311, -0.002753, -0.010313, 0.002753, 0.113536, -0.99353, 0.009939, 0.048311, 0.992359, 0.113536, 1.46988, 0.0, 0.0, 0.0, 1.0],
                [0.998829, -0.048311, -0.002753, -0.010355, 0.002753, 0.113536, -0.99353, 0.010038, 0.048311, 0.992359, 0.113536, 1.467947, 0.0, 0.0, 0.0, 1.0],
                [0.998829, -0.048311, -0.002753, -0.010405, 0.002753, 0.113536, -0.99353, 0.010156, 0.048311, 0.992359, 0.113536, 1.465641, 0.0, 0.0, 0.0, 1.0],
                [0.998829, -0.048311, -0.002753, -0.010463, 0.002753, 0.113536, -0.99353, 0.010292, 0.048311, 0.992359, 0.113536, 1.462983, 0.0, 0.0, 0.0, 1.0],
                [0.998829, -0.048311, -0.002753, -0.010528, 0.002753, 0.113536, -0.99353, 0.010445, 0.048311, 0.992359, 0.113536, 1.459993, 0.0, 0.0, 0.0, 1.0],
                [0.998829, -0.048311, -0.002753, -0.0106, 0.002753, 0.113536, -0.99353, 0.010613, 0.048311, 0.992359, 0.113536, 1.456693, 0.0, 0.0, 0.0, 1.0],
                [0.998829, -0.048311, -0.002753, -0.010678, 0.002753, 0.113536, -0.99353, 0.010797, 0.048311, 0.992359, 0.113536, 1.453102, 0.0, 0.0, 0.0, 1.0],
                [0.998829, -0.048311, -0.002753, -0.010762, 0.002753, 0.113536, -0.99353, 0.010994, 0.048311, 0.992359, 0.113536, 1.449243, 0.0, 0.0, 0.0, 1.0],
                [0.998829, -0.048311, -0.002753, -0.010851, 0.002753, 0.113536, -0.99353, 0.011204, 0.048311, 0.992359, 0.113536, 1.445135, 0.0, 0.0, 0.0, 1.0],
                [0.998829, -0.048311, -0.002753, -0.010946, 0.002753, 0.113536, -0.99353, 0.011426, 0.048311, 0.992359, 0.113536, 1.440799, 0.0, 0.0, 0.0, 1.0],
                [0.998829, -0.048311, -0.002753, -0.011045, 0.002753, 0.113536, -0.99353, 0.011658, 0.048311, 0.992359, 0.113536, 1.436256, 0.0, 0.0, 0.0, 1.0],
                [0.998829, -0.048311, -0.002753, -0.011147, 0.002753, 0.113536, -0.99353, 0.0119, 0.048311, 0.992359, 0.113536, 1.431526, 0.0, 0.0, 0.0, 1.0],
                [0.998829, -0.048311, -0.002753, -0.011254, 0.002753, 0.113536, -0.99353, 0.01215, 0.048311, 0.992359, 0.113536, 1.426631, 0.0, 0.0, 0.0, 1.0],
                [0.998829, -0.048311, -0.002753, -0.011364, 0.002753, 0.113536, -0.99353, 0.012408, 0.048311, 0.992359, 0.113536, 1.421591, 0.0, 0.0, 0.0, 1.0],
                [0.998829, -0.048311, -0.002753, -0.011476, 0.002753, 0.113536, -0.99353, 0.012672, 0.048311, 0.992359, 0.113536, 1.416426, 0.0, 0.0, 0.0, 1.0],
                [0.998829, -0.048311, -0.002753, -0.01159, 0.002753, 0.113536, -0.99353, 0.012941, 0.048311, 0.992359, 0.113536, 1.411158, 0.0, 0.0, 0.0, 1.0],
                [0.998829, -0.048311, -0.002753, -0.011707, 0.002753, 0.113536, -0.99353, 0.013215, 0.048311, 0.992359, 0.113536, 1.405807, 0.0, 0.0, 0.0, 1.0],
                [0.998829, -0.048311, -0.002753, -0.011825, 0.002753, 0.113536, -0.99353, 0.013491, 0.048311, 0.992359, 0.113536, 1.400394, 0.0, 0.0, 0.0, 1.0],
                [0.998829, -0.048311, -0.002753, -0.011943, 0.002753, 0.113536, -0.99353, 0.01377, 0.048311, 0.992359, 0.113536, 1.39494, 0.0, 0.0, 0.0, 1.0],
                [0.998829, -0.048311, -0.002753, -0.012062, 0.002753, 0.113536, -0.99353, 0.01405, 0.048311, 0.992359, 0.113536, 1.389465, 0.0, 0.0, 0.0, 1.0],
                [0.998829, -0.048311, -0.002753, -0.012181, 0.002753, 0.113536, -0.99353, 0.01433, 0.048311, 0.992359, 0.113536, 1.383989, 0.0, 0.0, 0.0, 1.0],
                [0.998829, -0.048311, -0.002753, -0.0123, 0.002753, 0.113536, -0.99353, 0.014609, 0.048311, 0.992359, 0.113536, 1.378535, 0.0, 0.0, 0.0, 1.0],
                [0.998829, -0.048311, -0.002753, -0.012418, 0.002753, 0.113536, -0.99353, 0.014886, 0.048311, 0.992359, 0.113536, 1.373122, 0.0, 0.0, 0.0, 1.0],
                [0.998829, -0.048311, -0.002753, -0.012534, 0.002753, 0.113536, -0.99353, 0.015159, 0.048311, 0.992359, 0.113536, 1.367771, 0.0, 0.0, 0.0, 1.0],
                [0.998829, -0.048311, -0.002753, -0.012649, 0.002753, 0.113536, -0.99353, 0.015428, 0.048311, 0.992359, 0.113536, 1.362503, 0.0, 0.0, 0.0, 1.0],
                [0.998829, -0.048311, -0.002753, -0.012761, 0.002753, 0.113536, -0.99353, 0.015692, 0.048311, 0.992359, 0.113536, 1.357338, 0.0, 0.0, 0.0, 1.0],
                [0.998829, -0.048311, -0.002753, -0.012871, 0.002753, 0.113536, -0.99353, 0.01595, 0.048311, 0.992359, 0.113536, 1.352298, 0.0, 0.0, 0.0, 1.0],
                [0.998829, -0.048311, -0.002753, -0.012977, 0.002753, 0.113536, -0.99353, 0.0162, 0.048311, 0.992359, 0.113536, 1.347403, 0.0, 0.0, 0.0, 1.0],
                [0.998829, -0.048311, -0.002753, -0.01308, 0.002753, 0.113536, -0.99353, 0.016442, 0.048311, 0.992359, 0.113536, 1.342674, 0.0, 0.0, 0.0, 1.0],
                [0.998829, -0.048311, -0.002753, -0.013179, 0.002753, 0.113536, -0.99353, 0.016674, 0.048311, 0.992359, 0.113536, 1.33813, 0.0, 0.0, 0.0, 1.0],
                [0.998829, -0.048311, -0.002753, -0.013273, 0.002753, 0.113536, -0.99353, 0.016896, 0.048311, 0.992359, 0.113536, 1.333794, 0.0, 0.0, 0.0, 1.0],
                [0.998829, -0.048311, -0.002753, -0.013363, 0.002753, 0.113536, -0.99353, 0.017106, 0.048311, 0.992359, 0.113536, 1.329686, 0.0, 0.0, 0.0, 1.0],
                [0.998829, -0.048311, -0.002753, -0.013447, 0.002753, 0.113536, -0.99353, 0.017303, 0.048311, 0.992359, 0.113536, 1.325827, 0.0, 0.0, 0.0, 1.0],
                [0.998829, -0.048311, -0.002753, -0.013525, 0.002753, 0.113536, -0.99353, 0.017487, 0.048311, 0.992359, 0.113536, 1.322236, 0.0, 0.0, 0.0, 1.0],
                [0.998829, -0.048311, -0.002753, -0.013596, 0.002753, 0.113536, -0.99353, 0.017656, 0.048311, 0.992359, 0.113536, 1.318936, 0.0, 0.0, 0.0, 1.0],
                [0.998829, -0.048311, -0.002753, -0.013662, 0.002753, 0.113536, -0.99353, 0.017808, 0.048311, 0.992359, 0.113536, 1.315947, 0.0, 0.0, 0.0, 1.0],
                [0.998829, -0.048311, -0.002753, -0.013719, 0.002753, 0.113536, -0.99353, 0.017944, 0.048311, 0.992359, 0.113536, 1.313288, 0.0, 0.0, 0.0, 1.0],
                [0.998829, -0.048311, -0.002753, -0.013769, 0.002753, 0.113536, -0.99353, 0.018062, 0.048311, 0.992359, 0.113536, 1.310982, 0.0, 0.0, 0.0, 1.0],
                [0.998829, -0.048311, -0.002753, -0.013812, 0.002753, 0.113536, -0.99353, 0.018161, 0.048311, 0.992359, 0.113536, 1.309049, 0.0, 0.0, 0.0, 1.0],
                [0.998829, -0.048311, -0.002753, -0.013845, 0.002753, 0.113536, -0.99353, 0.01824, 0.048311, 0.992359, 0.113536, 1.307509, 0.0, 0.0, 0.0, 1.0],
                [0.998829, -0.048311, -0.002753, -0.01387, 0.002753, 0.113536, -0.99353, 0.018297, 0.048311, 0.992359, 0.113536, 1.306384, 0.0, 0.0, 0.0, 1.0],
                [0.998829, -0.048311, -0.002753, -0.013885, 0.002753, 0.113536, -0.99353, 0.018333, 0.048311, 0.992359, 0.113536, 1.305694, 0.0, 0.0, 0.0, 1.0],
                [0.998829, -0.048311, -0.002753, -0.01389, 0.002753, 0.113536, -0.99353, 0.018345, 0.048311, 0.992359, 0.113536, 1.305459, 0.0, 0.0, 0.0, 1.0]
            ]
        },
        {
            "name": "Thigh_R",
            "time": [0.0, 0.0333, 0.0667, 0.1, 0.1333, 0.1667, 0.2, 0.2333, 0.2667, 0.3, 0.3333, 0.3667, 0.4, 0.4333, 0.4667, 0.5, 0.5333, 0.5667, 0.6, 0.6333, 0.6667, 0.7, 0.7333, 0.7667, 0.8, 0.8333, 0.8667, 0.9, 0.9333, 0.9667, 1.0, 1.0333, 1.0667, 1.1, 1.1333, 1.1667, 1.2, 1.2333, 1.2667, 1.3, 1.3333, 1.3667, 1.4, 1.4333, 1.4667, 1.5, 1.5333, 1.5667, 1.6, 1.6333, 1.6667, 1.7, 1.7333, 1.7667, 1.8, 1.8333, 1.8667, 1.9, 1.9333, 1.9667, 2.0, 2.0333, 2.0667, 2.1, 2.1333, 2.1667, 2.2, 2.2333, 2.2667, 2.3, 2.3333, 2.3667, 2.4, 2.4333, 2.4667, 2.5, 2.5333, 2.5667, 2.6, 2.6333, 2.6667, 2.7, 2.7333, 2.7667, 2.8, 2.8333, 2.8667, 2.9, 2.9333, 2.9667, 3.0],
            "transform": [
                [0.989002, -0.038472, -0.142807, 0.124994, 0.009701, -0.946618, 0.322206, -0.002831, -0.14758, -0.320048, -0.935836, -1.2e-05, 0.0, 0.0, 0.0, 1.0],
                [0.989003, -0.038443, -0.142807, 0.124994, 0.009694, -0.946694, 0.321984, -0.002831, -0.147572, -0.319827, -0.935913, -1.2e-05, 0.0, 0.0, 0.0, 1.0],
                [0.989007, -0.038356, -0.142804, 0.124994, 0.009673, -0.946916, 0.321332, -0.00283, -0.147548, -0.31918, -0.936137, -1.2e-05, 0.0, 0.0, 0.0, 1.0],
                [0.989014, -0.038215, -0.142799, 0.124994, 0.00964, -0.947276, 0.320268, -0.002831, -0.147509, -0.318125, -0.936503, -1.2e-05, 0.0, 0.0, 0.0, 1.0],
                [0.989022, -0.038021, -0.142792, 0.124994, 0.009593, -0.947768, 0.31881, -0.00283, -0.147456, -0.31668, -0.937001, -1.2e-05, 0.0, 0.0, 0.0, 1.0],
                [0.989032, -0.037779, -0.142784, 0.124994, 0.009536, -0.948383, 0.31698, -0.002831, -0.147389, -0.314864, -0.937623, -1.2e-05, 0.0, 0.0, 0.0, 1.0],
                [0.989044, -0.037488, -0.142774, 0.124994, 0.009467, -0.949113, 0.314789, -0.002831, -0.14731, -0.312692, -0.938362, -1.2e-05, 0.0, 0.0, 0.0, 1.0],
                [0.989059, -0.037153, -0.142763, 0.124994, 0.009388, -0.949949, 0.312259, -0.002831, -0.147219, -0.310182, -0.939209, -1.2e-05, 0.0, 0.0, 0.0, 1.0],
                [0.989075, -0.036775, -0.142751, 0.124994, 0.0093, -0.950883, 0.309406, -0.002831, -0.147118, -0.307352, -0.940154, -1.2e-05, 0.0, 0.0, 0.0, 1.0],
                [0.989092, -0.036357, -0.142737, 0.124994, 0.009204, -0.951907, 0.306245, -0.002831, -0.147007, -0.304218, -0.941191, -1.2e-05, 0.0, 0.0, 0.0, 1.0],
                [0.989111, -0.035902, -0.142722, 0.124994, 0.0091, -0.953011, 0.302795, -0.002831, -0.146887, -0.300796, -0.942309, -1.2e-05, 0.0, 0.0, 0.0, 1.0],
                [0.989131, -0.03541, -0.142706, 0.124994, 0.008989, -0.954187, 0.299071, -0.002831, -0.146759, -0.297102, -0.9435, -1.2e-05, 0.0, 0.0, 0.0, 1.0],
                [0.989152, -0.034886, -0.142689, 0.124994, 0.008871, -0.955426, 0.295091, -0.002831, -0.146623, -0.293156, -0.944755, -1.2e-05, 0.0, 0.0, 0.0, 1.0],
                [0.989174, -0.034331, -0.142671, 0.124994, 0.008749, -0.956721, 0.290871, -0.002831, -0.146482, -0.288969, -0.946065, -1.2e-05, 0.0, 0.0, 0.0, 1.0],
                [0.989197, -0.033746, -0.142651, 0.124994, 0.008621, -0.958062, 0.286427, -0.002831, -0.146335, -0.284562, -0.947423, -1.2e-05, 0.0, 0.0, 0.0, 1.0],
                [0.989221, -0.033136, -0.142631, 0.124994, 0.008489, -0.95944, 0.281779, -0.002831, -0.146183, -0.279952, -0.948819, -1.2e-05, 0.0, 0.0, 0.0, 1.0],
                [0.989245, -0.032503, -0.14261, 0.124994, 0.008355, -0.960848, 0.276945, -0.00283, -0.146028, -0.275157, -0.950244, -1.2e-05, 0.0, 0.0, 0.0, 1.0],
                [0.98927, -0.031848, -0.142587, 0.124994, 0.008217, -0.962277, 0.271942, -0.002831, -0.145869, -0.270195, -0.951691, -1.2e-05, 0.0, 0.0, 0.0, 1.0],
                [0.989294, -0.031174, -0.142564, 0.124994, 0.008078, -0.96372, 0.26679, -0.002831, -0.145709, -0.265085, -0.953152, -1.2e-05, 0.0, 0.0, 0.0, 1.0],
                [0.989319, -0.030484, -0.14254, 0.124994, 0.007937, -0.965167, 0.261508, -0.002831, -0.145546, -0.259845, -0.954618, -1.2e-05, 0.0, 0.0, 0.0, 1.0],
                [0.989344, -0.029781, -0.142514, 0.124994, 0.007796, -0.966613, 0.256115, -0.002831, -0.145384, -0.254496, -0.956083, -1.2e-05, 0.0, 0.0, 0.0, 1.0],
                [0.989369, -0.029067, -0.142488, 0.124994, 0.007655, -0.96805, 0.250634, -0.002831, -0.145221, -0.249059, -0.957538, -1.2e-05, 0.0, 0.0, 0.0, 1.0],
                [0.989394, -0.028346, -0.14246, 0.124994, 0.007514, -0.969471, 0.245086, -0.002831, -0.145058, -0.243556, -0.958978, -1.2e-05, 0.0, 0.0, 0.0, 1.0],
                [0.989419, -0.027619, -0.142432, 0.124994, 0.007375, -0.970869, 0.23949, -0.002831, -0.144897, -0.238006, -0.960394, -1.2e-05, 0.0, 0.0, 0.0, 1.0],
                [0.989443, -0.02689, -0.142403, 0.124994, 0.007237, -0.972239, 0.233873, -0.002831, -0.144738, -0.232434, -0.961782, -1.2e-05, 0.0, 0.0, 0.0, 1.0],
                [0.989467, -0.026162, -0.142373, 0.124994, 0.007101, -0.973574, 0.228256, -0.002831, -0.144582, -0.226862, -0.963135, -1.2e-05, 0.0, 0.0, 0.0, 1.0],
                [0.98949, -0.025439, -0.142341, 0.124994, 0.006968, -0.974868, 0.222666, -0.002831, -0.144429, -0.221317, -0.964447, -1.2e-05, 0.0, 0.0, 0.0, 1.0],
                [0.989513, -0.024722, -0.14231, 0.124994, 0.006839, -0.976119, 0.217124, -0.00283, -0.144279, -0.21582, -0.965715, -1.2e-05, 0.0, 0.0, 0.0, 1.0],
                [0.989535, -0.024016, -0.142278, 0.124994, 0.006713, -0.977319, 0.211659, -0.002831, -0.144134, -0.210399, -0.966932, -1.2e-05, 0.0, 0.0, 0.0, 1.0],
                [0.989556, -0.023325, -0.142245, 0.124994, 0.006591, -0.978466, 0.206297, -0.002831, -0.143994, -0.20508, -0.968095, -1.2e-05, 0.0, 0.0, 0.0, 1.0],
                [0.989577, -0.02265, -0.142212, 0.124994, 0.006474, -0.979555, 0.201064, -0.002831, -0.143859, -0.199889, -0.9692, -1.2e-05, 0.0, 0.0, 0.0, 1.0],
                [0.989596, -0.021996, -0.142179, 0.124994, 0.006363, -0.980583, 0.19599, -0.002831, -0.14373, -0.194856, -0.970244, -1.2e-05, 0.0, 0.0, 0.0, 1.0],
                [0.989615, -0.021367, -0.142147, 0.124994, 0.006256, -0.981549, 0.191102, -0.002831, -0.143607, -0.190007, -0.971223, -1.2e-05, 0.0, 0.0, 0.0, 1.0],
                [0.989632, -0.020767, -0.142114, 0.124994, 0.006156, -0.982447, 0.186432, -0.002831, -0.143492, -0.185373, -0.972135, -1.2e-05, 0.0, 0.0, 0.0, 1.0],
                [0.989648, -0.020198, -0.142083, 0.124994, 0.006062, -0.983277, 0.182006, -0.002831, -0.143384, -0.180983, -0.972978, -1.2e-05, 0.0, 0.0, 0.0, 1.0],
                [0.989663, -0.019665, -0.142053, 0.124994, 0.005976, -0.984037, 0.177857, -0.002831, -0.143283, -0.176867, -0.97375, -1.2e-05, 0.0, 0.0, 0.0, 1.0],
                [0.989678, -0.019172, -0.142025, 0.124994, 0.005896, -0.984724, 0.174014, -0.002831, -0.143192, -0.173055, -0.974448, -1.2e-05, 0.0, 0.0, 0.0, 1.0],
                [0.989689, -0.018722, -0.141998, 0.124994, 0.005824, -0.985337, 0.17051, -0.002831, -0.143109, -0.169579, -0.975071, -1.2e-05, 0.0, 0.0, 0.0, 1.0],
                [0.989701, -0.01832, -0.141974, 0.124994, 0.00576, -0.985875, 0.167375, -0.00283, -0.143035, -0.166468, -0.975618, -1.2e-05, 0.0, 0.0, 0.0, 1.0],
                [0.98971, -0.01797, -0.141952, 0.124994, 0.005705, -0.986336, 0.16464, -0.002831, -0.142972, -0.163755, -0.976086, -1.2e-05, 0.0, 0.0, 0.0, 1.0],
                [0.989718, -0.017675, -0.141934, 0.124994, 0.005659, -0.986718, 0.162335, -0.002831, -0.142918, -0.161469, -0.976474, -1.2e-05, 0.0, 0.0, 0.0, 1.0],
                [0.989724, -0.017439, -0.141919, 0.124994, 0.005622, -0.987019, 0.160492, -0.002831, -0.142876, -0.159641, -0.976781, -1.2e-05, 0.0, 0.0, 0.0, 1.0],
                [0.989729, -0.017265, -0.141908, 0.124994, 0.005596, -0.987238, 0.15914, -0.002831, -0.142845, -0.158299, -0.977004, -1.2e-05, 0.0, 0.0, 0.0, 1.0],
                [0.989732, -0.017159, -0.141901, 0.124994, 0.005579, -0.987372, 0.15831, -0.002831, -0.142826, -0.157476, -0.97714, -1.2e-05, 0.0, 0.0, 0.0, 1.0],
                [0.989733, -0.017123, -0.141899, 0.124994, 0.005574, -0.987418, 0.158026, -0.002831, -0.14282, -0.157195, -0.977186, -1.2e-05, 0.0, 0.0, 0.0, 1.0],
                [0.989732, -0.017156, -0.141901, 0.124994, 0.005579, -0.987376, 0.158286, -0.002831, -0.142825, -0.157452, -0.977144, -1.2e-05, 0.0, 0.0, 0.0, 1.0],
                [0.989729, -0.017254, -0.141907, 0.124994, 0.005594, -0.987253, 0.159048, -0.002831, -0.142843, -0.158208, -0.977019, -1.2e-05, 0.0, 0.0, 0.0, 1.0],
                [0.989725, -0.017412, -0.141918, 0.124994, 0.005618, -0.987053, 0.160287, -0.002831, -0.142871, -0.159437, -0.976815, -1.2e-05, 0.0, 0.0, 0.0, 1.0],
                [0.989719, -0.017629, -0.141931, 0.124994, 0.005652, -0.986776, 0.161981, -0.002831, -0.14291, -0.161118, -0.976533, -1.2e-05, 0.0, 0.0, 0.0, 1.0],
                [0.989712, -0.017901, -0.141948, 0.124994, 0.005695, -0.986425, 0.164101, -0.002831, -0.142959, -0.163221, -0.976177, -1.2e-05, 0.0, 0.0, 0.0, 1.0],
                [0.989703, -0.018224, -0.141968, 0.124994, 0.005745, -0.986003, 0.16662, -0.002831, -0.143018, -0.16572, -0.975747, -1.2e-05, 0.0, 0.0, 0.0, 1.0],
                [0.989693, -0.018595, -0.141991, 0.124994, 0.005804, -0.985509, 0.169516, -0.00283, -0.143085, -0.168592, -0.975245, -1.2e-05, 0.0, 0.0, 0.0, 1.0],
                [0.989681, -0.019011, -0.142015, 0.124994, 0.00587, -0.984946, 0.172755, -0.002831, -0.143162, -0.171806, -0.974673, -1.2e-05, 0.0, 0.0, 0.0, 1.0],
                [0.989669, -0.019467, -0.142042, 0.124994, 0.005943, -0.984315, 0.176315, -0.002831, -0.143246, -0.175337, -0.974032, -1.2e-05, 0.0, 0.0, 0.0, 1.0],
                [0.989655, -0.019962, -0.14207, 0.124994, 0.006024, -0.983616, 0.180165, -0.002831, -0.143339, -0.179156, -0.973322, -1.2e-05, 0.0, 0.0, 0.0, 1.0],
                [0.98964, -0.02049, -0.142099, 0.124994, 0.00611, -0.982853, 0.184281, -0.00283, -0.143439, -0.183239, -0.972548, -1.2e-05, 0.0, 0.0, 0.0, 1.0],
                [0.989624, -0.021051, -0.14213, 0.124994, 0.006203, -0.982026, 0.188638, -0.002831, -0.143546, -0.187562, -0.971707, -1.2e-05, 0.0, 0.0, 0.0, 1.0],
                [0.989606, -0.021638, -0.142161, 0.124994, 0.006302, -0.981137, 0.193203, -0.002831, -0.14366, -0.19209, -0.970805, -1.2e-05, 0.0, 0.0, 0.0, 1.0],
                [0.989589, -0.02225, -0.142192, 0.124994, 0.006405, -0.980188, 0.197955, -0.002831, -0.14378, -0.196805, -0.969843, -1.2e-05, 0.0, 0.0, 0.0, 1.0],
                [0.98957, -0.022882, -0.142224, 0.124994, 0.006514, -0.979183, 0.202868, -0.002831, -0.143905, -0.201678, -0.968823, -1.2e-05, 0.0, 0.0, 0.0, 1.0],
                [0.98955, -0.023533, -0.142255, 0.124994, 0.006628, -0.978123, 0.207916, -0.002831, -0.144036, -0.206686, -0.967747, -1.2e-05, 0.0, 0.0, 0.0, 1.0],
                [0.989529, -0.024199, -0.142286, 0.124994, 0.006745, -0.977011, 0.213076, -0.00283, -0.144172, -0.211804, -0.96662, -1.2e-05, 0.0, 0.0, 0.0, 1.0],
                [0.989508, -0.024877, -0.142317, 0.124994, 0.006867, -0.97585, 0.218324, -0.002831, -0.144311, -0.21701, -0.965443, -1.2e-05, 0.0, 0.0, 0.0, 1.0],
                [0.989486, -0.025564, -0.142347, 0.124994, 0.006991, -0.974646, 0.223636, -0.002831, -0.144455, -0.22228, -0.964222, -1.2e-05, 0.0, 0.0, 0.0, 1.0],
                [0.989464, -0.026257, -0.142376, 0.124994, 0.007119, -0.973401, 0.228989, -0.002831, -0.144602, -0.227589, -0.962961, -1.2e-05, 0.0, 0.0, 0.0, 1.0],
                [0.989441, -0.026954, -0.142405, 0.124994, 0.007249, -0.972121, 0.234362, -0.00283, -0.144752, -0.232919, -0.961663, -1.2e-05, 0.0, 0.0, 0.0, 1.0],
                [0.989418, -0.027651, -0.142433, 0.124994, 0.007381, -0.970809, 0.239735, -0.002831, -0.144904, -0.238249, -0.960333, -1.2e-05, 0.0, 0.0, 0.0, 1.0],
                [0.989394, -0.028346, -0.14246, 0.124994, 0.007514, -0.969471, 0.245084, -0.002831, -0.145058, -0.243555, -0.958978, -1.2e-05, 0.0, 0.0, 0.0, 1.0],
                [0.989371, -0.029036, -0.142487, 0.124994, 0.007649, -0.968113, 0.250394, -0.002831, -0.145214, -0.248822, -0.957601, -1.2e-05, 0.0, 0.0, 0.0, 1.0],
                [0.989347, -0.029719, -0.142512, 0.124994, 0.007784, -0.966739, 0.255642, -0.002831, -0.145369, -0.254027, -0.95621, -1.2e-05, 0.0, 0.0, 0.0, 1.0],
                [0.989322, -0.030393, -0.142536, 0.124994, 0.007919, -0.965356, 0.26081, -0.00283, -0.145525, -0.259153, -0.95481, -1.2e-05, 0.0, 0.0, 0.0, 1.0],
                [0.989298, -0.031055, -0.14256, 0.124994, 0.008054, -0.963971, 0.26588, -0.002831, -0.145681, -0.264182, -0.953407, -1.2e-05, 0.0, 0.0, 0.0, 1.0],
                [0.989275, -0.031703, -0.142582, 0.124994, 0.008187, -0.96259, 0.270834, -0.002831, -0.145835, -0.269096, -0.952008, -1.2e-05, 0.0, 0.0, 0.0, 1.0],
                [0.989251, -0.032334, -0.142604, 0.124994, 0.008319, -0.961219, 0.275656, -0.002831, -0.145987, -0.273879, -0.95062, -1.2e-05, 0.0, 0.0, 0.0, 1.0],
                [0.989228, -0.032946, -0.142625, 0.124994, 0.008449, -0.959866, 0.280326, -0.002831, -0.146136, -0.278511, -0.94925, -1.2e-05, 0.0, 0.0, 0.0, 1.0],
                [0.989205, -0.033537, -0.142644, 0.124994, 0.008576, -0.958538, 0.284832, -0.00283, -0.146283, -0.282981, -0.947905, -1.2e-05, 0.0, 0.0, 0.0, 1.0],
                [0.989184, -0.034105, -0.142663, 0.124994, 0.008699, -0.957241, 0.289156, -0.002831, -0.146425, -0.287269, -0.946592, -1.2e-05, 0.0, 0.0, 0.0, 1.0],
                [0.989162, -0.034648, -0.142681, 0.124994, 0.008818, -0.955983, 0.293284, -0.002831, -0.146563, -0.291363, -0.945319, -1.2e-05, 0.0, 0.0, 0.0, 1.0],
                [0.989141, -0.035164, -0.142698, 0.124994, 0.008933, -0.954772, 0.297199, -0.002831, -0.146695, -0.295246, -0.944093, -1.2e-05, 0.0, 0.0, 0.0, 1.0],
                [0.989121, -0.03565, -0.142714, 0.124994, 0.009043, -0.953616, 0.300885, -0.00283, -0.146821, -0.298901, -0.942922, -1.2e-05, 0.0, 0.0, 0.0, 1.0],
                [0.989103, -0.036104, -0.142729, 0.124994, 0.009146, -0.952521, 0.30433, -0.002831, -0.14694, -0.302318, -0.941813, -1.2e-05, 0.0, 0.0, 0.0, 1.0],
                [0.989085, -0.036526, -0.142743, 0.124994, 0.009243, -0.951496, 0.307518, -0.002831, -0.147052, -0.30548, -0.940775, -1.2e-05, 0.0, 0.0, 0.0, 1.0],
                [0.989069, -0.036911, -0.142755, 0.124994, 0.009332, -0.950548, 0.310435, -0.002831, -0.147155, -0.308373, -0.939815, -1.2e-05, 0.0, 0.0, 0.0, 1.0],
                [0.989054, -0.03726, -0.142767, 0.124994, 0.009413, -0.949684, 0.313064, -0.002831, -0.147248, -0.310981, -0.93894, -1.2e-05, 0.0, 0.0, 0.0, 1.0],
                [0.989041, -0.037568, -0.142777, 0.124994, 0.009486, -0.948912, 0.315394, -0.00283, -0.147332, -0.313291, -0.938159, -1.2e-05, 0.0, 0.0, 0.0, 1.0],
                [0.98903, -0.037836, -0.142786, 0.124994, 0.009549, -0.948239, 0.317409, -0.002831, -0.147405, -0.31529, -0.937478, -1.2e-05, 0.0, 0.0, 0.0, 1.0],
                [0.98902, -0.038059, -0.142794, 0.124994, 0.009602, -0.947673, 0.319092, -0.002831, -0.147466, -0.316959, -0.936904, -1.2e-05, 0.0, 0.0, 0.0, 1.0],
                [0.989012, -0.038236, -0.142799, 0.124994, 0.009645, -0.947222, 0.320429, -0.002831, -0.147515, -0.318285, -0.936447, -1.2e-05, 0.0, 0.0, 0.0, 1.0],
                [0.989007, -0.038366, -0.142804, 0.124994, 0.009676, -0.946891, 0.321405, -0.002831, -0.147551, -0.319253, -0.936112, -1.2e-05, 0.0, 0.0, 0.0, 1.0],
                [0.989003, -0.038445, -0.142807, 0.124994, 0.009695, -0.946687, 0.322003, -0.002831, -0.147573, -0.319846, -0.935906, -1.2e-05, 0.0, 0.0, 0.0, 1.0],
                [0.989002, -0.038472, -0.142807, 0.124994, 0.009701, -0.946618, 0.322206, -0.002831, -0.14758, -0.320047, -0.935836, -1.2e-05, 0.0, 0.0, 0.0, 1.0]
            ]
        },
        {
            "name": "Leg_R",
            "time": [0.0, 0.0333, 0.0667, 0.1, 0.1333, 0.1667, 0.2, 0.2333, 0.2667, 0.3, 0.3333, 0.3667, 0.4, 0.4333, 0.4667, 0.5, 0.5333, 0.5667, 0.6, 0.6333, 0.6667, 0.7, 0.7333, 0.7667, 0.8, 0.8333, 0.8667, 0.9, 0.9333, 0.9667, 1.0, 1.0333, 1.0667, 1.1, 1.1333, 1.1667, 1.2, 1.2333, 1.2667, 1.3, 1.3333, 1.3667, 1.4, 1.4333, 1.4667, 1.5, 1.5333, 1.5667, 1.6, 1.6333, 1.6667, 1.7, 1.7333, 1.7667, 1.8, 1.8333, 1.8667, 1.9, 1.9333, 1.9667, 2.0, 2.0333, 2.0667, 2.1, 2.1333, 2.1667, 2.2, 2.2333, 2.2667, 2.3, 2.3333, 2.3667, 2.4, 2.4333, 2.4667, 2.5, 2.5333, 2.5667, 2.6, 2.6333, 2.6667, 2.7, 2.7333, 2.7667, 2.8, 2.8333, 2.8667, 2.9, 2.9333, 2.9667, 3.0],
            "transform": [
                [1.0, -1e-06, 1e-06, 0.0, -0.0, 0.698155, 0.715948, 0.374726, -1e-06, -0.71595, 0.698151, -0.0, 0.0, 0.0, 0.0, 1.0],
                [1.0, -1e-06, 1e-06, -0.0, -0.0, 0.698261, 0.715845, 0.374726, -1e-06, -0.715847, 0.698256, 0.0, 0.0, 0.0, 0.0, 1.0],
                [1.0, -1e-06, 1e-06, 0.0, -0.0, 0.698569, 0.715544, 0.374726, -1e-06, -0.715546, 0.698565, 0.0, 0.0, 0.0, 0.0, 1.0],
                [1.0, -1e-06, 1e-06, 0.0, -0.0, 0.699073, 0.715051, 0.374726, -1e-06, -0.715054, 0.699068, 0.0, 0.0, 0.0, 0.0, 1.0],
                [1.0, -0.0, 1e-06, -0.0, -0.0, 0.699767, 0.714373, 0.374726, -1e-06, -0.714375, 0.699761, 0.0, 0.0, 0.0, 0.0, 1.0],
                [1.0, -1e-06, 1e-06, 0.0, -0.0, 0.700638, 0.713518, 0.374726, -1e-06, -0.713521, 0.700633, -0.0, 0.0, 0.0, 0.0, 1.0],
                [1.000001, -1e-06, 1e-06, 0.0, -0.0, 0.701688, 0.712485, 0.374726, -1e-06, -0.712488, 0.701684, -0.0, 0.0, 0.0, 0.0, 1.0],
                [1.0, -0.0, 1e-06, 0.0, -0.0, 0.702907, 0.711283, 0.374726, -1e-06, -0.711286, 0.702902, 0.0, 0.0, 0.0, 0.0, 1.0],
                [1.0, -1e-06, 1e-06, 0.0, -0.0, 0.704289, 0.709914, 0.374726, -1e-06, -0.709917, 0.704284, 0.0, 0.0, 0.0, 0.0, 1.0],
                [1.0, -0.0, 1e-06, 0.0, -0.0, 0.70583, 0.708383, 0.374726, -1e-06, -0.708386, 0.705825, 0.0, 0.0, 0.0, 0.0, 1.0],
                [1.000001, -1e-06, 1e-06, -0.0, -0.0, 0.707522, 0.706693, 0.374726, -1e-06, -0.706695, 0.707518, -0.0, 0.0, 0.0, 0.0, 1.0],
                [1.0, -1e-06, 1e-06, 0.0, -0.0, 0.709363, 0.704845, 0.374726, -1e-06, -0.704847, 0.709358, 0.0, 0.0, 0.0, 0.0, 1.0],
                [1.0, -1e-06, 1e-06, 0.0, -0.0, 0.711344, 0.702845, 0.374726, -1e-06, -0.702848, 0.711339, 0.0, 0.0, 0.0, 0.0, 1.0],
                [1.0, -1e-06, 1e-06, 0.0, -0.0, 0.713462, 0.700695, 0.374726, -1e-06, -0.700697, 0.713458, 0.0, 0.0, 0.0, 0.0, 1.0],
                [1.0, -1e-06, 1e-06, 0.0, -0.0, 0.71571, 0.698398, 0.374726, -1e-06, -0.6984, 0.715706, -0.0, 0.0, 0.0, 0.0, 1.0],
                [1.0, -1e-06, 1e-06, -0.0, -0.0, 0.71808, 0.695961, 0.374726, -1e-06, -0.695964, 0.718076, 0.0, 0.0, 0.0, 0.0, 1.0],
                [1.0, -0.0, 1e-06, 0.0, -0.0, 0.720566, 0.693387, 0.374726, -1e-06, -0.69339, 0.720561, -0.0, 0.0, 0.0, 0.0, 1.0],
                [1.0, -1e-06, 1e-06, 0.0, -0.0, 0.723158, 0.690684, 0.374726, -1e-06, -0.690686, 0.723153, 0.0, 0.0, 0.0, 0.0, 1.0],
                [1.0, -0.0, 1e-06, 0.0, -0.0, 0.725849, 0.687855, 0.374726, -1e-06, -0.687858, 0.725844, 0.0, 0.0, 0.0, 0.0, 1.0],
                [1.000001, -1e-06, 1e-06, -0.0, -0.0, 0.728629, 0.68491, 0.374726, -1e-06, -0.684912, 0.728624, -0.0, 0.0, 0.0, 0.0, 1.0],
                [1.0, -0.0, 1e-06, -0.0, -0.0, 0.73149, 0.681853, 0.374726, -1e-06, -0.681856, 0.731485, 0.0, 0.0, 0.0, 0.0, 1.0],
                [1.0, -0.0, 1e-06, 0.0, -0.0, 0.73442, 0.678697, 0.374726, -1e-06, -0.678699, 0.734415, -0.0, 0.0, 0.0, 0.0, 1.0],
                [1.0, -0.0, 1e-06, 0.0, -0.0, 0.737405, 0.675452, 0.374726, -1e-06, -0.675454, 0.737401, 0.0, 0.0, 0.0, 0.0, 1.0],
                [1.0, -0.0, 1e-06, -0.0, -0.0, 0.74044, 0.672124, 0.374726, -1e-06, -0.672127, 0.740435, -0.0, 0.0, 0.0, 0.0, 1.0],
                [1.0, -0.0, 1e-06, 0.0, -0.0, 0.743505, 0.668732, 0.374726, -1e-06, -0.668734, 0.7435, 0.0, 0.0, 0.0, 0.0, 1.0],
                [1.0, -0.0, 1e-06, -0.0, -0.0, 0.746592, 0.665284, 0.374726, -1e-06, -0.665287, 0.746587, -0.0, 0.0, 0.0, 0.0, 1.0],
                [1.0, -0.0, 1e-06, 0.0, -0.0, 0.74968, 0.661802, 0.374726, -1e-06, -0.661805, 0.749675, -0.0, 0.0, 0.0, 0.0, 1.0],
                [1.0, -0.0, 1e-06, 0.0, -0.0, 0.75276, 0.658296, 0.374726, -1e-06, -0.658298, 0.752755, 0.0, 0.0, 0.0, 0.0, 1.0],
                [1.0, -0.0, 1e-06, -0.0, -0.0, 0.755815, 0.654786, 0.374726, -1e-06, -0.654789, 0.75581, -0.0, 0.0, 0.0, 0.0, 1.0],
                [1.0, -0.0, 1e-06, -0.0, -0.0, 0.758826, 0.651295, 0.374726, -1e-06, -0.651297, 0.758821, -0.0, 0.0, 0.0, 0.0, 1.0],
                [1.0, -0.0, 1e-06, 0.0, -0.0, 0.761781, 0.647837, 0.374726, -1e-06, -0.647839, 0.761775, 0.0, 0.0, 0.0, 0.0, 1.0],
                [1.000001, -1e-06, 1e-06, 0.0, -0.0, 0.764656, 0.644441, 0.374726, -1e-06, -0.644443, 0.76465, -0.0, 0.0, 0.0, 0.0, 1.0],
                [1.0, -0.0, 1e-06, 0.0, -0.0, 0.767438, 0.641125, 0.374726, -1e-06, -0.641128, 0.767433, 0.0, 0.0, 0.0, 0.0, 1.0],
                [1.0, -0.0, 1e-06, -0.0, -0.0, 0.770105, 0.637919, 0.374726, -1e-06, -0.637921, 0.770099, -0.0, 0.0, 0.0, 0.0, 1.0],
                [1.0, -0.0, 1e-06, 0.0, -0.0, 0.772642, 0.634845, 0.374726, -1e-06, -0.634847, 0.772636, 0.0, 0.0, 0.0, 0.0, 1.0],
                [1.0, -0.0, 1e-06, -0.0, -0.0, 0.775027, 0.631931, 0.374727, -1e-06, -0.631933, 0.775021, 0.0, 0.0, 0.0, 0.0, 1.0],
                [1.0, -0.0, 1e-06, 0.0, -0.0, 0.777242, 0.629204, 0.374726, -1e-06, -0.629207, 0.777236, -0.0, 0.0, 0.0, 0.0, 1.0],
                [1.0, -1e-06, 1e-06, 0.0, -0.0, 0.779266, 0.626696, 0.374726, -1e-06, -0.626699, 0.77926, 0.0, 0.0, 0.0, 0.0, 1.0],
                [1.0, -1e-06, 1e-06, -0.0, -0.0, 0.781081, 0.624433, 0.374726, -1e-06, -0.624436, 0.781074, 0.0, 0.0, 0.0, 0.0, 1.0],
                [1.0, -0.0, 1e-06, 0.0, -0.0, 0.782665, 0.622445, 0.374726, -1e-06, -0.622448, 0.78266, 0.0, 0.0, 0.0, 0.0, 1.0],
                [1.0, -0.0, 1e-06, 0.0, -0.0, 0.784003, 0.620759, 0.374726, -1e-06, -0.620761, 0.783998, -0.0, 0.0, 0.0, 0.0, 1.0],
                [1.0, -0.0, 1e-06, 0.0, -0.0, 0.785074, 0.619404, 0.374726, -1e-06, -0.619406, 0.785069, 0.0, 0.0, 0.0, 0.0, 1.0],
                [1.0, -0.0, 1e-06, 0.0, -0.0, 0.785861, 0.618405, 0.374726, -1e-06, -0.618408, 0.785855, 0.0, 0.0, 0.0, 0.0, 1.0],
                [1.000001, -0.0, 1e-06, -0.0, -0.0, 0.786344, 0.617792, 0.374726, -1e-06, -0.617794, 0.786339, 0.0, 0.0, 0.0, 0.0, 1.0],
                [1.0, -0.0, 1e-06, 0.0, -0.0, 0.786509, 0.617582, 0.374726, -1e-06, -0.617584, 0.786503, 0.0, 0.0, 0.0, 0.0, 1.0],
                [1.0, -0.0, 1e-06, 0.0, -0.0, 0.786358, 0.617774, 0.374726, -1e-06, -0.617776, 0.786352, 0.0, 0.0, 0.0, 0.0, 1.0],
                [1.0, -0.0, 1e-06, 0.0, -0.0, 0.785914, 0.618338, 0.374726, -1e-06, -0.618341, 0.785909, 0.0, 0.0, 0.0, 0.0, 1.0],
                [1.000001, -0.0, 1e-06, 0.0, -0.0, 0.785195, 0.619252, 0.374726, -1e-06, -0.619254, 0.785189, -0.0, 0.0, 0.0, 0.0, 1.0],
                [1.0, -0.0, 1e-06, 0.0, -0.0, 0.784208, 0.6205, 0.374726, -1e-06, -0.620502, 0.784203, 0.0, 0.0, 0.0, 0.0, 1.0],
                [1.0, -0.0, 1e-06, 0.0, -0.0, 0.782978, 0.622052, 0.374726, -1e-06, -0.622055, 0.782972, -0.0, 0.0, 0.0, 0.0, 1.0],
                [1.0, -0.0, 1e-06, 0.0, -0.0, 0.781518, 0.623885, 0.374726, -1e-06, -0.623888, 0.781512, 0.0, 0.0, 0.0, 0.0, 1.0],
                [1.0, -0.0, 1e-06, 0.0, -0.0, 0.77984, 0.625981, 0.374726, -1e-06, -0.625984, 0.779834, 0.0, 0.0, 0.0, 0.0, 1.0],
                [1.000001, -0.0, 1e-06, -0.0, -0.0, 0.777968, 0.628306, 0.374726, -1e-06, -0.628309, 0.777962, 0.0, 0.0, 0.0, 0.0, 1.0],
                [1.0, -0.0, 1e-06, 0.0, -0.0, 0.775915, 0.63084, 0.374726, -1e-06, -0.630842, 0.77591, 0.0, 0.0, 0.0, 0.0, 1.0],
                [1.0, -0.0, 1e-06, -0.0, -0.0, 0.7737, 0.633554, 0.374727, -1e-06, -0.633556, 0.773695, -0.0, 0.0, 0.0, 0.0, 1.0],
                [1.0, -1e-06, 1e-06, 0.0, -0.0, 0.771339, 0.636427, 0.374726, -1e-06, -0.636429, 0.771333, -0.0, 0.0, 0.0, 0.0, 1.0],
                [1.0, -0.0, 1e-06, 0.0, -0.0, 0.768843, 0.63944, 0.374726, -1e-06, -0.639443, 0.768837, 0.0, 0.0, 0.0, 0.0, 1.0],
                [1.0, -0.0, 1e-06, 0.0, -0.0, 0.766241, 0.642554, 0.374726, -1e-06, -0.642557, 0.766236, -0.0, 0.0, 0.0, 0.0, 1.0],
                [1.0, -0.0, 1e-06, 0.0, -0.0, 0.763541, 0.645762, 0.374726, -1e-06, -0.645764, 0.763535, 0.0, 0.0, 0.0, 0.0, 1.0],
                [1.0, -0.0, 1e-06, 0.0, -0.0, 0.760761, 0.649034, 0.374726, -1e-06, -0.649036, 0.760756, 0.0, 0.0, 0.0, 0.0, 1.0],
                [1.0, -0.0, 1e-06, -0.0, -0.0, 0.757916, 0.652354, 0.374726, -1e-06, -0.652356, 0.75791, -0.0, 0.0, 0.0, 0.0, 1.0],
                [1.0, -0.0, 1e-06, 0.0, -0.0, 0.755022, 0.655702, 0.374726, -1e-06, -0.655704, 0.755016, -0.0, 0.0, 0.0, 0.0, 1.0],
